-2.846594 -2.842555 -2.857717 -2.869845 -2.855953
-2.862373 -2.840398 -2.852488 -2.836625 -2.854288
-2.838948 -2.771599 -2.752673 -2.801057 -2.783924
-2.85231 -2.898955 -2.842531 -2.83521 -2.821286
-2.77752 -2.816808 -2.892712 -2.831651 -2.832743
-2.805476 -2.850658 -2.795068 -2.8017 -2.762156
-2.840659 -2.832766 -2.867069 -2.860609 -2.902089
-2.855803 -2.816544 -2.857745 -2.791096 -2.875959
-2.833154 -2.91549 -2.781601 -2.903238 -2.839397
-2.850608 -2.856883 -2.886144 -2.858978 -2.830724
-2.815324 -2.930903 -2.753127 -2.840842 -2.864915
-2.868289 -2.813236 -2.786839 -2.773095 -2.764349
-2.900248 -2.875767 -2.826811 -2.820199 -2.818907
-2.865187 -2.84968 -2.895122 -2.838592 -2.910063
-2.872491 -2.800123 -2.85054 -2.865633 -2.797305
-2.732764 -2.840447 -2.900667 -2.874052 -2.83092
-2.854604 -2.782955 -2.849992 -2.830518 -2.853473
-2.866089 -2.860545 -2.832572 -2.874081 -2.884065
-2.831503 -2.837674 -2.795911 -2.849783 -2.832129
-2.841781 -2.811807 -2.828583 -2.848809 -2.825842
-2.875268 -2.861818 -2.864935 -2.835684 -2.860247
-2.853067 -2.874697 -2.849704 -2.841165 -2.888462
-2.819483 -2.799242 -2.925893 -2.820455 -2.824913
-2.913109 -2.819231 -2.800357 -2.890023 -2.870773
-2.910987 -2.862919 -2.838804 -2.766643 -2.791516
-2.858252 -2.841016 -2.883468 -2.900242 -2.756343
-2.779748 -2.841597 -2.763527 -2.862906 -2.794911
-2.827032 -2.968359 -2.87921 -2.862224 -2.84713
-2.758393 -2.858244 -2.791686 -2.834714 -2.786448
-2.843042 -2.810552 -2.849282 -2.822106 -2.873416
-2.871329 -2.865015 -2.755302 -2.861445 -2.899089
-2.821475 -2.911421 -2.870727 -2.853039 -2.815554
-2.920605 -2.862545 -2.846642 -2.805602 -2.84824
-2.815196 -2.898803 -2.847428 -2.840358 -2.849054
-2.826921 -2.816741 -2.814908 -2.889822 -2.859729
-2.865537 -2.923029 -2.684646 -2.883918 -2.914416
-2.784555 -2.92002 -2.816226 -2.779692 -2.868704
-2.890785 -2.765376 -2.875568 -2.741591 -2.804148
-2.829031 -2.849739 -2.795872 -2.827228 -2.814688
-2.805443 -2.888729 -2.848312 -2.878709 -2.836198
-2.728012
