-2.820811 -2.796881 -2.827287 -2.806026 -2.710713
-2.799629 -2.820349 -2.81128 -2.850604 -2.815508
-2.797332 -2.847039 -2.781096 -2.848957 -2.844181
-2.799159 -2.768388 -2.810499 -2.818031 -2.773963
-2.830503 -2.823951 -2.771752 -2.872848 -2.825232
-2.801949 -2.744381 -2.83974 -2.85015 -2.807568
-2.813459 -2.837295 -2.476036 -2.838803 -2.791897
-2.836955 -2.839252 -2.77945 -2.81158 -2.740693
-2.780874 -2.846473 -2.801752 -2.791787 -2.824336
-2.780783 -2.796196 -2.868542 -2.779302 -2.813881
-2.836863 -2.770361 -2.827613 -2.757554 -2.799944
-2.832615 -2.871156 -2.757377 -2.832757 -2.784741
-2.790201 -2.856988 -2.784277 -2.819557 -2.786455
-2.793088 -2.800659 -2.833006 -2.785391 -2.78656
-2.852195 -2.776027 -2.81831 -2.802642 -2.787023
-2.776623 -2.774108 -2.607185 -2.792205 -2.814341
-2.787868 -2.825998 -2.802623 -2.83656 -2.792181
-2.851617 -2.81907 -2.796845 -2.856426 -2.834771
-2.853987 -2.810332 -2.840486 -2.821376 -2.843768
-2.766111 -2.804593 -2.812138 -2.799912 -2.791579
-2.823305 -2.802479 -2.811355 -2.825517 -2.800228
-2.640834 -2.779498 -2.840825 -2.855835 -2.836282
-2.817751 -2.79524 -2.848496 -2.739966 -2.801695
-2.783093 -2.809469 -2.804062 -2.833206 -2.821501
-2.796263 -2.763573 -2.80827 -2.713754 -2.80515
-2.778771 -2.82183 -2.807333 -2.785319 -2.830572
-2.788325 -2.832321 -2.806286 -2.807331 -2.773756
-2.839168 -2.826805 -2.824902 -2.776292 -2.804152
-2.813941 -2.8422 -2.764305 -2.849251 -2.774274
-2.798598 -2.807415 -2.845232 -2.751607 -2.750386
-2.861326 -2.765162 -2.833613 -2.547186 -2.812232
-2.811599 -2.828571 -2.791907 -2.770245 -2.840829
-2.842121 -2.825981 -2.790572 -2.823937 -2.79299
-2.790607 -2.753319 -2.782563 -2.839799 -2.876659
-2.808585 -2.83979 -2.796011 -2.740741 -2.811248
-2.795009 -2.760809 -2.804206 -2.803054 -2.770918
-2.854903 -2.825543 -2.740366 -2.838411 -2.810635
-2.779244 -2.798688 -2.759454 -2.81169 -2.833364
-2.784847 -2.799572 -2.80388 -2.788269 -2.815908
-2.785983 -2.806281 -2.78845 -2.544804 -2.751829
-2.864551
