-2.882191 -2.840055 -2.874118 -2.823594 -2.864506
-2.870651 -2.852498 -2.873357 -2.875677 -2.825113
-2.907592 -2.833248 -2.862487 -2.897239 -2.863581
-2.906417 -2.883678 -2.881792 -2.881698 -2.846072
-2.863442 -2.869916 -2.928302 -2.893608 -2.860232
-2.833585 -2.595145 -2.91801 -2.870339 -2.883542
-2.879329 -2.885875 -2.85956 -2.873302 -2.82867
-2.892513 -2.8702 -2.836444 -2.887758 -2.874181
-2.889029 -2.86532 -2.875581 -2.873095 -2.90044
-2.835187 -2.846655 -2.902373 -2.86488 -2.871695
-2.897013 -2.910185 -2.85719 -2.873796 -2.87596
-2.870819 -2.842725 -2.867629 -2.85388 -2.828387
-2.941353 -2.888933 -2.850988 -2.851302 -2.893748
-2.907922 -2.811125 -2.854238 -2.893534 -2.856397
-2.885085 -2.90349 -2.89837 -2.887422 -2.873031
-2.84991 -2.85457 -2.848472 -2.909855 -2.872966
-2.863976 -2.85284 -2.860992 -2.887918 -2.909102
-2.910487 -2.898486 -2.905481 -2.836387 -2.820426
-2.891591 -2.877286 -2.875854 -2.842668 -2.913731
-2.921293 -2.838282 -2.87482 -2.874144 -2.905839
-2.87974 -2.843486 -2.881851 -2.880867 -2.884673
-2.894074 -2.862462 -2.887529 -2.914203 -2.444289
-2.871206 -2.921865 -2.896032 -2.864106 -2.903281
-2.907155 -2.841533 -2.851055 -2.924789 -2.865443
-2.862967 -2.920951 -2.826948 -2.870356 -2.850174
-2.84579 -2.914741 -2.888684 -2.852213 -2.790659
-2.92564 -2.893765 -2.903365 -2.867008 -2.838921
-2.884436 -2.866316 -2.864955 -2.861439 -2.877226
-2.906194 -2.858242 -2.825214 -2.853871 -2.895011
-2.866614 -2.927959 -2.888089 -2.605718 -2.587643
-2.776028 -2.845131 -2.880895 -2.905927 -2.881171
-2.861171 -2.930142 -2.822678 -2.891023 -2.836625
-2.863268 -2.896838 -2.845821 -2.884058 -2.878549
-2.860785 -2.88848 -2.885629 -2.884456 -2.845585
-2.901875 -2.85082 -2.87373 -2.85676 -2.871737
-2.888738 -2.847271 -2.869351 -2.863271 -2.848735
-2.827016 -2.918538 -2.901322 -2.854442 -2.831272
-2.868166 -2.838574 -2.880482 -2.870374 -2.858917
-2.901324 -2.908307 -2.888897 -2.876274 -2.853457
-2.914665 -2.882382 -2.837215 -2.879234 -2.883906
-2.830853
