-2.856413 -2.836482 -2.814279 -2.857856 -2.832427
-2.826211 -2.819165 -2.79989 -2.825492 -2.784436
-2.850614 -2.857816 -2.855317 -2.778648 -2.822439
-2.86042 -2.864177 -2.810513 -2.907678 -2.798279
-2.803083 -2.857688 -2.857252 -2.824827 -2.795289
-2.864648 -2.829193 -2.865632 -2.805769 -2.855037
-2.896267 -2.873826 -2.896338 -2.923928 -2.901686
-2.837185 -2.871035 -2.825198 -2.81535 -2.927544
-2.942044 -2.894701 -2.850931 -2.869452 -2.797034
-2.965657 -2.833287 -2.832595 -2.802407 -2.759481
-2.755257 -2.878276 -2.752967 -2.843174 -2.811564
-2.886962 -2.895946 -2.851302 -2.846903 -2.90024
-2.771409 -2.794933 -2.871768 -2.841969 -2.829608
-2.901589 -2.88339 -2.800105 -2.880829 -2.811565
-2.841135 -2.838733 -2.775769 -2.87576 -2.823036
-2.88818 -2.86002 -2.719396 -2.7057 -2.79132
-2.933368 -2.720683 -2.869268 -2.794657 -2.857169
-2.859361 -2.838712 -2.753382 -2.881115 -2.841191
-2.813009 -2.788755 -2.840943 -2.946195 -2.791313
-2.804377 -2.813719 -2.909423 -2.911237 -2.87775
-2.755783 -2.894615 -2.7869 -2.921959 -2.802877
-2.917492 -2.805218 -2.795385 -2.830363 -2.83554
-2.918348 -2.861246 -2.919305 -2.823332 -2.870844
-2.914461 -2.839118 -2.866996 -2.824371 -2.827882
-2.789743 -2.790607 -2.937854 -2.910123 -2.816701
-2.911974 -2.899085 -2.805168 -2.803736 -2.879558
-2.930397 -2.867497 -2.871312 -2.914576 -2.776776
-2.791865 -2.868206 -2.878976 -2.89706 -2.834796
-2.822033 -2.859207 -2.848022 -2.546072 -2.900672
-2.829825 -2.841007 -2.83363 -2.813353 -2.916255
-2.894538 -2.841467 -2.906108 -2.821639 -2.801469
-2.868262 -2.788996 -2.891894 -2.820148 -2.864746
-2.888934 -2.885468 -2.7839 -2.792058 -2.858926
-2.859317 -2.82254 -2.9091 -2.871868 -2.822162
-2.894554 -2.804778 -2.798076 -2.728988 -2.773488
-2.7717 -2.841749 -2.893526 -2.818489 -2.590228
-2.844094 -2.848483 -2.814819 -2.89402 -2.860581
-2.774524 -2.82136 -2.856738 -2.908859 -2.846517
-2.875297 -2.827922 -2.864384 -2.900076 -2.893165
-2.853437 -2.906082 -2.873112 -2.79325 -2.859017
-2.883523
