-2.816326 -2.806807 -2.781807 -2.842876 -2.810746
-2.789343 -2.753545 -2.784376 -2.744829 -2.862928
-2.817176 -2.894935 -2.814506 -2.772823 -2.770377
-2.904791 -2.840367 -2.756213 -2.792265 -2.833724
-2.803005 -2.835234 -2.810281 -2.771479 -2.833504
-2.798267 -2.589977 -2.839648 -2.805966 -2.816211
-2.819223 -2.801167 -2.811547 -2.794605 -2.821528
-2.780049 -2.773156 -2.782317 -2.759335 -2.820661
-2.78575 -2.868458 -2.839221 -2.796116 -2.839668
-2.83507 -2.843088 -2.796963 -2.693207 -2.807159
-2.782306 -2.740616 -2.826982 -2.839935 -2.799808
-2.885468 -2.850679 -2.785472 -2.777997 -2.795523
-2.847483 -2.788987 -2.842923 -2.787255 -2.79553
-2.75419 -2.882763 -2.775852 -2.748205 -2.823401
-2.775963 -2.800263 -2.785265 -2.795273 -2.766766
-2.809571 -2.764877 -2.749746 -2.764149 -2.850981
-2.814365 -2.78271 -2.800682 -2.796397 -2.76813
-2.809977 -2.721901 -2.82186 -2.781689 -2.810968
-2.778616 -2.801187 -2.764111 -2.75247 -2.806774
-2.84485 -2.793829 -2.807402 -2.816263 -2.880405
-2.779885 -2.870093 -2.853353 -2.816025 -2.743374
-2.807657 -2.755246 -2.753739 -2.863583 -2.778288
-2.753201 -2.884594 -2.886341 -2.798047 -2.803131
-2.779456 -2.807761 -2.761344 -2.741099 -2.773708
-2.806109 -2.822174 -2.886713 -2.801932 -2.85761
-2.812917 -2.708884 -2.799868 -2.82654 -2.77997
-2.860908 -2.807403 -2.86548 -2.819604 -2.728479
-2.774573 -2.780195 -2.732493 -2.839749 -2.744719
-2.731163 -2.870701 -2.856991 -2.881021 -2.789688
-2.779045 -2.845542 -2.774267 -2.719073 -2.847566
-2.785854 -2.786353 -2.84905 -2.781649 -2.801171
-2.842926 -2.825442 -2.822135 -2.726159 -2.775232
-2.789423 -2.84743 -2.859448 -2.745222 -2.741143
-2.802843 -2.751024 -2.847437 -2.7928 -2.846832
-2.847564 -2.75021 -2.830158 -2.778895 -2.8077
-2.778174 -2.76773 -2.841498 -2.882215 -2.764071
-2.765755 -2.860422 -2.755473 -2.722429 -2.774888
-2.86587 -2.83731 -2.870675 -2.802158 -2.736619
-2.769523 -2.803685 -2.815387 -2.816996 -2.862825
-2.846386 -2.737855 -2.760806 -2.759901 -2.784084
-2.821616
