-2.911969 -2.922042 -2.930189 -2.944559 -2.906413
-2.914844 -2.850349 -2.895961 -2.877282 -2.961708
-2.888451 -2.925244 -2.912361 -2.94693 -2.900805
-2.952184 -2.93541 -2.919609 -2.929118 -2.94708
-2.862633 -2.916533 -2.919761 -2.931838 -2.90514
-2.910123 -2.924399 -2.900194 -2.885196 -2.892537
-2.896993 -2.90868 -2.898622 -2.89188 -2.910682
-2.913446 -2.911281 -2.916725 -2.917531 -2.932487
-2.84957 -2.892517 -2.859898 -2.93352 -2.892072
-2.898006 -2.969041 -2.86903 -2.912476 -2.862725
-2.879547 -2.854589 -2.906593 -2.922083 -2.890296
-2.883296 -2.899506 -2.914595 -2.914427 -2.887772
-2.95413 -2.897568 -2.891273 -2.889083 -2.91212
-2.890888 -2.954942 -2.910373 -2.909106 -2.891988
-2.898962 -2.869809 -2.911066 -2.939355 -2.896379
-2.929313 -2.88463 -2.930189 -2.922515 -2.88715
-2.921407 -2.921013 -2.923728 -2.893843 -2.948238
-2.892472 -2.907512 -2.947444 -2.960226 -2.898349
-2.937698 -2.908205 -2.893461 -2.853409 -2.922933
-2.905707 -2.880568 -2.876168 -2.916116 -2.893787
-2.998973 -2.899567 -2.972728 -2.93492 -2.913533
-2.921213 -2.914188 -2.912981 -2.918432 -2.907256
-2.867923 -2.927732 -2.880321 -2.916967 -2.924618
-2.895544 -2.850036 -2.875329 -2.880124 -2.934131
-2.928137 -2.953698 -2.907939 -2.890895 -2.890172
-2.922564 -2.872083 -2.882473 -2.916596 -2.86743
-2.88468 -2.930786 -2.902814 -2.892418 -2.873413
-2.92474 -2.914573 -2.936996 -2.904132 -2.866415
-2.828002 -2.927545 -2.941777 -2.951396 -2.879857
-2.912925 -2.893453 -2.88264 -2.948619 -2.900067
-2.919952 -2.883749 -2.929611 -2.934118 -2.93649
-2.892004 -2.873777 -2.902658 -2.899743 -2.906502
-2.914627 -2.846679 -2.873601 -2.931968 -2.911084
-2.887716 -2.86454 -2.97567 -2.916811 -2.889045
-2.892163 -2.929046 -2.913294 -2.960069 -2.944484
-2.89958 -2.8708 -2.926428 -2.915382 -2.939188
-2.884092 -2.874052 -2.927207 -2.858929 -2.873853
-2.895865 -2.91701 -2.90937 -2.861464 -2.903702
-2.929144 -2.952926 -2.905239 -2.928312 -2.884756
-2.938622 -2.950062 -2.897728 -2.891284 -2.844674
-2.886721
