-2.890256 -2.911716 -2.862725 -2.871345 -2.845436
-2.892404 -2.839121 -2.89351 -2.962524 -2.977411
-2.859814 -2.81012 -2.935276 -2.842446 -2.853971
-2.843664 -2.792575 -2.853427 -2.853049 -2.847658
-2.891423 -2.861056 -2.83718 -2.859483 -2.858499
-2.902353 -2.897023 -2.900317 -2.994972 -2.925476
-2.810218 -2.871586 -2.917226 -2.907814 -2.838377
-2.842664 -2.935855 -2.905013 -2.895873 -2.853989
-2.853603 -2.924673 -2.854261 -2.847003 -2.91176
-2.773006 -2.811901 -2.911997 -2.915191 -2.803971
-2.947839 -2.873966 -2.783316 -2.934256 -2.901738
-2.935771 -2.868364 -2.891252 -2.72434 -2.936687
-2.878789 -2.955604 -2.900627 -2.835826 -2.937535
-2.865214 -2.915831 -2.894802 -2.924325 -2.895161
-2.801212 -2.897606 -2.841366 -2.874288 -2.896541
-2.906761 -2.835724 -2.854001 -2.949537 -2.898292
-2.936383 -2.943116 -2.953339 -2.958804 -2.880159
-2.936061 -2.975839 -2.841558 -2.903689 -2.820921
-2.934174 -2.890977 -2.827471 -2.802768 -2.852391
-2.948508 -2.857434 -2.851939 -2.81156 -2.913035
-2.976857 -2.904276 -2.901654 -2.886557 -2.827498
-2.860392 -2.880771 -2.880198 -2.878632 -2.963115
-2.950122 -2.910614 -2.895311 -2.85872 -2.893366
-2.842228 -2.84706 -2.859678 -2.848382 -2.915641
-2.876463 -2.91544 -2.80653 -2.911665 -2.899725
-2.869084 -2.904047 -2.888399 -2.902008 -2.85605
-2.876008 -2.925374 -2.911178 -2.868912 -2.949839
-2.851806 -2.911228 -2.806725 -2.885264 -2.793641
-2.814797 -2.962807 -2.869515 -2.861462 -2.941853
-2.801374 -2.845614 -2.857337 -2.862956 -2.881981
-2.766407 -2.859001 -2.86283 -2.850045 -2.918256
-2.830121 -2.879648 -2.812716 -2.869023 -2.955047
-2.922784 -2.943507 -2.871216 -2.857524 -2.859548
-2.917506 -2.901014 -2.849972 -2.921827 -2.721202
-2.870855 -2.968066 -2.909462 -2.886567 -2.867933
-2.874376 -2.837172 -2.960644 -2.917557 -2.851435
-2.858534 -2.795748 -2.884171 -2.924025 -2.800392
-2.970258 -2.821698 -2.972104 -2.79226 -2.889472
-2.854715 -2.91205 -2.86104 -2.880234 -2.884382
-2.945018 -2.86159 -2.855753 -2.828866 -2.767379
-2.922109
