-2.873767 -2.876002 -2.80243 -2.914058 -2.827867
-2.936847 -2.806559 -2.85999 -2.916332 -2.969414
-2.871371 -2.832893 -2.821711 -2.920959 -2.884319
-2.886133 -2.962591 -2.903559 -2.784268 -2.765015
-2.899735 -2.897319 -2.821413 -2.872695 -2.854508
-2.874996 -2.851397 -2.905097 -2.805523 -2.86955
-2.895588 -2.8409 -2.882539 -2.839874 -2.859374
-2.871844 -2.871616 -2.846597 -2.867896 -2.835732
-2.837287 -2.882959 -2.927736 -2.834275 -2.872492
-2.856543 -2.862446 -2.844366 -2.911952 -2.860337
-2.903478 -2.855061 -2.891456 -2.87599 -2.891112
-2.911905 -2.845062 -2.797644 -2.856513 -2.840045
-2.964144 -2.878522 -2.955326 -2.896951 -2.91397
-2.839985 -2.886307 -2.873552 -2.844113 -2.793033
-2.83303 -2.89939 -2.880196 -2.84512 -2.908488
-2.835109 -2.914592 -2.884302 -2.854243 -2.971653
-2.932623 -2.840169 -2.825552 -2.856648 -2.855363
-2.919293 -2.857466 -2.828948 -2.889276 -2.818204
-2.88681 -2.905121 -2.963508 -2.87781 -2.828993
-2.864897 -2.848131 -2.769893 -2.872089 -2.947196
-2.928421 -2.890985 -2.884104 -2.783585 -2.844992
-2.839713 -2.807877 -2.865138 -2.874707 -2.898792
-2.885512 -2.876967 -2.890285 -2.912896 -2.893278
-2.893098 -2.70755 -2.898724 -2.831607 -2.944486
-2.861559 -2.896346 -2.849501 -2.864161 -2.886744
-2.881176 -2.850222 -2.854024 -2.968267 -2.840953
-2.814673 -2.901441 -2.816366 -2.956767 -2.803192
-2.796322 -2.830177 -2.819873 -2.873485 -2.881306
-2.895148 -2.859573 -2.774576 -2.826071 -2.869091
-2.854589 -2.880919 -2.875755 -2.779636 -2.922355
-2.824787 -2.857126 -2.924728 -2.736139 -2.909536
-2.974646 -2.94568 -2.862878 -2.927701 -2.898102
-2.774048 -2.847197 -2.921216 -2.914693 -2.856689
-2.88173 -2.884648 -2.901219 -2.89759 -2.907738
-2.861552 -3.009373 -2.867409 -2.834105 -2.827179
-2.834592 -2.783904 -2.875613 -2.82952 -2.87356
-2.834666 -2.93525 -2.82361 -2.894306 -2.885288
-2.802967 -2.890446 -2.901975 -2.832975 -2.843652
-2.788363 -2.870278 -2.870141 -2.989297 -2.913082
-2.822256 -2.844978 -2.854729 -2.817369 -2.862999
-2.890368
