-2.934164 -2.899425 -2.935873 -2.923285 -2.882615
-3.004909 -2.921779 -3.017042 -2.966302 -2.890994
-2.942196 -2.954669 -2.932066 -2.879476 -2.901722
-2.999883 -2.972241 -2.892635 -2.920358 -2.897191
-2.915719 -2.936185 -2.818818 -2.960465 -2.909543
-2.909803 -2.955446 -2.975327 -3.033848 -2.916969
-2.927245 -2.933224 -2.916958 -2.844513 -2.881495
-2.954264 -2.936044 -2.946494 -2.861518 -2.848426
-2.882368 -2.867977 -2.915219 -3.031061 -2.920609
-2.932098 -2.908958 -2.969319 -2.87581 -2.987166
-2.868559 -2.89115 -2.909981 -2.81197 -2.883085
-2.917204 -2.970798 -2.902489 -2.903171 -2.969271
-3.032331 -2.89254 -2.920032 -2.821263 -2.922725
-2.95382 -2.904896 -2.920597 -2.969052 -2.908882
-2.926445 -2.894192 -2.943491 -2.857145 -2.858176
-3.014722 -2.939236 -2.985366 -2.909716 -2.962833
-2.861029 -2.915402 -3.010269 -2.869642 -2.972048
-2.918609 -2.908738 -2.961731 -2.881227 -2.98513
-2.784948 -2.882662 -2.893343 -3.001312 -2.927928
-2.894633 -2.632427 -2.924754 -2.937955 -2.924508
-2.941338 -2.916526 -2.73703 -3.011675 -2.92607
-2.930684 -2.944576 -2.903986 -2.951422 -3.017802
-2.8308 -2.988881 -2.946781 -2.876167 -2.931121
-3.011427 -2.883747 -2.975742 -2.835128 -2.867542
-2.924132 -2.88911 -2.899859 -2.829414 -2.930099
-2.887247 -2.846046 -2.932072 -2.939937 -2.926869
-2.904437 -2.881515 -2.879281 -2.835743 -2.964491
-2.897406 -2.972878 -2.9569 -2.990348 -2.953215
-2.972327 -2.955856 -2.882373 -2.93573 -2.776802
-2.867184 -2.925312 -2.94287 -2.900468 -2.939549
-3.040713 -2.887805 -2.919268 -3.010123 -2.88523
-2.942654 -2.947715 -2.854602 -2.926088 -2.835453
-2.939765 -2.939729 -2.929514 -2.943735 -2.944296
-2.93922 -3.01105 -2.956869 -2.957376 -2.948405
-2.770329 -2.971776 -2.970449 -2.848707 -2.995168
-2.848067 -2.930214 -2.966688 -2.978745 -2.966596
-2.897468 -2.970627 -2.9389 -2.845014 -2.873755
-2.950474 -2.957962 -2.861605 -2.898148 -2.860275
-2.960517 -2.936836 -2.946917 -2.956813 -3.026887
-2.84673 -3.005155 -2.922437 -2.86335 -2.928369
-2.862156
