-2.854062 -2.772471 -2.801821 -2.831487 -2.904047
-2.894185 -2.851277 -2.929174 -2.871153 -2.945824
-2.833276 -2.920449 -2.86287 -2.803829 -2.765352
-2.825801 -2.774734 -2.926434 -2.860979 -2.8444
-2.901438 -2.869456 -2.911156 -2.850074 -2.853584
-2.851816 -2.837071 -2.768132 -2.84662 -2.843555
-2.884037 -2.83421 -2.884194 -2.86442 -2.911462
-2.911556 -2.815737 -2.883647 -2.902167 -2.860865
-2.859267 -2.937567 -2.797865 -2.85973 -2.81339
-2.808047 -2.861419 -2.788769 -2.919142 -2.869458
-2.731339 -2.859681 -2.839049 -2.898379 -2.823242
-2.814473 -2.911989 -2.839543 -2.855794 -2.895237
-2.813854 -2.846604 -2.934586 -2.862065 -2.834177
-2.793896 -2.841825 -2.817183 -2.829439 -2.768138
-2.85247 -2.797336 -2.90691 -2.953029 -2.964522
-2.889511 -2.851942 -2.844403 -2.850762 -2.793999
-2.83077 -2.775122 -2.830496 -2.852813 -2.822446
-2.793813 -2.913324 -2.867028 -2.848505 -2.768301
-2.912121 -2.930016 -2.842605 -2.821797 -2.858782
-2.84648 -2.803979 -2.812818 -2.779121 -2.843982
-2.937184 -2.827045 -2.818144 -2.836089 -2.823604
-2.839276 -2.82438 -2.95583 -2.826992 -2.824035
-2.818909 -2.927292 -2.756975 -2.818152 -2.858073
-2.787155 -2.8746 -2.846323 -2.816182 -2.795147
-2.810614 -2.812278 -2.794474 -2.918706 -2.791248
-2.91973 -2.81234 -2.903713 -2.93978 -2.846126
-2.940529 -2.847923 -2.867266 -2.856203 -2.799543
-2.851412 -2.880006 -2.847155 -2.86825 -2.914294
-2.862518 -2.859742 -2.896435 -2.800075 -2.868047
-2.881814 -2.887559 -2.804397 -2.877567 -2.892642
-2.876408 -2.794493 -2.710719 -2.827292 -2.796719
-2.916633 -2.868851 -2.751358 -2.731769 -2.896364
-2.849373 -2.800941 -2.877043 -2.871673 -2.937332
-2.92781 -2.76213 -2.872364 -2.903591 -2.80961
-2.842941 -2.816287 -2.926981 -2.8701 -2.879304
-2.827845 -2.889238 -2.88625 -2.837465 -2.838883
-2.887207 -2.867355 -2.801848 -2.877625 -2.841561
-2.87318 -2.925274 -2.802663 -2.904745 -2.764637
-2.774895 -2.889923 -2.824878 -2.813425 -2.825296
-2.857332 -2.851918 -2.788458 -2.929984 -2.873565
-2.789544
