-2.833888 -2.823889 -2.883967 -2.797878 -2.79445
-2.839424 -2.732605 -2.833821 -2.807455 -2.726327
-2.926304 -2.874992 -2.876144 -2.811081 -2.828152
-2.848566 -2.789226 -2.818443 -2.822453 -2.938064
-2.841763 -2.898563 -2.889762 -2.799142 -2.82799
-2.796691 -2.799118 -2.833711 -2.81068 -2.859395
-2.788775 -2.827567 -2.788934 -2.770188 -2.797273
-2.891015 -2.810528 -2.816186 -2.880836 -2.832504
-2.817846 -2.798279 -2.91872 -2.833352 -2.887777
-2.825246 -2.84657 -2.829242 -2.801696 -2.755135
-2.811111 -2.78736 -2.862282 -2.822881 -2.838856
-2.848559 -2.875955 -2.875987 -2.766355 -2.809283
-2.911709 -2.889826 -2.841326 -2.799373 -2.786557
-2.876998 -2.901417 -2.775671 -2.86051 -2.77196
-2.840945 -2.79562 -2.80933 -2.817104 -2.911859
-2.85506 -2.845623 -2.744226 -2.85414 -2.819054
-2.826586 -2.832682 -2.909033 -2.902462 -2.908657
-2.763026 -2.82737 -2.859391 -2.817057 -2.847775
-2.810661 -2.794857 -2.757342 -2.808 -2.815868
-2.821368 -2.837708 -2.877579 -2.815708 -2.793541
-2.853245 -2.809444 -2.815303 -2.838275 -2.742438
-2.817494 -2.881315 -2.839897 -2.784122 -2.909173
-2.728059 -2.862401 -2.818273 -2.87529 -2.819773
-2.836757 -2.82526 -2.778475 -2.762486 -2.842947
-2.880767 -2.853338 -2.786674 -2.793411 -2.888956
-2.886296 -2.818727 -2.881837 -2.793458 -2.81721
-2.828454 -2.819215 -2.873118 -2.815107 -2.816488
-2.791372 -2.905458 -2.821575 -2.866637 -2.905824
-2.82354 -2.871702 -2.871589 -2.821451 -2.906103
-2.897351 -2.802645 -2.830375 -2.831388 -2.879948
-2.833432 -2.812734 -2.857608 -2.835766 -2.845861
-2.881745 -2.869008 -2.791932 -2.771702 -2.818147
-2.822255 -2.87761 -2.807314 -2.806864 -2.823967
-2.828441 -2.823804 -2.849698 -2.826629 -2.874854
-2.782041 -2.840772 -2.776477 -2.829476 -2.866988
-2.797881 -2.869934 -2.845817 -2.751909 -2.81594
-2.795675 -2.848126 -2.765137 -2.867011 -2.881343
-2.819865 -2.814041 -2.794417 -2.834406 -2.866602
-2.835374 -2.888713 -2.782333 -2.771817 -2.799187
-2.821117 -2.834145 -2.812516 -2.886201 -2.841149
-2.857681
