-2.851666 -2.828859 -2.777877 -2.815289 -2.835559
-2.821758 -2.858258 -2.814077 -2.850662 -2.875896
-2.79311 -2.855519 -2.834889 -2.81805 -2.861844
-2.823504 -2.821248 -2.828106 -2.834784 -2.814527
-2.886359 -2.839756 -2.838622 -2.877523 -2.8367
-2.850246 -2.845182 -2.769082 -2.839575 -2.827843
-2.866269 -2.883751 -2.858529 -2.856996 -2.722288
-2.825592 -2.831405 -2.857273 -2.816784 -2.806545
-2.844608 -2.729945 -2.873632 -2.765367 -2.817213
-2.86813 -2.780164 -2.797098 -2.871017 -2.836517
-2.851173 -2.839807 -2.872568 -2.788656 -2.837639
-2.850237 -2.866753 -2.819318 -2.845925 -2.848365
-2.805027 -2.779356 -2.82925 -2.874684 -2.881271
-2.822673 -2.813452 -2.857538 -2.82731 -2.842259
-2.808645 -2.795046 -2.846874 -2.845216 -2.835304
-2.812451 -2.801905 -2.830449 -2.876096 -2.854901
-2.849879 -2.789516 -2.823298 -2.840767 -2.870029
-2.880664 -2.8315 -2.8112 -2.774846 -2.804538
-2.889484 -2.789722 -2.832911 -2.784898 -2.831843
-2.829072 -2.846293 -2.84168 -2.786285 -2.919552
-2.886112 -2.858313 -2.894663 -2.90052 -2.807997
-2.858068 -2.842892 -2.806111 -2.833132 -2.836893
-2.874285 -2.839389 -2.836007 -2.849385 -2.886796
-2.883857 -2.896677 -2.856035 -2.851123 -2.860212
-2.838603 -2.857739 -2.850388 -2.873276 -2.850541
-2.823809 -2.841725 -2.839393 -2.826714 -2.868645
-2.826747 -2.863029 -2.860683 -2.83069 -2.777737
-2.857479 -2.839255 -2.872723 -2.860182 -2.787025
-2.774389 -2.870459 -2.847988 -2.849099 -2.817297
-2.718436 -2.848827 -2.848057 -2.852521 -2.844237
-2.829521 -2.890501 -2.822871 -2.859978 -2.866559
-2.898376 -2.821179 -2.843667 -2.832032 -2.882697
-2.843453 -2.857234 -2.819998 -2.88797 -2.866119
-2.843867 -2.841674 -2.83693 -2.87214 -2.86041
-2.879492 -2.82959 -2.8942 -2.851661 -2.834822
-2.837903 -2.845852 -2.761145 -2.842594 -2.830972
-2.866629 -2.813977 -2.847549 -2.874949 -2.833171
-2.804899 -2.809666 -2.837592 -2.846975 -2.813298
-2.807746 -2.870209 -2.84612 -2.852319 -2.861275
-2.835025 -2.875635 -2.815201 -2.845914 -2.847594
-2.873458
