-2.870713 -2.884002 -2.851108 -2.846924 -2.913617
-2.893343 -2.825629 -2.901391 -2.741118 -2.869315
-2.819603 -2.863672 -2.939614 -2.842167 -2.841194
-2.842806 -2.808386 -2.789875 -2.919162 -2.890321
-2.94534 -2.850594 -2.905177 -2.886219 -2.877661
-2.840907 -2.914431 -2.880361 -2.754184 -2.891938
-2.857684 -2.828689 -2.8288 -2.773405 -2.854527
-2.893063 -2.895099 -2.781693 -2.893233 -2.68426
-2.824366 -2.894633 -2.875046 -2.847794 -2.879548
-2.851595 -2.813153 -2.80483 -2.847758 -2.903983
-2.94335 -2.832397 -2.835991 -2.830556 -2.929559
-2.941252 -2.852841 -2.932392 -2.870784 -2.806616
-2.91207 -2.812289 -2.837235 -2.779771 -2.897949
-2.771406 -2.850963 -2.818863 -2.865965 -2.861424
-2.792384 -2.93107 -2.861119 -2.808579 -2.839836
-2.788152 -2.802614 -2.857857 -2.885236 -2.829344
-2.910766 -2.899732 -2.89438 -2.857584 -2.833335
-2.871458 -2.808203 -2.922075 -2.926187 -2.940942
-2.866337 -2.861696 -2.85993 -2.818959 -2.876235
-2.826669 -2.894398 -2.868384 -2.8666 -2.874307
-2.834226 -2.848907 -2.797894 -2.782882 -2.855313
-2.765802 -2.877532 -2.904902 -2.863818 -2.88288
-2.929724 -2.879892 -2.818759 -2.786357 -2.961042
-2.822316 -2.87018 -2.907515 -2.851344 -2.857561
-2.831751 -2.872089 -2.75736 -2.766288 -2.866472
-2.885366 -2.922512 -2.813787 -2.907411 -2.866176
-2.877605 -2.836659 -2.80396 -2.798726 -2.790393
-2.831631 -2.850785 -2.82437 -2.927898 -2.91838
-2.933731 -2.804684 -2.828914 -2.869012 -2.848373
-2.851102 -2.908703 -2.907066 -2.856341 -2.906818
-2.816173 -2.93244 -2.742685 -2.82965 -2.837428
-2.861557 -2.823185 -2.825204 -2.855103 -2.847432
-2.924539 -2.849819 -2.846299 -2.883889 -2.913757
-2.977842 -2.803664 -2.83983 -2.945434 -2.892728
-2.886054 -2.859224 -2.895759 -2.889736 -2.891915
-2.843236 -2.862622 -2.902852 -2.888716 -2.868465
-2.835552 -2.864091 -2.778084 -2.850692 -2.792647
-2.913513 -2.887291 -2.88151 -2.886588 -2.869581
-2.900432 -2.748539 -2.864859 -2.907376 -2.91238
-2.788659 -2.839479 -2.906212 -2.829919 -2.813261
-2.823023
