-2.900188 -2.829072 -2.817112 -2.850288 -2.879815
-2.890654 -2.878022 -2.940845 -2.931478 -2.97226
-2.818321 -2.924914 -2.860784 -2.888687 -2.885125
-2.824391 -2.914371 -2.800413 -2.859518 -2.892551
-2.918025 -2.848474 -2.861608 -2.898527 -2.896453
-2.986007 -2.896533 -2.898388 -2.909563 -2.88264
-2.825354 -2.881226 -2.929921 -2.880557 -2.899706
-2.906564 -2.846791 -2.899174 -2.912596 -2.911274
-2.930585 -2.909179 -2.872254 -2.933278 -2.925779
-2.877681 -2.885589 -2.836389 -2.911216 -2.910127
-2.940667 -2.900622 -2.875964 -2.935735 -2.85859
-2.919208 -2.967454 -2.851363 -2.948186 -2.889827
-2.922125 -2.857118 -2.93693 -2.849169 -2.84525
-2.844155 -2.879318 -2.85932 -2.86753 -2.892051
-2.903608 -2.863444 -2.93475 -2.939794 -2.870532
-2.862401 -2.922849 -2.919604 -2.880112 -2.7955
-2.96112 -2.93305 -2.919561 -2.825486 -2.843308
-2.91062 -2.938131 -2.936539 -2.886281 -2.794477
-2.84761 -2.946698 -3.002556 -2.922788 -2.923086
-2.899013 -2.899434 -2.838345 -2.902886 -2.869324
-2.946955 -2.905884 -2.943529 -2.857546 -2.873189
-2.932568 -2.899497 -2.935901 -2.821069 -2.865753
-2.903778 -2.849876 -2.917482 -2.864492 -2.923261
-2.867934 -2.856637 -2.846634 -2.872904 -2.550716
-2.933948 -2.872634 -2.828701 -2.930767 -2.908187
-2.841795 -2.882458 -2.874589 -2.908712 -2.927957
-2.927931 -2.872189 -3.001225 -2.922064 -2.856221
-2.827306 -2.785991 -2.879131 -2.925101 -2.927786
-2.836023 -2.871795 -2.864728 -2.841016 -2.866825
-2.900299 -2.791684 -2.848103 -2.876884 -2.900576
-2.926467 -2.880897 -3.009292 -2.935929 -2.892514
-2.849215 -2.869443 -2.872887 -2.842175 -2.832437
-2.945576 -2.863341 -2.94802 -2.883849 -2.871883
-2.836776 -2.880483 -2.907038 -2.917219 -2.913264
-2.966069 -2.911889 -2.875317 -2.850227 -2.868186
-2.950507 -2.912627 -2.86445 -2.882002 -2.900904
-2.928 -2.820656 -2.848366 -2.850589 -2.939205
-2.88631 -2.89118 -2.851628 -2.926844 -2.734715
-2.964151 -2.822185 -2.883955 -2.909682 -2.933277
-2.953598 -2.963237 -2.81675 -2.915512 -2.85798
-2.933454
