-2.902289 -2.84676 -2.923623 -2.865349 -2.890089
-2.885613 -2.882869 -2.894788 -2.95434 -2.922071
-2.904818 -2.89316 -2.925845 -2.894301 -2.868123
-2.876872 -2.927966 -2.900645 -2.909708 -2.853948
-2.861619 -2.84763 -2.889711 -2.846746 -2.907974
-2.835115 -2.798896 -2.941073 -2.882663 -2.914352
-2.808796 -2.895712 -2.875277 -2.911293 -2.883909
-2.866144 -2.855464 -2.888283 -2.938157 -2.81405
-2.917237 -2.929709 -2.793835 -2.991635 -2.850558
-2.893826 -2.846356 -2.87996 -2.870957 -2.853708
-2.840076 -2.917904 -2.919309 -2.883722 -2.940184
-2.872791 -2.813437 -2.916 -2.872118 -2.817545
-2.819838 -2.939766 -2.878611 -2.827832 -2.90149
-2.913313 -2.81117 -2.906713 -2.944074 -2.852246
-2.875421 -2.86291 -2.850887 -2.865814 -2.906748
-2.804399 -2.928445 -2.863893 -3.001345 -2.882126
-2.895298 -2.86616 -2.956624 -2.895558 -2.796294
-2.870706 -2.872428 -2.848347 -2.893432 -2.868031
-2.920539 -2.947803 -2.91529 -2.916031 -2.861021
-2.877016 -2.909587 -2.747956 -2.88471 -2.860151
-2.930022 -2.877707 -2.896098 -2.938946 -2.850747
-2.890799 -2.886865 -2.937512 -2.917619 -2.888977
-2.952591 -2.938242 -2.956031 -2.927782 -2.82749
-2.928762 -2.935324 -2.860081 -2.900245 -2.941581
-2.851899 -2.798966 -2.83797 -2.84466 -2.880836
-2.922251 -2.927925 -2.924964 -2.8439 -2.856856
-2.841219 -2.910091 -2.890711 -2.947014 -2.883503
-2.898681 -2.852439 -2.80545 -2.891521 -2.909538
-2.807082 -2.887868 -2.806679 -2.931937 -2.924817
-2.840595 -2.836767 -2.883139 -2.909759 -2.886254
-2.847791 -2.935412 -2.872247 -2.850446 -2.855123
-2.88708 -2.835451 -2.813239 -2.863448 -2.890978
-2.911758 -2.958854 -2.943216 -2.938591 -2.842845
-2.9611 -2.842028 -2.841882 -2.82698 -2.884421
-2.86637 -2.896028 -2.879957 -2.86969 -2.935293
-2.890855 -2.856339 -2.897462 -2.875953 -2.928719
-2.905156 -2.895513 -2.837838 -2.886637 -2.90266
-2.819014 -2.886297 -2.95004 -2.968116 -2.857275
-2.867396 -2.901056 -2.848932 -2.8326 -2.925189
-2.788073 -2.961483 -2.908066 -2.827743 -2.838579
-2.872057
