-2.864735 -2.897774 -2.911198 -2.811749 -2.847866
-2.819486 -2.866087 -2.832058 -2.840935 -2.863791
-2.823903 -2.880117 -2.816001 -2.832109 -2.899488
-2.831462 -2.866824 -2.879103 -2.849364 -2.832315
-2.895549 -2.887357 -2.802649 -2.814261 -2.8738
-2.857396 -2.879343 -2.90966 -2.884099 -2.841805
-2.822996 -2.832444 -2.869791 -2.830587 -2.871782
-2.888377 -2.803551 -2.838726 -2.831646 -2.862449
-2.852158 -2.867331 -2.843347 -2.868274 -2.854158
-2.840693 -2.866908 -2.870662 -2.868529 -2.833882
-2.841116 -2.829835 -2.842023 -2.853435 -2.86838
-2.833821 -2.84359 -2.865923 -2.864646 -2.827386
-2.81951 -2.740972 -2.864796 -2.848377 -2.842836
-2.886784 -2.863299 -2.850963 -2.868442 -2.874814
-2.851375 -2.902294 -2.839389 -2.862754 -2.841686
-2.846873 -2.866616 -2.825719 -2.855002 -2.848507
-2.846633 -2.818977 -2.85583 -2.866309 -2.850787
-2.848643 -2.822353 -2.808841 -2.742604 -2.840151
-2.828024 -2.831173 -2.878854 -2.854828 -2.852455
-2.855622 -2.838487 -2.847211 -2.855878 -2.766363
-2.893721 -2.870841 -2.866223 -2.834381 -2.872965
-2.872539 -2.870314 -2.877404 -2.862131 -2.834006
-2.831326 -2.825957 -2.845844 -2.884291 -2.846901
-2.820976 -2.855191 -2.849658 -2.878781 -2.841175
-2.856459 -2.830273 -2.911765 -2.877708 -2.884962
-2.858505 -2.834625 -2.876506 -2.85389 -2.823291
-2.850312 -2.883116 -2.803264 -2.883793 -2.874735
-2.822665 -2.797152 -2.846453 -2.820754 -2.853088
-2.831632 -2.842141 -2.829427 -2.879885 -2.84379
-2.825396 -2.89283 -2.858726 -2.893114 -2.823757
-2.834726 -2.810389 -2.832285 -2.830491 -2.863146
-2.816662 -2.838384 -2.892127 -2.830479 -2.866916
-2.84435 -2.846527 -2.857875 -2.882206 -2.897737
-2.852556 -2.847886 -2.850824 -2.857201 -2.732189
-2.833636 -2.820527 -2.831228 -2.847458 -2.851972
-2.864448 -2.8567 -2.889206 -2.829246 -2.863403
-2.836041 -2.860304 -2.827958 -2.803968 -2.872552
-2.880073 -2.831353 -2.85031 -2.84838 -2.833585
-2.84712 -2.821938 -2.827958 -2.86897 -2.863863
-2.765501 -2.744331 -2.897243 -2.867511 -2.909359
-2.857595
