-2.909244 -2.957019 -2.898559 -2.871284 -2.908702
-2.861101 -2.904964 -2.82855 -2.920601 -2.864589
-2.934078 -2.937191 -2.879272 -2.870737 -2.887158
-2.921772 -2.906148 -2.925344 -2.87454 -2.873329
-2.886668 -2.899826 -2.883286 -2.925336 -2.925589
-2.865336 -2.942636 -2.896091 -2.920716 -2.716309
-2.9264 -2.894645 -2.89426 -2.935586 -2.921222
-2.931474 -2.949324 -2.91734 -2.941089 -2.807898
-2.944092 -2.920752 -3.009699 -2.906554 -2.877214
-2.853445 -2.909031 -2.936083 -2.927173 -2.9354
-2.913453 -2.89629 -2.9224 -2.909343 -2.920148
-2.932345 -2.92015 -2.882629 -2.914286 -2.828516
-2.854985 -2.896971 -2.894501 -2.896989 -2.899802
-2.890608 -2.800666 -2.944692 -2.917567 -2.91279
-2.825683 -2.892552 -2.910791 -2.949417 -2.919229
-2.938788 -2.911674 -2.894416 -2.896658 -2.87849
-2.939422 -2.930901 -2.872927 -2.864497 -2.921611
-2.918603 -2.884764 -2.893927 -2.896139 -2.92449
-2.874585 -2.861695 -2.865897 -2.902879 -2.953188
-2.904826 -2.950414 -2.878496 -2.921079 -2.912288
-2.921906 -2.909836 -2.885187 -2.927454 -2.867462
-2.900483 -2.905475 -2.857294 -2.863436 -2.945775
-2.890962 -2.920343 -2.920296 -2.901305 -2.886106
-2.758517 -2.887197 -2.944252 -2.845241 -2.862013
-2.961132 -2.924768 -2.938738 -2.891945 -2.924889
-2.816733 -2.894899 -2.91105 -2.864553 -2.857663
-2.965568 -2.873616 -2.872576 -2.934062 -2.895121
-2.852833 -2.723551 -2.893786 -2.891179 -2.80998
-2.915073 -2.907264 -2.887099 -2.91093 -2.867402
-2.869574 -2.878343 -2.928022 -2.979722 -2.885884
-2.912413 -2.948012 -2.914782 -2.869457 -2.863307
-2.901213 -2.895624 -2.900149 -2.856551 -2.919337
-2.911441 -2.933071 -2.961012 -2.890913 -2.942183
-2.610886 -2.857507 -2.917195 -2.973063 -2.890394
-2.925054 -2.9139 -2.911249 -2.922904 -2.867089
-2.901541 -2.892038 -2.937953 -2.950062 -2.891117
-2.992368 -2.88597 -2.868535 -2.895783 -2.902239
-2.908467 -2.899243 -2.848275 -2.863775 -2.918098
-2.854289 -2.855949 -2.921959 -2.831115 -2.953012
-2.899245 -2.872251 -2.795311 -2.887287 -2.933549
-2.81155
