-2.898382 -2.876182 -2.921859 -2.865157 -2.934694
-2.870024 -2.920884 -2.846896 -2.941756 -2.90196
-2.864286 -2.905978 -2.887142 -2.90947 -2.929887
-2.903822 -2.854046 -2.860589 -2.940562 -2.883409
-2.920433 -2.912825 -2.855951 -2.899065 -2.926741
-2.921665 -2.930117 -2.849052 -2.88183 -2.885732
-2.937016 -2.888425 -2.906725 -2.966447 -2.912235
-2.894992 -2.879229 -2.948304 -2.88828 -2.863148
-2.898287 -2.918146 -2.887654 -2.892069 -2.888835
-2.896298 -2.894676 -2.942284 -2.900426 -2.92515
-2.899707 -2.965422 -2.933397 -2.91989 -2.831237
-2.862632 -2.904222 -2.875988 -2.884561 -2.907824
-2.937581 -2.942901 -2.889285 -2.870838 -2.920067
-2.908088 -2.940871 -2.893451 -2.869916 -2.909136
-2.934789 -2.848719 -2.912194 -2.889057 -2.849589
-2.920567 -2.91644 -2.820904 -2.893175 -2.927927
-2.916613 -2.878591 -2.844127 -2.905605 -2.904234
-2.865912 -2.868041 -2.881029 -2.871393 -2.840852
-2.912265 -2.874708 -2.897478 -2.928823 -2.874882
-2.904275 -2.922255 -2.85544 -2.877305 -2.92177
-2.893017 -2.904803 -2.875782 -2.920754 -2.88799
-2.915893 -2.930073 -2.905444 -2.887978 -2.901577
-2.888166 -2.843362 -2.915187 -2.918564 -2.946135
-2.886713 -2.902337 -2.910187 -2.87122 -2.912587
-2.861595 -2.925511 -2.893164 -2.863196 -2.906043
-2.875652 -2.845787 -2.929135 -2.942114 -2.875313
-2.911623 -2.9537 -2.936471 -2.875748 -2.894125
-2.920077 -2.896427 -2.862802 -2.868162 -2.885301
-2.844043 -2.898372 -2.84921 -2.913798 -2.94516
-2.903168 -2.958693 -2.904075 -2.865176 -2.896991
-2.88034 -2.946815 -2.894257 -2.917899 -2.89276
-2.831494 -2.862951 -2.881897 -2.862787 -2.860299
-2.886087 -2.873154 -2.891885 -2.912029 -2.922072
-2.902862 -2.880228 -2.896489 -2.917542 -2.91117
-2.894934 -2.855828 -2.882234 -2.912216 -2.890952
-2.881559 -2.890976 -2.854929 -2.872583 -2.885005
-2.888093 -2.924145 -2.882697 -2.927148 -2.877997
-2.948248 -2.870821 -2.856895 -2.905415 -2.872578
-2.865834 -2.928626 -2.897719 -2.905034 -2.890108
-2.858838 -2.926576 -2.892892 -2.886791 -2.892152
-2.88678
