-2.866817 -2.823672 -2.847502 -2.869265 -2.854652
-2.842455 -2.840632 -2.825793 -2.815695 -2.862865
-2.846568 -2.911356 -2.851785 -2.819275 -2.857331
-2.828699 -2.872547 -2.845009 -2.83751 -2.902571
-2.893918 -2.878007 -2.844648 -2.849881 -2.862698
-2.861264 -2.879101 -2.882411 -2.892186 -2.859406
-2.841676 -2.864805 -2.882698 -2.875638 -2.834566
-2.82187 -2.844631 -2.91675 -2.863782 -2.84588
-2.848589 -2.826938 -2.871387 -2.858749 -2.871979
-2.8841 -2.831807 -2.892918 -2.843318 -2.877516
-2.865766 -2.888248 -2.835768 -2.917356 -2.834456
-2.852086 -2.880161 -2.853314 -2.861513 -2.85428
-2.8517 -2.893968 -2.851872 -2.88049 -2.835157
-2.855479 -2.853183 -2.834596 -2.883865 -2.822462
-2.841014 -2.823168 -2.874493 -2.792763 -2.832103
-2.884523 -2.868113 -2.834545 -2.839612 -2.820737
-2.859541 -2.777797 -2.858995 -2.862456 -2.848421
-2.850413 -2.818365 -2.864085 -2.852365 -2.878496
-2.832266 -2.842121 -2.889208 -2.838989 -2.847328
-2.873293 -2.852289 -2.836935 -2.833019 -2.896435
-2.883326 -2.900963 -2.854302 -2.844512 -2.843727
-2.888305 -2.916918 -2.859454 -2.89358 -2.855362
-2.861169 -2.880867 -2.836804 -2.826319 -2.861971
-2.84015 -2.851351 -2.838722 -2.847563 -2.862881
-2.812204 -2.871564 -2.823235 -2.865367 -2.841327
-2.840083 -2.887904 -2.836654 -2.868751 -2.881428
-2.930657 -2.840282 -2.875209 -2.853528 -2.848088
-2.922426 -2.877645 -2.868285 -2.848674 -2.849021
-2.918281 -2.864705 -2.868781 -2.89107 -2.869641
-2.822833 -2.856971 -2.815202 -2.852118 -2.846702
-2.855525 -2.906645 -2.837448 -2.835583 -2.850312
-2.861764 -2.85147 -2.88004 -2.825802 -2.831769
-2.834653 -2.83765 -2.845992 -2.846867 -2.824898
-2.859515 -2.857163 -2.859375 -2.850682 -2.87767
-2.838139 -2.854259 -2.836435 -2.880884 -2.84587
-2.907291 -2.85915 -2.833635 -2.875204 -2.82616
-2.861678 -2.837068 -2.87178 -2.86481 -2.869692
-2.84797 -2.880436 -2.915 -2.827429 -2.835033
-2.836182 -2.823845 -2.889094 -2.871763 -2.858888
-2.861757 -2.870898 -2.824265 -2.881665 -2.816389
-2.865362
