-2.876415 -2.903325 -2.818613 -2.792625 -2.841048
-2.822504 -2.886335 -2.839207 -2.795152 -2.88386
-2.683373 -2.707717 -2.866834 -2.818363 -2.840255
-2.86211 -2.870129 -2.865077 -2.848494 -2.841309
-2.88715 -2.607124 -2.807721 -2.854398 -2.819242
-2.870647 -2.688272 -2.86749 -2.869268 -2.809272
-2.849354 -2.96985 -2.883579 -2.774841 -2.879305
-2.835863 -2.912781 -2.861649 -2.809238 -2.865199
-2.862776 -2.8403 -2.827346 -2.868947 -2.838427
-2.839553 -2.855868 -2.712122 -2.896423 -2.901325
-2.89513 -2.895339 -2.502964 -2.858782 -2.819409
-2.857562 -2.644597 -2.881774 -2.872295 -2.901856
-2.892676 -2.860112 -2.687686 -2.871103 -2.826188
-2.864819 -2.891326 -2.873292 -2.902805 -2.906098
-2.893768 -2.8755 -2.654813 -2.847644 -2.889429
-2.879054 -2.824981 -2.758603 -2.866196 -2.705473
-2.80139 -2.975545 -2.866361 -2.848181 -2.836899
-2.937637 -2.828009 -2.788677 -2.91204 -2.894605
-2.901803 -2.849505 -2.529134 -2.824781 -2.841901
-2.882587 -2.873813 -2.928122 -2.902436 -2.837665
-2.801675 -2.281002 -2.851568 -2.597736 -2.853875
-2.791154 -2.881641 -2.93679 -2.96412 -2.844352
-2.8583 -2.897996 -2.861763 -2.835396 -2.912392
-2.839106 -2.822628 -2.87453 -2.530634 -2.913037
-2.961487 -2.894575 -2.813716 -2.913167 -2.864322
-2.836088 -2.826867 -2.857375 -2.88164 -2.918494
-2.850459 -2.420762 -2.892113 -2.921606 -2.849503
-2.893431 -2.882259 -2.42663 -2.838162 -2.895508
-2.865183 -2.90147 -2.860902 -2.91566 -2.892575
-2.884563 -2.869742 -2.84745 -2.844478 -2.937072
-2.911694 -2.828113 -2.898628 -2.851025 -2.914492
-2.852678 -2.913154 -2.871134 -2.844598 -2.834668
-2.806605 -2.883391 -2.871611 -2.877377 -2.933259
-2.857912 -2.939259 -2.907981 -2.808577 -2.89224
-2.832556 -2.818455 -2.87363 -2.881291 -2.862582
-2.791512 -2.833916 -2.912473 -2.857366 -2.85181
-2.871155 -2.845445 -2.750128 -2.886248 -2.862
-2.830673 -2.882692 -2.820877 -2.851053 -2.955234
-2.860888 -2.844326 -2.911477 -2.922808 -2.937455
-2.961035 -2.863245 -2.776515 -2.859267 -2.907044
-2.885933
