-2.902106 -2.891735 -2.918435 -2.873662 -2.827971
-2.85921 -2.909477 -2.858626 -2.856375 -2.897496
-2.894549 -2.817037 -2.889862 -2.919408 -2.922702
-2.731922 -2.903673 -2.877681 -2.902981 -2.876409
-2.907484 -2.949962 -2.896244 -2.852075 -2.897052
-2.858443 -2.876124 -2.637909 -2.89588 -2.86177
-2.905314 -2.671616 -2.913263 -2.834968 -2.884264
-2.86505 -2.937359 -2.87947 -2.803135 -2.896404
-2.870482 -2.864884 -2.890506 -2.858376 -2.91491
-2.882697 -2.918645 -2.737451 -2.889882 -2.926896
-2.924222 -2.947602 -2.911276 -2.800359 -2.721155
-2.846567 -2.691557 -2.888392 -2.582455 -2.888454
-2.809089 -2.780986 -2.918951 -2.872473 -2.878324
-2.891133 -2.66207 -2.936376 -2.908571 -2.911181
-2.904221 -2.894421 -2.880266 -2.844122 -2.618214
-2.816283 -2.875862 -2.846814 -2.936342 -2.92114
-2.881754 -2.884927 -2.862599 -2.861123 -2.890763
-2.925366 -2.881768 -2.846361 -2.650025 -2.588449
-2.950813 -2.916522 -2.823434 -2.88413 -2.836509
-2.851246 -2.883678 -2.899671 -2.767773 -2.879297
-2.850037 -2.873715 -2.911751 -2.830046 -2.888322
-2.873913 -2.900985 -2.840657 -2.890034 -2.8688
-2.850042 -2.920545 -2.870891 -2.845255 -2.888375
-2.900467 -2.804858 -2.92713 -2.84447 -2.622036
-2.936611 -2.862622 -2.892432 -2.902206 -2.914632
-2.899508 -2.936139 -2.917036 -2.825376 -2.910064
-2.894929 -2.882369 -2.911296 -2.701511 -2.801834
-2.917943 -2.845869 -2.880547 -2.807994 -2.797677
-2.901742 -2.691839 -2.897212 -2.86153 -2.898827
-2.863322 -2.868666 -2.902666 -2.911824 -2.876908
-2.907673 -2.861287 -2.849513 -2.911376 -2.849487
-2.902999 -2.870726 -2.883679 -2.735473 -2.66004
-2.669791 -2.886646 -2.923073 -2.897449 -2.937227
-2.921849 -2.569151 -2.859018 -2.862473 -2.902103
-2.889863 -2.603 -2.895334 -2.877156 -2.769414
-2.881235 -2.896536 -2.802793 -2.916722 -2.90893
-2.890976 -2.880322 -2.89052 -2.908092 -2.894508
-2.891178 -2.871545 -2.907327 -2.859288 -2.617023
-2.892943 -2.882086 -2.949799 -2.72019 -2.89485
-2.937933 -2.857216 -2.733153 -2.890212 -2.828833
-2.633749
