-2.823761 -2.810568 -2.80123 -2.754409 -2.709298
-2.81249 -2.792808 -2.849884 -2.805879 -2.836023
-2.803949 -2.796154 -2.807626 -2.827488 -2.781436
-2.811625 -2.775235 -2.817642 -2.835372 -2.828392
-2.606912 -2.817093 -2.820548 -2.789555 -2.766917
-2.858681 -2.819179 -2.798424 -2.881041 -2.799263
-2.644252 -2.776678 -2.823251 -2.830721 -2.855209
-2.810203 -2.770989 -2.816149 -2.810762 -2.870663
-2.889386 -2.762596 -2.787176 -2.846944 -2.794567
-2.783273 -2.78811 -2.801341 -2.889524 -2.811515
-2.855031 -2.81259 -2.849085 -2.786229 -2.744129
-2.835095 -2.807683 -2.766595 -2.817568 -2.843376
-2.779212 -2.755989 -2.815899 -2.82152 -2.870711
-2.814412 -2.795578 -2.821586 -2.841174 -2.830489
-2.834413 -2.871463 -2.862707 -2.853965 -2.839492
-2.801812 -2.756961 -2.75952 -2.809281 -2.790595
-2.842395 -2.768704 -2.79598 -2.82959 -2.847697
-2.852108 -2.87489 -2.792866 -2.843153 -2.796192
-2.808411 -2.724633 -2.776129 -2.834794 -2.811133
-2.824512 -2.622274 -2.757381 -2.779486 -2.832694
-2.798973 -2.812409 -2.811628 -2.840839 -2.772917
-2.770046 -2.804129 -2.910152 -2.853061 -2.779713
-2.880936 -2.847593 -2.815894 -2.825976 -2.771187
-2.797277 -2.797245 -2.842674 -2.847418 -2.835856
-2.798114 -2.815592 -2.81387 -2.818512 -2.874043
-2.778853 -2.842751 -2.774973 -2.793594 -2.816141
-2.778092 -2.817681 -2.812154 -2.781862 -2.857342
-2.842635 -2.829375 -2.817425 -2.790279 -2.842228
-2.853568 -2.841483 -2.790115 -2.901192 -2.805889
-2.670377 -2.811043 -2.764219 -2.798898 -2.759332
-2.823511 -2.780832 -2.841119 -2.826666 -2.756586
-2.738506 -2.797518 -2.740002 -2.804588 -2.867631
-2.796271 -2.854468 -2.862943 -2.848527 -2.793517
-2.858763 -2.807078 -2.776269 -2.872593 -2.779075
-2.879199 -2.664384 -2.879856 -2.808011 -2.813306
-2.820872 -2.840053 -2.841352 -2.813576 -2.776052
-2.776628 -2.772979 -2.784425 -2.869941 -2.825544
-2.76399 -2.830043 -2.732356 -2.744722 -2.791157
-2.802486 -2.829471 -2.85779 -2.85004 -2.797044
-2.574327 -2.782626 -2.857441 -2.90602 -2.859448
-2.947731
