-2.844792 -2.781031 -2.725663 -2.866957 -2.760054
-2.873054 -2.818369 -2.865216 -2.69269 -2.757842
-2.769088 -2.852583 -2.820359 -2.869004 -2.816557
-2.867111 -2.798489 -2.849125 -2.749222 -2.882444
-2.872133 -2.970456 -2.929453 -2.866998 -2.789421
-2.802901 -2.855954 -2.881076 -2.896994 -2.87061
-2.841979 -2.885852 -2.805327 -2.861443 -2.46848
-2.864729 -2.828148 -2.83525 -2.85787 -2.84387
-2.861135 -2.86085 -2.844958 -2.775044 -2.885428
-2.897212 -2.898342 -2.817812 -2.767626 -2.813263
-2.823108 -2.842255 -2.833715 -2.716765 -2.79782
-2.80555 -2.718688 -2.882681 -2.860587 -2.800883
-2.825088 -2.864135 -2.740416 -2.86519 -2.863178
-2.823652 -2.892554 -2.469065 -2.852596 -2.913874
-2.818022 -2.875902 -2.839292 -2.802121 -2.871973
-2.826416 -2.766199 -2.831054 -2.965663 -2.831442
-2.836499 -2.735974 -2.845639 -2.845336 -2.805461
-2.792213 -2.894675 -2.802738 -2.807271 -2.868544
-2.766183 -2.762151 -2.884579 -2.832881 -2.840908
-2.826893 -2.850007 -2.901964 -2.79252 -2.755746
-2.876202 -2.839686 -2.732755 -2.524499 -2.936635
-2.841746 -2.752925 -2.75541 -2.854392 -2.877761
-2.929291 -2.85104 -2.757888 -2.948932 -2.86081
-2.896474 -2.83991 -2.861957 -2.883283 -2.891142
-2.89315 -2.858339 -2.819744 -2.888143 -2.889488
-2.794124 -2.866081 -2.857155 -2.765036 -2.831222
-2.841384 -2.837567 -2.716271 -2.964546 -2.875999
-2.750308 -2.885859 -2.690877 -2.791446 -2.869522
-2.850877 -2.845834 -2.835921 -2.869641 -2.840204
-2.83115 -2.797893 -2.78695 -2.807185 -2.876671
-2.883385 -2.802174 -2.843688 -2.832414 -2.84646
-2.778132 -2.880365 -2.916029 -2.739848 -2.796207
-2.809543 -2.831207 -2.858005 -2.838659 -2.83968
-2.817709 -2.825948 -2.7837 -2.797186 -2.891939
-2.900875 -2.861329 -2.809588 -2.826523 -2.883025
-2.796841 -2.790936 -2.815251 -2.822124 -2.889394
-2.960261 -2.70921 -2.816146 -2.928827 -2.915711
-2.830442 -2.818765 -2.819977 -2.839837 -2.701785
-2.756393 -2.829663 -2.85716 -2.812291 -2.78969
-2.809924 -2.849811 -2.827902 -2.840557 -2.920348
-2.777112
