-2.844127 -2.261804 -2.813976 -2.857414 -2.858739
-2.771942 -2.788815 -2.692644 -2.181605 -2.780703
-2.333201 -2.849795 -2.643317 -2.790293 -2.881066
-2.597779 -2.821587 -2.645832 -2.803267 -2.802259
-2.45344 -2.830397 -2.206985 -2.873712 -2.792814
-2.459006 -2.87093 -2.571788 -2.229734 -2.818722
-2.681538 -2.807929 -2.716936 -2.747212 -2.822996
-2.401872 -2.183353 -2.866969 -2.801845 -2.83794
-2.871026 -2.732578 -2.761363 -2.768028 -2.271643
-2.791685 -2.103672 -2.161184 -2.908869 -2.135407
-2.831133 -2.842074 -2.788956 -2.935872 -2.798601
-2.460018 -2.793899 -2.186533 -2.83105 -2.813533
-2.815657 -2.764856 -2.538359 -2.631098 -2.882406
-2.170629 -2.503296 -2.551088 -2.563305 -2.793438
-2.310086 -2.888072 -2.859828 -2.184407 -2.752413
-2.524804 -2.641864 -2.278955 -2.809819 -2.874594
-2.847168 -2.638488 -2.335053 -2.868462 -2.782752
-2.419166 -2.329759 -2.6007 -2.30181 -2.441456
-2.89879 -2.766216 -2.802164 -2.790351 -2.837313
-2.780776 -2.481937 -2.286345 -2.18896 -2.732277
-2.677744 -2.029363 -2.205314 -2.799329 -2.606374
-2.838357 -2.87623 -2.150533 -2.901299 -2.82626
-2.861276 -2.801556 -2.873411 -2.828695 -2.632183
-2.798709 -2.744263 -2.889195 -2.165966 -2.549079
-2.782213 -2.762247 -2.248506 -2.522997 -2.829085
-2.766093 -2.784518 -2.869554 -2.243593 -2.33977
-2.566107 -2.786023 -2.503501 -2.190545 -2.828191
-2.105925 -2.789784 -2.524421 -2.408282 -2.754043
-2.821638 -2.880681 -2.172429 -2.259972 -2.784799
-2.745219 -2.864648 -2.76239 -2.474809 -2.804709
-2.80602 -2.778695 -2.267867 -2.211951 -2.285154
-2.838903 -2.698507 -2.859991 -2.431435 -2.638332
-2.838532 -2.876481 -2.765852 -2.781677 -2.797218
-2.584999 -2.533553 -2.398154 -2.506658 -2.788541
-2.782918 -2.499932 -2.878359 -2.865372 -2.753724
-2.842997 -2.864413 -2.171663 -2.242752 -2.815543
-2.406115 -2.8315 -2.196579 -2.805666 -2.836837
-2.407317 -2.408955 -2.861459 -2.826718 -2.172549
-2.690697 -2.667202 -2.754459 -2.180184 -2.782201
-2.828137 -2.752307 -2.313565 -2.425553 -2.516009
-2.250908
