-2.865979 -2.878299 -2.843255 -2.831558 -2.84354
-2.83381 -2.843629 -2.881469 -2.848144 -2.812085
-2.89345 -2.861361 -2.838102 -2.838115 -2.824262
-2.863891 -2.863564 -2.865832 -2.828286 -2.887974
-2.821364 -2.819404 -2.854526 -2.567048 -2.85302
-2.887073 -2.821624 -2.90217 -2.876261 -2.859361
-2.859279 -2.801405 -2.82882 -2.841405 -2.854242
-2.855746 -2.879626 -2.813209 -2.854112 -2.854876
-2.863033 -2.864425 -2.861036 -2.936504 -2.866023
-2.854055 -2.883241 -2.927206 -2.858365 -2.876772
-2.800813 -2.877195 -2.828708 -2.860047 -2.871706
-2.872905 -2.885901 -2.860941 -2.829937 -2.876783
-2.903944 -2.891275 -2.85285 -2.65756 -2.893001
-2.913801 -2.770196 -2.711037 -2.868526 -2.805734
-2.863986 -2.795256 -2.875254 -2.868279 -2.839769
-2.83899 -2.850392 -2.812766 -2.842935 -2.869883
-2.886672 -2.816682 -2.820149 -2.846933 -2.872752
-2.839324 -2.843009 -2.861263 -2.883915 -2.890305
-2.837396 -2.711926 -2.812501 -2.878166 -2.849934
-2.859024 -2.866876 -2.848646 -2.874081 -2.800694
-2.84237 -2.891581 -2.884235 -2.697292 -2.887178
-2.855906 -2.871271 -2.84745 -2.888747 -2.896527
-2.838638 -2.856795 -2.845872 -2.89065 -2.858693
-2.887942 -2.910209 -2.856847 -2.863781 -2.8658
-2.887568 -2.822236 -2.841974 -2.842012 -2.833295
-2.829619 -2.926293 -2.864544 -2.89227 -2.798082
-2.88268 -2.860493 -2.878247 -2.852987 -2.866915
-2.825093 -2.811038 -2.876638 -2.770072 -2.861181
-2.871909 -2.844675 -2.832743 -2.876934 -2.833782
-2.858209 -2.866984 -2.881269 -2.873973 -2.921729
-2.88043 -2.842907 -2.824741 -2.776545 -2.828036
-2.867625 -2.886781 -2.83077 -2.825028 -2.833134
-2.445471 -2.947304 -2.82924 -2.860592 -2.916827
-2.823751 -2.846384 -2.751209 -2.785794 -2.835275
-2.839941 -2.895386 -2.849103 -2.836927 -2.851056
-2.848474 -2.842826 -2.863788 -2.91551 -2.876458
-2.842691 -2.853638 -2.785598 -2.862215 -2.878522
-2.890065 -2.893895 -2.840875 -2.81841 -2.430744
-2.800669 -2.864849 -2.891587 -2.662033 -2.853892
-2.870308 -2.848152 -2.835024 -2.842187 -2.867376
-2.892226
