-2.927612 -2.952788 -2.975944 -2.98713 -3.003375
-3.017434 -2.920573 -2.966954 -3.01475 -2.920331
-2.907646 -2.992477 -2.865738 -2.910494 -3.020698
-2.9064 -2.917135 -2.57482 -2.987966 -2.816552
-2.992792 -3.061582 -2.919358 -2.943117 -2.929252
-3.006809 -2.848594 -2.936221 -3.002592 -2.853727
-2.902746 -2.809241 -2.804247 -2.90335 -2.772797
-2.998743 -2.981064 -2.82011 -2.938139 -2.948495
-2.951478 -2.826911 -2.873641 -2.937348 -2.794376
-3.048605 -3.03313 -3.017107 -2.876606 -2.871529
-2.845659 -2.812423 -2.885257 -2.844676 -2.889433
-2.748034 -2.694557 -2.917252 -2.941363 -2.977971
-3.062135 -2.799203 -2.965723 -2.948124 -2.877105
-2.908133 -2.878364 -2.913461 -2.845132 -2.939096
-2.866562 -2.991359 -2.850689 -2.574995 -2.840912
-2.986656 -3.001538 -2.917663 -2.99712 -2.959035
-2.94036 -2.86818 -2.862661 -2.898839 -2.970515
-3.022718 -2.920299 -2.88689 -2.874139 -2.688991
-2.883963 -2.947819 -2.940114 -2.882701 -2.957332
-2.960505 -2.425639 -2.935821 -2.897285 -2.963231
-2.886665 -2.947834 -2.907466 -2.885507 -2.944136
-2.911479 -2.941812 -2.912269 -2.956991 -2.989887
-2.854236 -2.748565 -3.018755 -2.903017 -2.888634
-2.918623 -2.898529 -2.889519 -2.891515 -2.811111
-2.81833 -3.0485 -2.965807 -2.634919 -2.956467
-2.606146 -2.874833 -2.951401 -2.824579 -2.902059
-2.868483 -2.513586 -2.8995 -2.48891 -2.904849
-2.718895 -2.900144 -2.90581 -2.570334 -2.867645
-2.927747 -2.553764 -2.907082 -2.883867 -2.910947
-2.856974 -2.894111 -2.895283 -2.874761 -2.920927
-2.91556 -2.813211 -2.804971 -2.875044 -2.847851
-2.978549 -2.887626 -2.903838 -2.922749 -2.924878
-2.979037 -2.89677 -2.895883 -2.937115 -2.995988
-2.907227 -2.829421 -2.913289 -2.653883 -2.51524
-2.931485 -2.929108 -2.872346 -2.933874 -2.789268
-2.884735 -2.489866 -2.922971 -2.905195 -2.904721
-2.77416 -2.850104 -2.875463 -2.940796 -2.930543
-2.830943 -2.925979 -2.937572 -2.867081 -2.97104
-2.961045 -2.881254 -2.886175 -2.842302 -2.977826
-2.82915 -2.960031 -2.99759 -3.015165 -3.002433
-2.976597
