-2.850032 -2.852012 -2.774964 -2.796109 -2.851713
-2.784182 -2.798575 -2.906652 -2.915448 -2.820865
-2.861195 -2.838679 -2.821239 -2.804552 -2.892095
-2.825254 -2.840833 -2.821109 -2.78858 -2.805006
-2.886086 -2.893623 -2.840977 -2.86473 -2.92465
-2.827872 -2.747909 -2.799985 -2.780947 -2.837887
-2.800663 -2.770059 -2.794959 -2.904109 -2.859687
-2.774838 -2.798758 -2.773507 -2.768749 -2.82215
-2.859181 -2.861769 -2.818861 -2.757062 -2.789791
-2.854451 -2.77207 -2.845754 -2.816637 -2.82933
-2.899033 -2.770138 -2.846921 -2.778356 -2.852982
-2.881862 -2.745932 -2.87568 -2.850392 -2.923556
-2.804565 -2.815333 -2.815686 -2.828355 -2.810408
-2.845895 -2.853184 -2.836279 -2.814097 -2.79833
-2.852962 -2.835981 -2.843224 -2.936081 -2.850616
-2.930085 -2.951455 -2.84097 -2.887479 -2.782322
-2.898769 -2.835932 -2.846192 -2.863977 -2.838087
-2.862935 -2.871424 -2.848318 -2.921929 -2.913181
-2.885832 -2.85849 -2.839391 -2.919296 -2.833
-2.870158 -2.825702 -2.905548 -2.887461 -2.787299
-2.809268 -2.846853 -2.821961 -2.858654 -2.862617
-2.86844 -2.825236 -2.763682 -2.759788 -2.807033
-2.806876 -2.883572 -2.809292 -2.879662 -2.893359
-2.855591 -2.762258 -2.771567 -2.807601 -2.843891
-2.934918 -2.834441 -2.871528 -2.793111 -2.780353
-2.819965 -2.938669 -2.711324 -2.826914 -2.761057
-2.831812 -2.792231 -2.723748 -2.859483 -2.849478
-2.966091 -2.865322 -2.91394 -2.863771 -2.754886
-2.851058 -2.784107 -2.767078 -2.840218 -2.860261
-2.872802 -2.672689 -2.887386 -2.769107 -2.784659
-2.908344 -2.889629 -2.852604 -2.852176 -2.887278
-2.812497 -2.808714 -2.749789 -2.848683 -2.858275
-2.839268 -2.82838 -2.836594 -2.851388 -2.883286
-2.806932 -2.827173 -2.748376 -2.902029 -2.876828
-2.970804 -2.84159 -2.856477 -2.801166 -2.809735
-2.857681 -2.850784 -2.814821 -2.840064 -2.791394
-2.862404 -2.852457 -2.797767 -2.837877 -2.805285
-2.781981 -2.900016 -2.800191 -2.738275 -2.807115
-2.867682 -2.743463 -2.83095 -2.859312 -2.862716
-2.777289 -2.794629 -2.750116 -2.894922 -2.882988
-2.80718
