-2.880246 -2.872963 -2.931513 -2.915518 -2.885173
-2.785865 -2.802513 -2.877307 -2.782798 -2.886608
-2.895587 -2.858219 -2.906326 -2.855706 -2.721287
-2.839622 -2.867376 -2.838364 -2.968839 -2.895702
-2.948708 -2.923844 -2.801907 -2.917809 -2.879441
-2.878334 -2.86833 -2.944489 -3.002989 -2.917809
-2.88824 -2.877336 -2.870053 -2.916076 -2.953418
-2.904646 -2.871987 -2.834316 -2.961024 -2.874894
-2.835338 -2.956431 -2.821136 -2.85868 -2.903564
-2.788303 -2.889924 -2.793746 -2.821261 -2.935138
-2.838642 -2.774625 -2.817912 -2.968196 -2.916862
-2.966252 -2.834419 -2.835237 -2.871997 -2.970121
-2.845252 -2.868743 -2.949141 -2.807082 -2.994018
-2.851618 -2.84508 -2.900032 -2.905249 -2.899666
-2.872537 -2.84532 -2.853578 -2.820591 -2.84793
-2.888525 -2.895502 -2.944178 -2.890133 -2.874292
-2.86979 -2.955552 -2.956466 -2.93911 -2.858041
-2.936974 -2.819764 -2.859951 -2.994034 -2.777533
-2.757953 -2.81405 -2.892086 -2.889286 -2.835702
-2.940837 -2.872218 -2.882625 -2.862246 -2.847023
-2.815031 -2.891355 -2.863606 -2.837467 -2.854344
-2.827928 -2.962585 -2.833977 -2.923949 -2.931121
-2.911864 -2.830507 -2.884293 -2.904841 -2.861027
-2.781693 -2.83781 -2.851778 -2.892286 -2.794719
-2.907892 -2.967958 -2.96223 -2.701556 -2.814655
-2.72654 -2.862996 -2.878646 -2.88276 -2.92454
-2.761485 -2.8388 -2.880326 -2.805799 -2.930054
-2.879758 -2.934437 -2.855866 -2.923511 -2.799651
-2.840341 -2.931588 -2.814367 -2.949789 -2.877891
-2.921338 -2.867791 -2.840806 -2.862288 -2.902424
-2.815471 -2.807929 -2.847407 -2.787165 -2.896894
-2.899215 -2.809878 -2.973699 -2.864897 -2.895491
-2.916424 -2.857127 -2.798815 -2.881985 -2.875431
-2.885887 -2.888001 -2.868383 -2.948351 -2.86525
-2.876565 -2.840323 -2.914687 -2.873982 -2.91628
-2.904565 -2.86773 -2.918768 -2.810943 -2.801569
-2.828366 -2.889029 -2.907152 -3.027795 -2.832764
-2.874645 -2.938203 -2.926346 -2.959327 -2.969941
-2.844838 -2.904054 -2.794285 -2.832485 -2.838711
-2.935615 -2.880057 -2.863457 -2.936553 -2.905891
-2.780488
