-2.845942 -2.814289 -2.847514 -2.874894 -2.82437
-2.879324 -2.798216 -2.822122 -2.910276 -2.813729
-2.890667 -2.860487 -2.77751 -2.857457 -2.850327
-2.822167 -2.86183 -2.82293 -2.800881 -2.742117
-2.852816 -2.862639 -2.938065 -2.793606 -2.81
-2.80582 -2.847884 -2.84796 -2.856535 -2.84629
-2.885431 -2.865041 -2.816441 -2.763086 -2.898007
-2.83486 -2.806439 -2.824968 -2.82701 -2.88227
-2.816057 -2.831908 -2.842522 -2.581189 -2.837674
-2.915666 -2.770164 -2.848196 -2.837156 -2.808537
-2.830327 -2.887976 -2.815515 -2.820006 -2.829524
-2.866509 -2.811477 -2.85251 -2.886798 -2.819213
-2.763963 -2.846092 -2.837257 -2.876937 -2.867253
-2.807719 -2.819518 -2.821216 -2.870058 -2.801458
-2.844732 -2.790855 -2.834034 -2.857576 -2.791806
-2.868451 -2.872163 -2.85861 -2.877822 -2.884363
-2.851939 -2.835826 -2.790741 -2.856907 -2.866067
-2.85582 -2.808427 -2.856611 -2.745181 -2.818953
-2.869938 -2.811919 -2.811174 -2.868778 -2.859966
-2.846146 -2.834311 -2.854784 -2.892648 -2.913534
-2.841174 -2.819005 -2.803092 -2.840251 -2.831116
-2.811683 -2.816299 -2.801065 -2.854731 -2.81443
-2.868034 -2.80505 -2.859802 -2.855696 -2.849798
-2.852035 -2.847389 -2.838054 -2.843777 -2.816133
-2.862343 -2.870111 -2.886711 -2.842238 -2.794302
-2.788619 -2.830837 -2.823802 -2.859477 -2.679251
-2.813625 -2.836957 -2.775714 -2.829846 -2.898996
-2.91271 -2.87485 -2.806831 -2.850247 -2.837615
-2.869655 -2.869402 -2.878094 -2.836989 -2.788472
-2.816157 -2.856975 -2.896925 -2.874231 -2.875234
-2.913828 -2.84665 -2.83465 -2.672823 -2.740524
-2.853239 -2.672158 -2.778947 -2.81062 -2.838466
-2.879717 -2.902796 -2.842279 -2.801247 -2.841201
-2.835784 -2.81328 -2.835693 -2.865057 -2.840192
-2.890267 -2.875675 -2.818709 -2.850907 -2.874526
-2.869589 -2.834928 -2.857915 -2.849108 -2.898236
-2.789533 -2.818717 -2.834672 -2.750935 -2.793669
-2.82949 -2.850406 -2.802053 -2.878479 -2.841801
-2.889792 -2.852677 -2.65276 -2.896308 -2.877877
-2.896276 -2.796223 -2.76748 -2.788711 -2.795669
-2.87515
