-2.839003 -2.85546 -2.819257 -2.864598 -2.854436
-2.764904 -2.777683 -2.854688 -2.836005 -2.855257
-2.87967 -2.879095 -2.847079 -2.846081 -2.84417
-2.825952 -2.828145 -2.734632 -2.870923 -2.908212
-2.849524 -2.8677 -2.871432 -2.932641 -2.815144
-2.807451 -2.833789 -2.901546 -2.87763 -2.895335
-2.917854 -2.856591 -2.836975 -2.825875 -2.841822
-2.781882 -2.758457 -2.848701 -2.874104 -2.84681
-2.878027 -2.783841 -2.847821 -2.870267 -2.820775
-2.848598 -2.792803 -2.772038 -2.891377 -2.795293
-2.824755 -2.892886 -2.843851 -2.838627 -2.821976
-2.874445 -2.829758 -2.879483 -2.734807 -2.898424
-2.843058 -2.858137 -2.743758 -2.789394 -2.82386
-2.854697 -2.834824 -2.77855 -2.763818 -2.879611
-2.750883 -2.843158 -2.828323 -2.782437 -2.83141
-2.815637 -2.845774 -2.785063 -2.796346 -2.791996
-2.810557 -2.786717 -2.823955 -2.914878 -2.864146
-2.729076 -2.830557 -2.863328 -2.828319 -2.793015
-2.806954 -2.816465 -2.899289 -2.8186 -2.879132
-2.786763 -2.816211 -2.84697 -2.899529 -2.789012
-2.844821 -2.790304 -2.901463 -2.892037 -2.869864
-2.83391 -2.853644 -2.873357 -2.882603 -2.874779
-2.793778 -2.777 -2.80871 -2.81293 -2.828456
-2.848783 -2.819599 -2.812616 -2.899543 -2.777473
-2.834023 -2.783777 -2.827594 -2.826118 -2.801405
-2.838577 -2.747708 -2.863437 -2.852785 -2.786383
-2.733369 -2.838465 -2.812669 -2.884856 -2.786487
-2.861906 -2.761734 -2.751545 -2.911475 -2.820525
-2.790827 -2.846002 -2.791498 -2.915657 -2.897793
-2.828123 -2.819404 -2.901076 -2.824842 -2.794893
-2.765624 -2.753217 -2.89 -2.823018 -2.902785
-2.865738 -2.844067 -2.829182 -2.838106 -2.806018
-2.812599 -2.806611 -2.839425 -2.78392 -2.847746
-2.900262 -2.781861 -2.83293 -2.792005 -2.79209
-2.864933 -2.838194 -2.844004 -2.856923 -2.813443
-2.872242 -2.78842 -2.798115 -2.888897 -2.849805
-2.865997 -2.823569 -2.757974 -2.850436 -2.767696
-2.785724 -2.796833 -2.750548 -2.901175 -2.828933
-2.830751 -2.836222 -2.849602 -2.861516 -2.779847
-2.828983 -2.828827 -2.808731 -2.840089 -2.890315
-2.824487
