-2.852126 -2.796826 -2.761742 -2.841042 -2.865995
-2.855536 -2.821271 -2.789817 -2.784816 -2.833644
-2.835421 -2.86445 -2.767722 -2.880516 -2.918732
-2.803466 -2.815303 -2.836307 -2.913719 -2.852712
-2.796458 -2.851636 -2.772919 -2.869522 -2.839494
-2.867011 -2.814545 -2.837213 -2.820705 -2.871533
-2.897885 -2.847668 -2.858513 -2.811156 -2.833332
-2.790544 -2.81286 -2.849125 -2.92683 -2.901964
-2.797845 -2.824201 -2.809077 -2.890878 -2.874953
-2.899751 -2.828766 -2.872713 -2.85522 -2.810546
-2.838015 -2.788284 -2.859087 -2.590878 -2.835119
-2.827956 -2.817424 -2.787652 -2.830238 -2.813257
-2.811422 -2.781919 -2.792372 -2.80023 -2.897293
-2.879456 -2.825567 -2.847144 -2.817502 -2.853091
-2.862913 -2.869467 -2.810757 -2.917907 -2.851347
-2.898808 -2.809545 -2.884594 -2.816073 -2.818103
-2.757786 -2.845706 -2.787668 -2.81067 -2.856538
-2.898192 -2.845911 -2.849018 -2.803649 -2.80091
-2.871674 -2.799602 -2.701211 -2.858182 -2.897075
-2.80779 -2.867196 -2.75964 -2.827361 -2.80174
-2.859096 -2.813776 -2.854532 -2.825952 -2.808205
-2.885414 -2.846052 -2.841088 -2.828096 -2.843379
-2.876418 -2.865291 -2.843951 -2.934021 -2.808229
-2.805545 -2.851552 -2.845763 -2.859695 -2.85445
-2.895042 -2.847918 -2.796029 -2.895612 -2.860573
-2.831432 -2.811501 -2.836157 -2.830621 -2.898479
-2.918363 -2.880587 -2.944973 -2.882076 -2.89791
-2.863121 -2.802108 -2.871348 -2.846387 -2.85203
-2.880351 -2.888202 -2.815355 -2.802947 -2.840071
-2.858283 -2.867957 -2.835072 -2.799253 -2.746252
-2.892012 -2.922209 -2.826738 -2.85513 -2.828656
-2.851575 -2.873075 -2.757505 -2.83779 -2.860762
-2.887671 -2.899051 -2.84758 -2.867455 -2.851284
-2.87129 -2.828156 -2.837857 -2.835598 -2.787194
-2.8825 -2.847487 -2.872358 -2.837905 -2.771199
-2.751975 -2.831122 -2.838591 -2.81841 -2.869507
-2.81722 -2.862423 -2.869728 -2.888229 -2.802783
-2.911948 -2.84647 -2.839451 -2.835615 -2.802456
-2.800669 -2.82595 -2.776237 -2.8417 -2.864702
-2.81756 -2.880174 -2.901862 -2.830445 -2.892588
-2.91235
