-2.881451 -2.75216 -2.750125 -2.921001 -2.86822
-2.854935 -2.885374 -2.883629 -2.80644 -2.811257
-2.914263 -2.815337 -2.898319 -2.857053 -2.933208
-2.946054 -2.868418 -2.94146 -2.847197 -2.853887
-2.92303 -2.891839 -2.814771 -2.950108 -2.879527
-2.808815 -2.871692 -2.827279 -2.869777 -2.987726
-2.898313 -2.902657 -2.764389 -2.921745 -2.908975
-2.906639 -2.912705 -2.810475 -2.826702 -2.83505
-2.910453 -2.790937 -2.84771 -2.913787 -2.85858
-2.913209 -2.8364 -2.879119 -2.853708 -2.904398
-2.840539 -2.918911 -2.863376 -2.938415 -2.879779
-2.88001 -2.825537 -2.915028 -2.887893 -2.904462
-2.878299 -2.880996 -2.865281 -2.869283 -2.893403
-2.86187 -2.931099 -2.914632 -2.83108 -2.770191
-2.838264 -2.96113 -2.923866 -2.841313 -2.889708
-2.796394 -2.77047 -2.878704 -2.891361 -2.916902
-2.852811 -2.843504 -2.829873 -2.869259 -2.92819
-2.84074 -2.88489 -2.988713 -2.813179 -2.818357
-2.860577 -2.733801 -2.859275 -2.897104 -2.852629
-2.972819 -2.82244 -2.871612 -2.863094 -2.94619
-2.904836 -2.85485 -2.894847 -2.844174 -2.879767
-2.837752 -2.918063 -2.867246 -2.842298 -2.855507
-2.868728 -2.851829 -2.881789 -2.854954 -2.855333
-2.856942 -2.872298 -2.791245 -2.903964 -2.877169
-2.833184 -2.894462 -2.871885 -2.890176 -2.890791
-2.89202 -2.934817 -2.880107 -2.88167 -2.72589
-2.879452 -2.868839 -2.913067 -2.923977 -2.842582
-2.894408 -2.871988 -2.903904 -2.886061 -2.928578
-2.896596 -2.807266 -2.816542 -2.883722 -2.929066
-2.927918 -2.867882 -2.86091 -2.828971 -2.889874
-2.741748 -2.861847 -2.95723 -2.815404 -2.873953
-2.880544 -2.892314 -2.857083 -2.976887 -2.889451
-2.85193 -2.931098 -2.963541 -2.88964 -2.880415
-2.907684 -2.860179 -2.822932 -2.849908 -2.838547
-2.916287 -2.875627 -2.842055 -2.8828 -2.940593
-2.871644 -2.841036 -2.870958 -2.870802 -2.894923
-2.88737 -2.9084 -2.854015 -2.842698 -2.886821
-2.81051 -2.881473 -2.851894 -2.887279 -2.880479
-2.873915 -2.899173 -2.794774 -2.93393 -2.890974
-2.843234 -2.946693 -2.865755 -2.843374 -2.836064
-2.935216
