-2.903365 -2.884943 -2.906591 -2.908612 -2.904859
-2.915217 -2.897739 -2.889725 -2.861927 -2.947944
-2.88934 -2.907273 -2.912677 -2.906534 -2.902412
-2.875285 -2.908702 -2.875027 -2.956111 -2.900599
-2.87783 -2.910057 -2.915454 -2.902458 -2.913691
-2.879175 -2.880233 -2.903808 -2.880436 -2.865173
-2.885735 -2.888643 -2.88971 -2.869873 -2.886868
-2.871274 -2.856816 -2.903474 -2.915522 -2.93916
-2.857748 -2.932452 -2.916885 -2.910231 -2.915191
-2.901498 -2.898364 -2.892644 -2.898519 -2.897286
-2.890591 -2.914104 -2.900134 -2.910993 -2.885988
-2.929792 -2.906558 -2.86798 -2.891 -2.899098
-2.871564 -2.862867 -2.891677 -2.883738 -2.907495
-2.891828 -2.899231 -2.903513 -2.888592 -2.923277
-2.884734 -2.921866 -2.900966 -2.866856 -2.875297
-2.907453 -2.899698 -2.851572 -2.91791 -2.702288
-2.903114 -2.88683 -2.926414 -2.896025 -2.876327
-2.872752 -2.916173 -2.869708 -2.934436 -2.91935
-2.885536 -2.914561 -2.916006 -2.892887 -2.887155
-2.89342 -2.871847 -2.741749 -2.916144 -2.892557
-2.911987 -2.924417 -2.883868 -2.894868 -2.88044
-2.906833 -2.890742 -2.897044 -2.867156 -2.894733
-2.926226 -2.887366 -2.909909 -2.910005 -2.905865
-2.885461 -2.8875 -2.883399 -2.881638 -2.867829
-2.935004 -2.908147 -2.85948 -2.923785 -2.898887
-2.887327 -2.9111 -2.925055 -2.914806 -2.895024
-2.877036 -2.894984 -2.881078 -2.866926 -2.88715
-2.876598 -2.852229 -2.922647 -2.891072 -2.921337
-2.889445 -2.898627 -2.890544 -2.910458 -2.939054
-2.880532 -2.866127 -2.893239 -2.915924 -2.886572
-2.868709 -2.893502 -2.904998 -2.911588 -2.881152
-2.906726 -2.82505 -2.916124 -2.901666 -2.897473
-2.873952 -2.918121 -2.875518 -2.892714 -2.881668
-2.903927 -2.884761 -2.938332 -2.903359 -2.912366
-2.916521 -2.885801 -2.875575 -2.879877 -2.870733
-2.916588 -2.884168 -2.875958 -2.892758 -2.902696
-2.925753 -2.893758 -2.86781 -2.904933 -2.904698
-2.922517 -2.915038 -2.894777 -2.890614 -2.931704
-2.908785 -2.887435 -2.920018 -2.898028 -2.910092
-2.889639 -2.899275 -2.886551 -2.916088 -2.910923
-2.89893
