-2.909906 -2.936546 -2.895812 -2.941451 -2.930904
-2.917308 -2.899099 -2.951748 -2.962193 -2.873618
-2.873923 -2.902131 -2.926159 -2.927621 -2.879082
-2.891596 -2.939175 -2.923448 -2.909177 -2.883353
-2.868605 -2.907387 -2.91365 -2.878828 -2.892274
-2.881598 -2.883608 -2.945351 -2.897189 -2.865755
-2.901952 -2.91833 -2.928499 -2.924653 -2.898108
-2.903257 -2.88684 -2.87372 -2.840778 -2.894928
-2.976665 -2.940406 -2.848381 -2.9627 -2.918798
-2.947981 -2.847418 -2.933632 -2.885017 -2.843677
-2.912193 -2.84562 -2.921008 -2.887777 -2.874426
-2.897749 -2.882665 -2.87573 -2.883063 -2.91964
-2.913265 -2.865001 -2.929915 -2.882999 -2.969886
-2.94532 -2.871476 -2.926021 -2.905785 -2.908104
-2.877961 -2.900415 -2.882158 -2.905884 -2.87523
-2.870496 -2.924577 -2.96523 -2.922638 -2.875857
-2.863945 -2.891556 -2.976876 -2.883376 -2.849343
-2.911203 -2.916072 -2.949511 -2.816666 -2.888557
-2.801798 -2.870569 -2.902244 -2.878985 -2.913584
-2.920685 -2.958384 -2.852025 -2.905712 -2.835027
-2.860303 -2.859918 -2.906848 -2.890936 -2.888375
-2.926949 -2.850986 -2.956916 -2.874623 -2.983218
-2.953752 -2.932378 -2.873496 -2.896829 -2.960355
-2.924626 -2.855824 -2.909818 -2.942247 -2.921176
-2.913563 -2.93179 -2.862016 -2.885862 -2.880457
-2.881986 -2.89128 -2.877898 -2.981877 -2.881008
-2.92046 -2.873425 -2.891233 -2.950222 -2.920091
-2.900908 -2.89265 -2.857966 -2.950898 -2.902504
-2.918613 -2.97334 -2.871456 -2.914078 -2.980242
-2.941156 -2.889973 -2.86877 -2.914447 -2.896124
-2.926111 -2.936393 -2.933951 -2.824422 -2.869508
-2.915954 -2.910818 -2.890492 -2.877887 -2.950136
-2.888388 -2.924818 -2.898681 -2.861497 -2.902336
-2.863624 -2.8779 -2.786519 -2.92054 -2.935265
-2.935704 -2.92299 -2.966448 -2.862366 -2.920178
-2.895731 -2.877798 -2.918415 -2.865562 -2.899582
-2.900214 -2.852346 -2.951677 -2.916569 -2.94555
-2.896526 -2.90551 -2.852508 -2.951127 -2.900548
-2.938218 -2.846718 -2.920513 -2.882693 -2.822899
-2.874221 -2.869333 -2.863539 -2.92632 -2.86738
-2.825976
