-2.813046 -2.86096 -2.840418 -2.807199 -2.752991
-2.8742 -2.745134 -2.877147 -2.818294 -2.831669
-2.837058 -2.813633 -2.773107 -2.828921 -2.833708
-2.834554 -2.796396 -2.809095 -2.830619 -2.813998
-2.866889 -2.711222 -2.814607 -2.776164 -2.820137
-2.831602 -2.79545 -2.893585 -2.797479 -2.776375
-2.77038 -2.822769 -2.757086 -2.728967 -2.800409
-2.822492 -2.765725 -2.827989 -2.920232 -2.906596
-2.828719 -2.778957 -2.902421 -2.745279 -2.783925
-2.824937 -2.820008 -2.849494 -2.893521 -2.758294
-2.784625 -2.841633 -2.792276 -2.836619 -2.813002
-2.845487 -2.808055 -2.836595 -2.874886 -2.863854
-2.750282 -2.789034 -2.773705 -2.803587 -2.787889
-2.80429 -2.82616 -2.770169 -2.843506 -2.766724
-2.798481 -2.82793 -2.701476 -2.890715 -2.760542
-2.853269 -2.799144 -2.782686 -2.870076 -2.85213
-2.791027 -2.759235 -2.782067 -2.783656 -2.884739
-2.887076 -2.838479 -2.770213 -2.738411 -2.775507
-2.83701 -2.796469 -2.804612 -2.727078 -2.833314
-2.79489 -2.86624 -2.774812 -2.848381 -2.79884
-2.780288 -2.842375 -2.88288 -2.767777 -2.828055
-2.795536 -2.820214 -2.812384 -2.84614 -2.792688
-2.800411 -2.821215 -2.799955 -2.845332 -2.755675
-2.836616 -2.865434 -2.836926 -2.795598 -2.780862
-2.876756 -2.767804 -2.821766 -2.847923 -2.814119
-2.811456 -2.830497 -2.878957 -2.826673 -2.782748
-2.838342 -2.810758 -2.811267 -2.787426 -2.842308
-2.786047 -2.875383 -2.763288 -2.817704 -2.843431
-2.830747 -2.760396 -2.789191 -2.806423 -2.763301
-2.876017 -2.772776 -2.748152 -2.847173 -2.772408
-2.87342 -2.799143 -2.770465 -2.820816 -2.788857
-2.819595 -2.940991 -2.812866 -2.803179 -2.813128
-2.85298 -2.843463 -2.76272 -2.8346 -2.830945
-2.797802 -2.807272 -2.804247 -2.845611 -2.843541
-2.832215 -2.850726 -2.841975 -2.849228 -2.774227
-2.740542 -2.86151 -2.822373 -2.806666 -2.796114
-2.827422 -2.815873 -2.795022 -2.849502 -2.844461
-2.826357 -2.793409 -2.762649 -2.819476 -2.744854
-2.859972 -2.824538 -2.848289 -2.866366 -2.745188
-2.776396 -2.813279 -2.81561 -2.815868 -2.819657
-2.775712
