-2.807945 -2.80191 -2.715787 -2.759143 -2.791323
-2.776187 -2.728598 -2.810092 -2.797079 -2.790102
-2.816589 -2.822517 -2.795621 -2.912713 -2.802311
-2.806891 -2.814816 -2.792871 -2.812563 -2.84741
-2.804582 -2.797043 -2.76196 -2.831044 -2.747699
-2.810655 -2.80036 -2.857673 -2.812901 -2.836811
-2.796146 -2.831106 -2.810916 -2.784101 -2.754123
-2.736804 -2.859616 -2.817422 -2.820286 -2.878367
-2.897251 -2.800077 -2.777278 -2.819512 -2.791672
-2.818693 -2.738481 -2.820118 -2.776189 -2.786131
-2.791839 -2.812041 -2.816929 -2.791735 -2.794085
-2.854342 -2.833211 -2.836308 -2.861867 -2.804464
-2.817344 -2.781288 -2.776242 -2.798642 -2.797116
-2.773804 -2.780192 -2.803685 -2.756109 -2.788569
-2.783946 -2.75463 -2.740579 -2.799611 -2.785804
-2.840422 -2.767253 -2.792898 -2.757792 -2.787039
-2.78275 -2.808325 -2.814228 -2.777955 -2.806197
-2.771395 -2.79727 -2.81282 -2.780736 -2.785664
-2.773724 -2.767227 -2.800807 -2.754423 -2.841826
-2.847379 -2.79092 -2.734653 -2.800098 -2.808479
-2.904157 -2.8101 -2.802765 -2.816546 -2.782433
-2.85186 -2.851943 -2.845414 -2.775105 -2.795297
-2.841708 -2.838412 -2.861649 -2.810502 -2.827749
-2.76988 -2.780197 -2.794253 -2.803016 -2.747075
-2.847663 -2.8359 -2.809874 -2.814301 -2.842718
-2.785955 -2.7782 -2.764979 -2.793945 -2.839611
-2.827544 -2.795889 -2.819267 -2.766023 -2.77023
-2.815213 -2.802696 -2.624165 -2.856324 -2.812061
-2.835431 -2.83448 -2.809412 -2.810039 -2.815151
-2.762261 -2.811062 -2.767728 -2.805261 -2.772378
-2.816165 -2.835857 -2.800577 -2.759876 -2.805022
-2.793697 -2.755484 -2.851556 -2.809139 -2.808581
-2.824286 -2.805225 -2.853008 -2.867068 -2.787677
-2.670383 -2.813317 -2.812183 -2.797129 -2.787481
-2.813431 -2.823193 -2.745492 -2.833735 -2.83103
-2.849616 -2.801154 -2.738083 -2.770575 -2.832883
-2.819424 -2.763567 -2.819971 -2.82093 -2.767334
-2.736486 -2.879046 -2.785606 -2.810855 -2.76928
-2.818786 -2.826144 -2.781411 -2.774278 -2.796478
-2.784806 -2.78444 -2.764974 -2.813933 -2.774184
-2.725946
