-2.85316 -2.897418 -2.904378 -2.87483 -2.855683
-2.86389 -2.834125 -2.815256 -2.846975 -2.881732
-2.900099 -2.8738 -2.877794 -2.809073 -2.843153
-2.860391 -2.849372 -2.847757 -2.860248 -2.830527
-2.860324 -2.860922 -2.84313 -2.850073 -2.835321
-2.829434 -2.843651 -2.827546 -2.797512 -2.839676
-2.861368 -2.83048 -2.803356 -2.870085 -2.854782
-2.879978 -2.841154 -2.821904 -2.839387 -2.807299
-2.844599 -2.862402 -2.854691 -2.879443 -2.823904
-2.875419 -2.870074 -2.855215 -2.836893 -2.803449
-2.870199 -2.808182 -2.82049 -2.854208 -2.877031
-2.842018 -2.859179 -2.843964 -2.822047 -2.861943
-2.841786 -2.816265 -2.832317 -2.824648 -2.82466
-2.805541 -2.818592 -2.896279 -2.888591 -2.873978
-2.870755 -2.800665 -2.864938 -2.834314 -2.824663
-2.870196 -2.812904 -2.819176 -2.814209 -2.88764
-2.834531 -2.842939 -2.810439 -2.813278 -2.863183
-2.816925 -2.808089 -2.843648 -2.860686 -2.832202
-2.851251 -2.85441 -2.85711 -2.869643 -2.847694
-2.830575 -2.845363 -2.897179 -2.825443 -2.808641
-2.840618 -2.844866 -2.808906 -2.804619 -2.852484
-2.857152 -2.825807 -2.842017 -2.846039 -2.877064
-2.876587 -2.865295 -2.881683 -2.887424 -2.87827
-2.859958 -2.894501 -2.860654 -2.8132 -2.852899
-2.817848 -2.866495 -2.857041 -2.869258 -2.798545
-2.851048 -2.824803 -2.873567 -2.861515 -2.827488
-2.886906 -2.856248 -2.836543 -2.852645 -2.850494
-2.785875 -2.872717 -2.836457 -2.881467 -2.839906
-2.8556 -2.842914 -2.814976 -2.795988 -2.867919
-2.818468 -2.832472 -2.816551 -2.864412 -2.820386
-2.833136 -2.794713 -2.851703 -2.821029 -2.784948
-2.837398 -2.865482 -2.848328 -2.847702 -2.84479
-2.77888 -2.806675 -2.804005 -2.806579 -2.860856
-2.832348 -2.84842 -2.87698 -2.858449 -2.815498
-2.796927 -2.830965 -2.822207 -2.831085 -2.826854
-2.84497 -2.859332 -2.857337 -2.836019 -2.834397
-2.834988 -2.881685 -2.841329 -2.840128 -2.828245
-2.845798 -2.869008 -2.869234 -2.854492 -2.866812
-2.843723 -2.799552 -2.874382 -2.840611 -2.835546
-2.840015 -2.811723 -2.864381 -2.825346 -2.830644
-2.88228
