-2.796307 -2.773094 -2.802641 -2.754959 -2.755072
-2.800748 -2.759564 -2.787941 -2.900211 -2.802861
-2.832447 -2.8624 -2.728736 -2.780065 -2.76488
-2.775408 -2.853964 -2.745505 -2.743095 -2.68109
-2.761469 -2.834255 -2.788751 -2.712135 -2.719068
-2.848268 -2.709614 -2.864063 -2.722868 -2.692429
-2.762966 -2.835254 -2.706566 -2.833778 -2.792158
-2.722529 -2.809609 -2.778501 -2.74072 -2.817582
-2.78867 -2.743672 -2.766244 -2.817521 -2.791057
-2.879189 -2.751873 -2.867457 -2.814458 -2.805317
-2.683032 -2.802594 -2.71097 -2.867464 -2.732915
-2.818558 -2.888786 -2.760632 -2.792802 -2.728236
-2.809135 -2.813426 -2.91084 -2.752725 -2.832058
-2.910587 -2.769901 -2.845243 -2.798693 -2.789958
-2.884439 -2.85493 -2.854715 -2.753502 -2.836447
-2.878247 -2.825871 -2.706398 -2.848867 -2.703617
-2.851817 -2.742666 -2.832348 -2.804479 -2.864109
-2.795212 -2.804321 -2.772131 -2.778686 -2.805221
-2.802932 -2.795446 -2.804344 -2.834544 -2.768027
-2.742076 -2.851903 -2.772712 -2.744248 -2.743715
-2.866395 -2.775776 -2.779337 -2.768192 -2.687581
-2.789747 -2.689341 -2.81017 -2.767201 -2.796737
-2.782707 -2.785457 -2.718701 -2.801261 -2.733257
-2.740437 -2.808842 -2.677093 -2.851183 -2.72573
-2.876412 -2.737649 -2.780244 -2.814027 -2.867437
-2.760837 -2.732097 -2.76309 -2.823939 -2.765878
-2.715532 -2.688444 -2.796655 -2.737259 -2.775247
-2.739482 -2.871615 -2.777489 -2.774029 -2.802994
-2.775084 -2.734403 -2.754539 -2.822163 -2.805724
-2.726778 -2.761248 -2.801038 -2.776422 -2.886861
-2.838182 -2.907492 -2.746004 -2.787097 -2.714477
-2.772513 -2.828073 -2.780867 -2.824231 -2.829222
-2.788826 -2.889496 -2.726671 -2.70924 -2.693886
-2.827996 -2.784371 -2.776262 -2.745306 -2.804734
-2.808165 -2.719597 -2.760882 -2.74618 -2.817215
-2.837196 -2.789774 -2.815406 -2.780142 -2.689101
-2.728998 -2.810743 -2.833728 -2.823096 -2.712445
-2.756539 -2.783443 -2.723592 -2.826108 -2.84619
-2.753268 -2.786474 -2.811484 -2.863885 -2.745771
-2.837768 -2.87012 -2.733125 -2.772669 -2.790356
-2.874451
