-2.847214 -2.905054 -2.880624 -2.919184 -2.78759
-2.836051 -2.80534 -2.840763 -2.823642 -2.750545
-2.859046 -2.776905 -2.827479 -2.803951 -2.785797
-2.812567 -2.801612 -2.775979 -2.858043 -2.83663
-2.872291 -2.794116 -2.891289 -2.813332 -2.851966
-2.858783 -2.8544 -2.839163 -2.805161 -2.813347
-2.809154 -2.829541 -2.851104 -2.740211 -2.705164
-2.854352 -2.833039 -2.867457 -2.845571 -2.7616
-2.855421 -2.842289 -2.774724 -2.792204 -2.897854
-2.83717 -2.886538 -2.758033 -2.883885 -2.875323
-2.831305 -2.837777 -2.845902 -2.82942 -2.821374
-2.798019 -2.854999 -2.851578 -2.834833 -2.838741
-2.801769 -2.852646 -2.748864 -2.911631 -2.835062
-2.785132 -2.809407 -2.774182 -2.827735 -2.854293
-2.787343 -2.871834 -2.858376 -2.850442 -2.85792
-2.790166 -2.870529 -2.834146 -2.820546 -2.837419
-2.816535 -2.833496 -2.852869 -2.797183 -2.773789
-2.819261 -2.813384 -2.761134 -2.800168 -2.837833
-2.841257 -2.818784 -2.80747 -2.858483 -2.832382
-2.817035 -2.789227 -2.720509 -2.793398 -2.851923
-2.839785 -2.861418 -2.832518 -2.817097 -2.826845
-2.806126 -2.877133 -2.836922 -2.807665 -2.873959
-2.879112 -2.907452 -2.870962 -2.781835 -2.801479
-2.824753 -2.855304 -2.844773 -2.902702 -2.860835
-2.873853 -2.821391 -2.828697 -2.860373 -2.911364
-2.902589 -2.897609 -2.843021 -2.787325 -2.819258
-2.898269 -2.796038 -2.826787 -2.834811 -2.872248
-2.845828 -2.911375 -2.856745 -2.803369 -2.834593
-2.819262 -2.868067 -2.816911 -2.80497 -2.80503
-2.868096 -2.833652 -2.841457 -2.788811 -2.832492
-2.84816 -2.874139 -2.827015 -2.913504 -2.912357
-2.883403 -2.847446 -2.853697 -2.813814 -2.81849
-2.786922 -2.846948 -2.914074 -2.747963 -2.861409
-2.7911 -2.883669 -2.879545 -2.887396 -2.809059
-2.832507 -2.831179 -2.812067 -2.858946 -2.841927
-2.762936 -2.852146 -2.891807 -2.843948 -2.908571
-2.832869 -2.853605 -2.908036 -2.842174 -2.761957
-2.928704 -2.786925 -2.852304 -2.84212 -2.825728
-2.777881 -2.827631 -2.821247 -2.848123 -2.826293
-2.858602 -2.807019 -2.863119 -2.829707 -2.848203
-2.827281
