-2.892416 -2.875084 -2.884067 -2.895652 -2.862033
-2.864944 -2.877757 -2.901329 -2.894318 -2.874168
-2.860216 -2.817073 -2.867659 -2.892326 -2.882205
-2.863854 -2.884828 -2.900488 -2.888266 -2.888229
-2.88708 -2.830832 -2.820175 -2.925815 -2.841562
-2.891664 -2.87464 -2.904145 -2.879395 -2.850024
-2.867972 -2.854766 -2.900483 -2.920171 -2.879489
-2.889805 -2.856095 -2.855473 -2.888051 -2.950555
-2.903104 -2.893911 -2.899665 -2.871806 -2.933537
-2.875698 -2.836898 -2.884992 -2.915428 -2.859487
-2.939103 -2.878516 -2.881944 -2.860593 -2.882528
-2.856948 -2.898728 -2.93545 -2.855485 -2.89124
-2.90258 -2.906019 -2.906006 -2.87323 -2.846839
-2.846317 -2.889867 -2.873051 -2.911825 -2.912466
-2.921433 -2.886244 -2.907831 -2.910614 -2.895514
-2.862482 -2.896145 -2.872693 -2.89614 -2.874863
-2.891783 -2.903347 -2.909963 -2.884786 -2.928868
-2.885435 -2.916323 -2.917807 -2.877957 -2.938168
-2.921166 -2.905791 -2.837128 -2.848225 -2.907421
-2.896667 -2.925001 -2.900543 -2.914418 -2.890889
-2.88742 -2.879312 -2.863753 -2.854336 -2.856459
-2.896735 -2.865981 -2.858836 -2.91004 -2.847844
-2.854638 -2.904731 -2.908568 -2.914023 -2.900983
-2.919612 -2.870781 -2.901228 -2.84847 -2.900063
-2.865093 -2.869623 -2.858532 -2.922657 -2.893771
-2.861584 -2.86426 -2.870777 -2.876157 -2.90272
-2.881312 -2.892766 -2.876748 -2.874019 -2.89042
-2.914095 -2.880115 -2.882021 -2.902623 -2.896821
-2.852541 -2.885675 -2.878115 -2.888876 -2.880376
-2.903126 -2.86295 -2.893034 -2.85777 -2.885987
-2.886836 -2.888398 -2.897901 -2.888842 -2.894451
-2.933585 -2.881048 -2.87786 -2.892882 -2.92791
-2.893408 -2.836431 -2.891154 -2.878219 -2.915337
-2.895964 -2.826716 -2.904453 -2.914338 -2.879548
-2.878625 -2.900533 -2.901778 -2.889191 -2.896967
-2.869769 -2.892179 -2.857836 -2.904537 -2.86951
-2.899714 -2.912269 -2.853253 -2.880261 -2.872502
-2.900258 -2.928758 -2.884552 -2.899853 -2.873762
-2.869731 -2.870152 -2.889168 -2.896684 -2.895317
-2.884862 -2.915077 -2.922768 -2.871737 -2.879096
-2.87383
