-2.80582 -2.851502 -2.827767 -2.788927 -2.912955
-2.805908 -2.74218 -2.75088 -2.834604 -2.810733
-2.805218 -2.801372 -2.823396 -2.796901 -2.869667
-2.756012 -2.831287 -2.736854 -2.803604 -2.835981
-2.81215 -2.739876 -2.842854 -2.752651 -2.71529
-2.776359 -2.898862 -2.834309 -2.797353 -2.857226
-2.855712 -2.835017 -2.718231 -2.813125 -2.816903
-2.835574 -2.876646 -2.897841 -2.727526 -2.805381
-2.686489 -2.800076 -2.780984 -2.748975 -2.817626
-2.745481 -2.777817 -2.794577 -2.816207 -2.762429
-2.877121 -2.78784 -2.732815 -2.853795 -2.774703
-2.783847 -2.780966 -2.780032 -2.781243 -2.815413
-2.760887 -2.769429 -2.853289 -2.87716 -2.852641
-2.809021 -2.700111 -2.772338 -2.773231 -2.738469
-2.704179 -2.834685 -2.786528 -2.807239 -2.8445
-2.844549 -2.816699 -2.864413 -2.821764 -2.881083
-2.881462 -2.864353 -2.8482 -2.811129 -2.805956
-2.831999 -2.861794 -2.850706 -2.741407 -2.801407
-2.77816 -2.791723 -2.804984 -2.735232 -2.788185
-2.733258 -2.856817 -2.805173 -2.822913 -2.765026
-2.761708 -2.791798 -2.868005 -2.741547 -2.793057
-2.785092 -2.734869 -2.804862 -2.828405 -2.893556
-2.810786 -2.806084 -2.837117 -2.916442 -2.736222
-2.773209 -2.802369 -2.75839 -2.803789 -2.813082
-2.796244 -2.810121 -2.830045 -2.837918 -2.796001
-2.787615 -2.865487 -2.772469 -2.75117 -2.740626
-2.842403 -2.806397 -2.831358 -2.756656 -2.826904
-2.702197 -2.784956 -2.818418 -2.791043 -2.899137
-2.90032 -2.692497 -2.781038 -2.808016 -2.773281
-2.820782 -2.836681 -2.834842 -2.815466 -2.777808
-2.756267 -2.799497 -2.765989 -2.812309 -2.786341
-2.773305 -2.779447 -2.824671 -2.848519 -2.825841
-2.84551 -2.741069 -2.842382 -2.732297 -2.847849
-2.770055 -2.774023 -2.869058 -2.800031 -2.795617
-2.762843 -2.758632 -2.803361 -2.788647 -2.784671
-2.843847 -2.858849 -2.804971 -2.820674 -2.828425
-2.811664 -2.799911 -2.828797 -2.790896 -2.739376
-2.777123 -2.862652 -2.802334 -2.835765 -2.866674
-2.807514 -2.805493 -2.841924 -2.820604 -2.784061
-2.790191 -2.852486 -2.735785 -2.805127 -2.807602
-2.796691
