-2.920207 -2.881434 -2.985696 -2.838867 -2.913775
-2.921119 -2.907839 -2.900407 -2.873286 -2.88882
-2.925383 -2.853959 -2.842747 -2.893597 -2.992629
-2.918121 -2.913892 -2.945379 -2.983347 -2.919709
-2.887618 -2.907538 -2.958878 -2.996788 -2.918566
-2.801967 -2.881427 -2.874962 -2.8904 -2.864775
-2.968828 -2.939235 -2.971577 -2.891537 -2.907945
-2.875979 -2.846028 -2.878309 -2.975468 -2.923354
-2.871062 -2.872201 -2.842399 -2.902428 -2.937608
-2.89797 -2.923186 -2.907684 -2.911237 -2.890645
-2.896562 -2.911657 -2.872052 -2.948442 -2.90873
-2.880667 -2.938921 -2.950448 -2.918621 -2.904372
-2.938698 -2.918479 -2.947063 -2.915144 -2.948258
-2.913562 -2.974379 -2.97843 -2.957838 -2.906911
-2.900901 -2.853512 -2.901378 -2.961338 -2.936945
-2.906639 -2.949287 -2.899986 -2.879306 -2.91467
-2.959329 -2.966274 -2.89731 -2.942274 -2.889117
-2.888851 -2.951346 -2.94301 -2.920349 -2.885706
-2.897099 -2.962864 -2.934755 -2.900922 -2.874137
-2.92084 -2.899333 -2.901351 -2.870731 -2.906825
-2.903139 -2.969395 -3.025168 -2.90596 -2.91121
-2.933134 -2.919102 -2.925205 -2.935884 -2.876491
-2.959166 -2.922724 -2.929635 -2.918276 -2.896738
-2.878197 -2.920958 -2.920983 -2.968917 -2.935206
-2.910114 -2.895185 -2.894119 -2.804784 -2.898123
-2.91134 -2.857586 -2.916014 -2.906474 -2.964826
-3.005093 -2.919499 -2.897938 -2.964948 -2.93763
-2.843669 -2.888247 -2.852633 -2.891289 -2.925867
-2.931146 -2.972766 -2.88491 -2.910722 -2.830852
-2.905923 -2.963778 -2.907748 -2.93215 -2.830685
-2.890127 -2.89323 -2.893326 -2.917925 -2.886338
-2.898712 -2.920517 -2.91196 -2.899374 -2.92874
-2.881301 -2.909269 -2.889956 -2.89635 -3.015166
-2.86989 -2.892786 -2.916888 -2.885241 -2.950141
-2.939566 -2.950685 -2.871422 -2.915085 -2.96384
-2.910502 -2.923578 -2.909756 -2.911571 -2.903161
-2.91999 -2.945622 -2.913951 -2.929614 -2.85707
-2.96122 -2.886018 -2.969413 -2.916287 -2.931515
-2.918885 -2.889996 -2.932124 -2.96253 -2.837616
-2.970378 -2.860578 -2.908425 -2.913042 -3.00789
-2.933182
