-2.806154 -2.714367 -2.749824 -2.795989 -2.767043
-2.732104 -2.743841 -2.803778 -2.711421 -2.824448
-2.837737 -2.878546 -2.765248 -2.700553 -2.847937
-2.877594 -2.815827 -2.763869 -2.816312 -2.775636
-2.791902 -2.761102 -2.710155 -2.700068 -2.777579
-2.951001 -2.803337 -2.704242 -2.848671 -2.828251
-2.698971 -2.818011 -2.804246 -2.81845 -2.761688
-2.797492 -2.781549 -2.789034 -2.824452 -2.703071
-2.757901 -2.772203 -2.824617 -2.807125 -2.785728
-2.829762 -2.867035 -2.849218 -2.780532 -2.795924
-2.785794 -2.939794 -2.83424 -2.801204 -2.794195
-2.775212 -2.842686 -2.770115 -2.845516 -2.783516
-2.804802 -2.757189 -2.734151 -2.84223 -2.801552
-2.805437 -2.749776 -2.809627 -2.761952 -2.821583
-2.889 -2.868676 -2.724024 -2.828607 -2.778263
-2.795903 -2.795626 -2.59764 -2.607991 -2.776764
-2.810197 -2.824356 -2.809901 -2.841225 -2.824514
-2.805024 -2.790357 -2.808097 -2.747125 -2.779683
-2.82426 -2.800087 -2.817207 -2.842452 -2.866974
-2.918418 -2.794987 -2.832291 -2.772131 -2.792964
-2.715615 -2.777854 -2.754088 -2.845971 -2.725311
-2.727598 -2.777215 -2.774879 -2.809764 -2.809916
-2.755654 -2.782241 -2.857406 -2.690029 -2.767866
-2.787242 -2.690715 -2.811114 -2.743427 -2.745929
-2.778156 -2.835311 -2.756604 -2.822743 -2.741697
-2.71935 -2.823243 -2.75312 -2.839689 -2.80849
-2.811449 -2.777829 -2.958622 -2.824566 -2.840671
-2.866898 -2.773036 -2.867697 -2.799286 -2.803464
-2.678699 -2.841125 -2.796417 -2.761156 -2.799497
-2.764128 -2.902205 -2.832481 -2.772223 -2.768005
-2.805058 -2.745292 -2.818034 -2.965337 -2.75779
-2.768385 -2.74607 -2.745136 -2.778609 -2.735722
-2.788008 -2.868201 -2.823555 -2.804684 -2.827579
-2.765057 -2.724817 -2.783064 -2.811216 -2.792335
-2.811312 -2.877722 -2.698048 -2.875565 -2.827096
-2.798078 -2.791881 -2.764598 -2.82054 -2.791562
-2.74504 -2.873897 -2.825443 -2.812199 -2.770322
-2.76221 -2.801158 -2.822906 -2.86781 -2.829338
-2.842467 -2.788335 -2.762022 -2.81742 -2.81264
-2.740892 -2.819137 -2.716516 -2.759313 -2.853799
-2.907978
