-2.945584 -2.754478 -2.957916 -2.727759 -2.945927
-2.984904 -2.908701 -2.906358 -2.921059 -2.780756
-2.941648 -2.919237 -2.998769 -2.901451 -2.882039
-2.923752 -2.967733 -2.918412 -2.942629 -2.91208
-2.901421 -2.917869 -2.890049 -2.93132 -2.962567
-2.940677 -2.974188 -2.970633 -2.897601 -2.945821
-2.978036 -2.95015 -2.965962 -2.920708 -2.889625
-2.921094 -2.955656 -2.961858 -2.93463 -2.916981
-2.949608 -2.929626 -2.97441 -2.959839 -2.975384
-2.908934 -2.921689 -2.911472 -2.908321 -2.894336
-2.971449 -2.962492 -2.883948 -2.908254 -2.874734
-2.928999 -2.905991 -2.932345 -2.980137 -2.951874
-2.912716 -2.952105 -2.922821 -2.899708 -2.911577
-2.946238 -2.938258 -2.928313 -2.870834 -2.969206
-2.935233 -2.986821 -2.892123 -2.918983 -2.901453
-2.928405 -2.911869 -2.935213 -2.907463 -2.990859
-2.989179 -2.926624 -2.925506 -2.63189 -2.980984
-2.93708 -2.936367 -2.953902 -2.927944 -2.904589
-2.922651 -2.939991 -2.958099 -2.914378 -2.856423
-2.804265 -2.949766 -2.961725 -2.90664 -2.945065
-2.935222 -2.94368 -2.95535 -2.978124 -2.95479
-2.950954 -2.810209 -2.919564 -2.921622 -2.941074
-2.938682 -2.968516 -2.94451 -2.915811 -2.912122
-2.888819 -2.914114 -2.927363 -2.95564 -2.869838
-2.901146 -2.914346 -2.917632 -2.974311 -2.902989
-2.939621 -2.968678 -2.903896 -2.953255 -2.896908
-2.94031 -2.971163 -2.918997 -2.88334 -2.928477
-2.929954 -2.983518 -2.895355 -2.877175 -2.939935
-3.010698 -2.966885 -2.915437 -2.944344 -2.913349
-2.946498 -2.967446 -2.942712 -2.956909 -2.920618
-2.969692 -2.944473 -2.965049 -2.944106 -2.976027
-2.984757 -2.680743 -2.968736 -2.974846 -2.925511
-2.933841 -2.966649 -2.961055 -2.993081 -2.919668
-2.91261 -2.970357 -2.84095 -2.992829 -2.895231
-2.907991 -2.909474 -2.945866 -2.964043 -2.878868
-3.013872 -2.917256 -2.845221 -2.876144 -2.981834
-2.933757 -2.912906 -2.927757 -2.893538 -2.937077
-2.976213 -2.93371 -2.878509 -2.893663 -2.764614
-2.923774 -2.970889 -2.947166 -2.924203 -2.925108
-2.799185 -2.907357 -2.947956 -2.973422 -2.782867
-2.935858
