-2.918807 -2.978567 -2.841531 -2.874541 -2.958917
-2.930445 -2.978633 -2.73308 -2.845729 -2.717354
-2.947482 -2.954556 -2.905764 -2.915148 -2.889846
-2.938653 -2.401979 -2.905834 -3.022489 -2.759133
-2.932671 -2.812769 -2.857958 -2.929611 -2.919979
-2.858123 -2.869584 -2.657278 -2.987636 -2.893306
-2.348996 -2.982548 -2.92366 -2.903884 -2.930254
-2.972715 -2.541507 -2.832807 -2.869171 -2.286693
-2.86468 -2.509523 -2.972567 -2.296528 -2.146431
-2.852616 -2.916344 -2.840138 -2.916822 -2.890535
-2.762187 -2.343569 -2.490148 -2.897407 -2.944513
-2.960014 -2.945972 -2.208485 -2.962982 -2.884586
-2.873328 -2.946761 -2.876872 -2.991162 -2.813283
-2.672102 -2.845577 -2.938567 -2.582512 -2.944958
-2.975863 -2.975495 -2.906679 -2.917345 -2.913298
-2.918479 -2.910497 -2.957563 -2.952914 -2.881929
-2.940681 -2.85229 -2.246066 -2.468043 -2.966952
-2.934884 -2.838744 -2.906387 -2.8331 -2.907518
-2.95764 -2.870221 -2.602076 -2.934878 -2.727454
-2.61259 -2.865257 -2.240109 -2.923996 -2.871464
-2.929823 -2.940001 -2.877279 -2.909555 -2.856668
-2.91495 -2.913469 -2.899999 -2.899344 -2.277258
-2.885391 -2.954808 -2.835106 -2.530236 -2.947012
-2.300198 -2.87136 -2.902517 -2.916815 -2.925826
-2.783868 -2.860477 -2.799113 -2.91293 -2.888774
-2.860577 -2.944272 -2.920101 -2.960399 -2.926186
-2.911737 -2.417439 -2.885225 -2.920117 -2.919694
-2.85881 -2.90815 -2.269102 -2.913821 -2.910945
-2.14717 -2.195409 -2.28958 -2.801471 -2.912311
-2.916332 -2.916403 -2.891197 -2.9406 -2.97627
-2.38446 -2.90992 -2.889315 -2.920461 -2.903391
-2.896614 -2.811475 -2.864602 -2.938033 -2.965269
-2.90971 -2.896618 -2.250045 -2.864239 -2.937751
-2.915238 -2.871726 -2.928375 -2.930342 -2.715759
-2.869365 -2.920459 -2.919563 -2.634595 -2.844908
-2.916345 -2.125281 -2.178624 -2.820658 -2.882245
-2.892815 -2.499351 -2.935464 -2.836099 -2.914535
-2.866847 -2.902534 -2.907217 -2.815645 -2.508533
-2.913403 -2.882683 -2.897077 -2.973229 -2.845331
-2.859063 -2.303392 -2.953281 -2.982593 -2.793109
-2.212295
