-2.797191 -2.802255 -2.776519 -2.740915 -2.763517
-2.793903 -2.751765 -2.810425 -2.761283 -2.802294
-2.802436 -2.827702 -2.78427 -2.819163 -2.767262
-2.804052 -2.75588 -2.803905 -2.816464 -2.762088
-2.803755 -2.818959 -2.809126 -2.790503 -2.758111
-2.804967 -2.698606 -2.797273 -2.784309 -2.783933
-2.749425 -2.759653 -2.765552 -2.770859 -2.786821
-2.817678 -2.82155 -2.761756 -2.752297 -2.80945
-2.799691 -2.738663 -2.813003 -2.800019 -2.822129
-2.772812 -2.778773 -2.795715 -2.81323 -2.827111
-2.714958 -2.773405 -2.766479 -2.808964 -2.761369
-2.803881 -2.815573 -2.775669 -2.797591 -2.651788
-2.810166 -2.82524 -2.780223 -2.806969 -2.770046
-2.830148 -2.717993 -2.800595 -2.760225 -2.780135
-2.772351 -2.811526 -2.752691 -2.804788 -2.811116
-2.769665 -2.659764 -2.792135 -2.801191 -2.78824
-2.817959 -2.810705 -2.774819 -2.787049 -2.771094
-2.79112 -2.785458 -2.757987 -2.655319 -2.795572
-2.787846 -2.780659 -2.772947 -2.778799 -2.776406
-2.787447 -2.796428 -2.804868 -2.821109 -2.79567
-2.790506 -2.764662 -2.821537 -2.756633 -2.773898
-2.779584 -2.815441 -2.775518 -2.785809 -2.782071
-2.760367 -2.7916 -2.807229 -2.777051 -2.631617
-2.804039 -2.807837 -2.793051 -2.724909 -2.743611
-2.794518 -2.784563 -2.815802 -2.79229 -2.816057
-2.656933 -2.759343 -2.816862 -2.790679 -2.729995
-2.805564 -2.769962 -2.832119 -2.763915 -2.809573
-2.753749 -2.796648 -2.773085 -2.766555 -2.770948
-2.807209 -2.808907 -2.788525 -2.811523 -2.76907
-2.786085 -2.757102 -2.794413 -2.755045 -2.760953
-2.756522 -2.760135 -2.727362 -2.792568 -2.778372
-2.794634 -2.746163 -2.773679 -2.830101 -2.798263
-2.826217 -2.827744 -2.763351 -2.75226 -2.80169
-2.798829 -2.798619 -2.781434 -2.779804 -2.73358
-2.796949 -2.784554 -2.784086 -2.802288 -2.779898
-2.786368 -2.791543 -2.784593 -2.749055 -2.821857
-2.794893 -2.724449 -2.776516 -2.825706 -2.78722
-2.751054 -2.762175 -2.757525 -2.798703 -2.771026
-2.783489 -2.745569 -2.751753 -2.804684 -2.767179
-2.765869 -2.782723 -2.779704 -2.760683 -2.823495
-2.768635
