-2.826076 -2.874201 -2.822682 -2.739469 -2.79485
-2.881817 -2.813228 -2.780647 -2.752446 -2.881117
-2.798411 -2.75813 -2.824822 -2.819314 -2.834881
-2.906851 -2.797077 -2.887434 -2.848553 -2.829535
-2.826379 -2.672458 -2.865848 -2.863045 -2.796034
-2.834241 -2.781982 -2.843198 -2.836901 -2.770018
-2.819894 -2.855324 -2.74946 -2.903776 -2.768803
-2.705769 -2.848581 -2.853118 -2.800815 -2.833688
-2.885612 -2.844465 -2.880868 -2.789194 -2.796897
-2.842282 -2.824511 -2.888668 -2.848903 -2.841667
-2.765185 -2.784916 -2.876576 -2.761541 -2.83903
-2.846289 -2.82165 -2.802326 -2.83292 -2.897745
-2.806501 -2.796455 -2.861902 -2.872731 -2.733709
-2.790972 -2.797822 -2.814123 -2.809145 -2.858632
-2.85516 -2.843153 -2.783512 -2.829108 -2.808847
-2.777884 -2.76397 -2.891991 -2.84019 -2.824446
-2.733772 -2.843659 -2.711199 -2.819277 -2.790892
-2.824786 -2.841455 -2.77262 -2.829887 -2.811559
-2.865165 -2.778278 -2.827909 -2.862474 -2.846365
-2.796779 -2.792051 -2.761798 -2.812858 -2.81542
-2.79581 -2.832342 -2.780501 -2.810031 -2.786724
-2.805388 -2.766008 -2.78143 -2.81939 -2.837533
-2.88737 -2.91049 -2.867264 -2.825122 -2.88949
-2.821981 -2.819066 -2.830111 -2.858544 -2.834943
-2.792549 -2.809859 -2.780847 -2.788447 -2.834125
-2.762368 -2.806647 -2.863795 -2.839814 -2.903078
-2.814457 -2.693561 -2.836664 -2.838194 -2.816396
-2.920696 -2.780782 -2.842792 -2.768442 -2.866139
-2.79436 -2.767678 -2.820501 -2.779316 -2.782538
-2.820925 -2.758193 -2.799764 -2.886004 -2.857824
-2.772765 -2.846621 -2.818958 -2.867605 -2.707931
-2.817185 -2.883146 -2.863861 -2.820131 -2.820833
-2.831724 -2.805891 -2.846646 -2.854266 -2.776873
-2.847566 -2.817341 -2.893539 -2.880072 -2.80242
-2.784427 -2.812581 -2.754819 -2.84395 -2.774086
-2.527893 -2.785406 -2.863802 -2.863458 -2.885868
-2.770148 -2.908024 -2.832144 -2.935974 -2.77611
-2.8606 -2.780098 -2.793405 -2.838412 -2.844303
-2.810384 -2.839521 -2.891631 -2.919322 -2.887036
-2.854512 -2.881363 -2.87383 -2.829173 -2.809645
-2.805516
