-2.880697 -2.474563 -2.160643 -2.849412 -2.671175
-2.957408 -2.854758 -2.799524 -2.892176 -2.815254
-2.624427 -2.767535 -2.934067 -2.936864 -2.148444
-2.910404 -2.837096 -2.816568 -2.192658 -2.841363
-2.775572 -2.626691 -2.313978 -2.405054 -2.908488
-2.835773 -2.004927 -2.754991 -2.856299 -2.712762
-2.766982 -2.913905 -2.849446 -2.422237 -2.384503
-2.888931 -2.917318 -2.624847 -2.290824 -2.853365
-2.902218 -2.88427 -2.254347 -2.092768 -2.810625
-2.621055 -2.838146 -2.567954 -2.682867 -2.790776
-2.878827 -2.921915 -2.857703 -2.878592 -2.793301
-3.003471 -2.899191 -2.722463 -2.683692 -2.808566
-2.825763 -2.816052 -2.834907 -2.858773 -2.879227
-2.909137 -2.80662 -2.861332 -2.857369 -2.642288
-2.721017 -2.062614 -2.63257 -2.897458 -2.806173
-2.837589 -2.86599 -2.835029 -2.799489 -2.16301
-2.710517 -2.173427 -2.925331 -2.904812 -2.809904
-2.728623 -2.905131 -2.391906 -2.452982 -2.86243
-2.693151 -2.875151 -2.420694 -2.837015 -2.924494
-2.840168 -2.90238 -2.821426 -2.540094 -2.746902
-2.870016 -2.875384 -2.806756 -2.866287 -2.609364
-2.911848 -2.862695 -2.863963 -2.617364 -2.845075
-2.907171 -2.919064 -2.735814 -2.931474 -2.951358
-2.878722 -2.184941 -2.807322 -2.854393 -2.843226
-2.643049 -2.80829 -2.762729 -2.530932 -2.25634
-2.286716 -2.774636 -2.811696 -2.878045 -2.790002
-2.864657 -2.790469 -2.062857 -2.831279 -2.819759
-2.664053 -2.866027 -2.862535 -2.662088 -2.82796
-2.856978 -2.648581 -2.870916 -2.874622 -2.901817
-2.708535 -2.782402 -2.150079 -2.827566 -2.861808
-2.862932 -2.854974 -2.915263 -2.826178 -2.772852
-2.873205 -2.841406 -2.805417 -2.580867 -2.264419
-2.886991 -2.890242 -2.83032 -2.573666 -2.888976
-2.857365 -2.230447 -2.672218 -2.922748 -2.826466
-2.932158 -2.885502 -2.458996 -2.911231 -2.591033
-2.867441 -2.044318 -2.853562 -2.263511 -2.910856
-2.88212 -2.622099 -2.76494 -2.819787 -2.803349
-2.848511 -2.861038 -2.869016 -2.827608 -2.852566
-2.313069 -2.75256 -2.800473 -2.98082 -2.641538
-2.877062 -2.510483 -2.85902 -2.103235 -2.757953
-2.837704
