-2.895969 -2.80453 -2.895456 -2.839401 -2.914134
-2.824651 -2.937709 -2.885807 -2.855434 -2.911402
-2.823414 -2.842351 -2.876053 -2.853009 -2.823677
-2.79223 -2.875503 -2.443983 -2.899972 -2.846551
-2.860064 -2.785916 -3.057423 -2.940398 -2.97237
-2.877314 -2.885313 -2.911511 -2.889825 -2.92015
-2.476336 -2.859033 -2.833318 -2.879014 -2.844189
-2.951778 -2.917079 -2.907409 -2.831747 -2.900995
-2.967721 -2.866184 -2.893744 -2.834573 -2.863262
-2.843437 -2.957128 -2.925622 -3.005155 -2.86144
-2.898016 -2.953734 -2.823546 -2.904589 -2.887037
-2.912372 -2.806263 -2.966033 -2.826251 -2.871502
-2.604009 -2.899137 -2.821303 -2.925004 -2.976132
-2.840829 -2.931013 -2.956139 -2.861179 -2.760088
-2.870801 -2.871001 -2.900068 -2.873897 -2.888124
-2.890222 -2.839676 -2.81317 -2.931421 -2.913015
-2.771369 -2.854006 -2.828512 -2.891499 -2.866547
-2.913508 -2.878357 -2.833202 -2.824815 -2.896666
-2.799203 -2.872012 -2.901333 -2.794673 -2.876114
-2.964983 -2.893443 -2.959324 -2.824577 -2.870712
-2.839537 -2.905784 -2.774333 -2.818355 -2.863725
-2.827827 -2.955797 -2.791275 -2.868466 -2.959381
-2.990717 -2.870762 -2.902811 -2.885366 -2.850084
-2.841207 -2.876539 -2.855296 -2.790616 -2.875394
-2.966398 -2.834115 -2.868446 -2.622345 -2.909453
-2.86966 -2.840641 -2.823584 -2.896778 -2.814148
-2.805303 -2.821865 -2.868236 -2.882216 -2.829671
-2.965428 -2.818027 -2.887432 -2.957971 -2.910965
-2.930809 -2.90149 -2.843825 -2.861288 -2.957348
-2.927818 -3.028798 -2.856325 -2.884105 -2.839121
-2.894352 -3.02172 -2.761134 -2.860052 -2.94807
-2.907998 -2.927423 -2.84778 -2.902589 -2.907592
-2.884091 -2.846919 -2.853347 -2.904927 -2.845576
-2.882471 -2.831452 -2.809841 -2.82367 -2.874577
-2.898114 -2.843148 -2.917533 -2.958093 -2.885864
-2.775798 -2.942658 -2.948472 -2.893196 -2.89887
-2.985544 -2.871217 -2.773102 -2.894311 -2.801102
-2.542782 -2.969647 -2.755646 -2.905476 -2.903683
-2.844441 -2.935759 -3.024822 -2.896902 -3.00016
-2.827693 -2.829739 -2.864932 -2.825398 -2.973711
-2.784265
