-2.851482 -2.818558 -2.839147 -2.791842 -2.835126
-2.810683 -2.867099 -2.906099 -2.860411 -2.817609
-2.799922 -2.978005 -2.95204 -3.00524 -2.876267
-2.717266 -2.860451 -2.925132 -2.875169 -2.930817
-2.871109 -2.898712 -2.940916 -2.779275 -2.837831
-2.861693 -2.791746 -2.922382 -2.770959 -2.777502
-2.746136 -2.793445 -2.71117 -3.017225 -2.858415
-2.859247 -2.765728 -2.81098 -2.826085 -2.789743
-2.818435 -2.714164 -2.823795 -2.802472 -2.779766
-2.850206 -2.777606 -2.95467 -2.626336 -2.800951
-2.847027 -2.893117 -2.82652 -2.891063 -2.841736
-2.774885 -2.821263 -2.899057 -2.926699 -2.796739
-2.830507 -2.878974 -2.819812 -2.817424 -2.679582
-2.874799 -2.863715 -2.834746 -2.633725 -2.751275
-2.847105 -2.862551 -2.790817 -2.742027 -2.854951
-2.839981 -2.893237 -2.96901 -2.778605 -2.900498
-2.778297 -2.865673 -2.637174 -2.861306 -2.881038
-2.811825 -2.682618 -2.905954 -2.789176 -2.871894
-2.793103 -2.878266 -2.874259 -2.803317 -2.871799
-2.791632 -2.9509 -2.921194 -2.801498 -2.863943
-2.871757 -2.821031 -2.871699 -2.848776 -2.883603
-2.842245 -2.864878 -2.736137 -2.722326 -2.77859
-2.785875 -2.911117 -2.927891 -2.770985 -2.793323
-2.860974 -2.919189 -2.760388 -2.730021 -2.735236
-2.926391 -2.865478 -2.663016 -2.891413 -2.831679
-2.765268 -2.85538 -2.8865 -2.843542 -2.808603
-2.847056 -2.874782 -2.876049 -2.798145 -2.824741
-2.855029 -2.885203 -2.85756 -2.74025 -2.81645
-2.746827 -2.697814 -2.945018 -2.797925 -2.768482
-2.739781 -2.672041 -2.865993 -2.839753 -2.830105
-2.960284 -2.809835 -2.704752 -2.793103 -2.820208
-2.878967 -2.931527 -2.870482 -2.739979 -2.826875
-2.784661 -2.823817 -2.905802 -2.785437 -2.865464
-2.745333 -2.824125 -2.931427 -2.923793 -2.879971
-2.989591 -2.89199 -2.767588 -2.745761 -2.825443
-2.769732 -2.922423 -2.864865 -2.855279 -2.926828
-2.829755 -2.781324 -2.812926 -2.867307 -2.827292
-2.916391 -2.91863 -2.918594 -2.848576 -2.951847
-2.88479 -2.935034 -2.741172 -2.959185 -2.860716
-2.880134 -2.895252 -2.855804 -2.836686 -2.884417
-2.859882
