-2.863728 -2.878106 -2.850758 -2.90742 -2.870443
-2.872479 -2.83742 -2.87029 -2.857335 -2.822068
-2.904032 -2.801362 -2.892306 -2.854016 -2.877931
-2.789004 -2.875429 -2.881129 -2.860313 -2.868881
-2.84662 -2.822025 -2.837547 -2.819625 -2.913342
-2.878625 -2.896605 -2.853826 -2.855694 -2.855589
-2.820842 -2.856843 -2.876954 -2.855087 -2.874714
-2.877966 -2.882704 -2.856803 -2.879304 -2.874414
-2.812624 -2.807166 -2.889694 -2.87367 -2.777282
-2.87669 -2.862697 -2.878323 -2.864854 -2.861955
-2.864789 -2.889372 -2.857053 -2.823215 -2.888141
-2.851673 -2.838693 -2.81057 -2.834777 -2.927119
-2.810746 -2.926712 -2.851887 -2.826878 -2.807916
-2.872579 -2.855886 -2.813601 -2.892197 -2.829851
-2.88532 -2.838831 -2.908733 -2.872752 -2.919585
-2.882615 -2.858517 -2.869408 -2.885208 -2.856627
-2.888947 -2.870472 -2.861274 -2.856207 -2.863704
-2.874351 -2.846569 -2.833117 -2.912012 -2.870241
-2.918528 -2.864022 -2.878625 -2.849775 -2.897845
-2.889522 -2.890669 -2.900113 -2.848403 -2.855363
-2.861542 -2.851351 -2.827284 -2.903575 -2.842159
-2.893926 -2.874442 -2.86468 -2.886669 -2.819672
-2.829846 -2.788107 -2.83781 -2.828635 -2.889138
-2.828349 -2.84141 -2.861845 -2.797352 -2.876776
-2.884702 -2.936201 -2.848381 -2.866656 -2.836095
-2.882219 -2.937805 -2.85749 -2.803232 -2.888324
-2.87434 -2.864126 -2.857081 -2.838356 -2.8498
-2.846613 -2.810956 -2.934553 -2.842679 -2.85912
-2.849672 -2.897081 -2.846784 -2.84909 -2.903798
-2.854648 -2.88311 -2.866929 -2.870649 -2.876168
-2.851514 -2.873722 -2.86918 -2.878513 -2.848316
-2.823374 -2.883928 -2.827569 -2.868354 -2.865789
-2.888815 -2.822512 -2.89264 -2.873333 -2.875007
-2.850931 -2.813107 -2.883477 -2.848708 -2.887128
-2.883366 -2.868138 -2.854334 -2.875891 -2.830626
-2.893814 -2.858283 -2.859108 -2.862918 -2.871762
-2.863168 -2.831837 -2.862472 -2.882272 -2.859335
-2.857024 -2.849012 -2.87262 -2.846371 -2.789737
-2.792965 -2.814393 -2.852526 -2.861009 -2.863919
-2.866118 -2.88684 -2.859108 -2.920444 -2.893145
-2.913274
