-2.828427 -2.801659 -2.805815 -2.81289 -2.850453
-2.81421 -2.854394 -2.881218 -2.786562 -2.794102
-2.777829 -2.820521 -2.846166 -2.841598 -2.837067
-2.793507 -2.864671 -2.827475 -2.822135 -2.817301
-2.789798 -2.822787 -2.857157 -2.780174 -2.855419
-2.828477 -2.873528 -2.836891 -2.845774 -2.789527
-2.782843 -2.832128 -2.855997 -2.807971 -2.791227
-2.857715 -2.849464 -2.813288 -2.787385 -2.834006
-2.817788 -2.854739 -2.853515 -2.81855 -2.841132
-2.816601 -2.853352 -2.820832 -2.833213 -2.812819
-2.723646 -2.828447 -2.769515 -2.796167 -2.807232
-2.804748 -2.788355 -2.853194 -2.808943 -2.823451
-2.814776 -2.789077 -2.853729 -2.835133 -2.766691
-2.778219 -2.863257 -2.769203 -2.835314 -2.792076
-2.812421 -2.843228 -2.844988 -2.82646 -2.810118
-2.859964 -2.866468 -2.820938 -2.804905 -2.834685
-2.813004 -2.776598 -2.864251 -2.809127 -2.830749
-2.821254 -2.822873 -2.853719 -2.889502 -2.866756
-2.835658 -2.851594 -2.893838 -2.856466 -2.814568
-2.790803 -2.780949 -2.848572 -2.825331 -2.787274
-2.840774 -2.810127 -2.817341 -2.781596 -2.802692
-2.864496 -2.829839 -2.766016 -2.83686 -2.901619
-2.850294 -2.792166 -2.863139 -2.784564 -2.749157
-2.8237 -2.811139 -2.864844 -2.894539 -2.795398
-2.808318 -2.818645 -2.867383 -2.864213 -2.817553
-2.818276 -2.833073 -2.819288 -2.820486 -2.856508
-2.846866 -2.787504 -2.812488 -2.843742 -2.828119
-2.76052 -2.797404 -2.811465 -2.770738 -2.813611
-2.762757 -2.859538 -2.819551 -2.834404 -2.823033
-2.85791 -2.806526 -2.784278 -2.835517 -2.810443
-2.790619 -2.861601 -2.809261 -2.839947 -2.770948
-2.86564 -2.822454 -2.877868 -2.843635 -2.81084
-2.844215 -2.751152 -2.754081 -2.787942 -2.820301
-2.804455 -2.796196 -2.801756 -2.747175 -2.793375
-2.826103 -2.832865 -2.837309 -2.791069 -2.783138
-2.816012 -2.805568 -2.821899 -2.817275 -2.804057
-2.857106 -2.814986 -2.834288 -2.85916 -2.785642
-2.816785 -2.804981 -2.816741 -2.811692 -2.813329
-2.778678 -2.816221 -2.813389 -2.832651 -2.831376
-2.8572 -2.783722 -2.75154 -2.81965 -2.830763
-2.824043
