-2.830094 -2.875757 -2.855849 -2.83069 -2.776716
-2.839166 -2.781363 -2.835949 -2.809374 -2.845219
-2.771674 -2.774779 -2.875578 -2.874445 -2.841632
-2.885914 -2.246565 -2.762926 -2.826871 -2.813149
-2.741314 -2.856122 -2.788259 -2.768865 -2.828619
-2.77496 -2.757899 -2.882316 -2.816084 -2.820907
-2.68715 -2.780405 -2.848486 -2.775745 -2.824819
-2.786454 -2.840226 -2.824787 -2.856041 -2.814495
-2.832811 -2.829473 -2.817447 -2.85009 -2.873202
-2.828085 -2.859378 -2.84532 -2.82542 -2.920678
-2.824682 -2.867602 -2.861769 -2.37327 -2.876842
-2.826665 -2.844734 -2.79167 -2.816555 -2.825868
-2.825956 -2.801849 -2.805772 -2.763841 -2.829256
-2.880303 -2.859349 -2.800559 -2.822417 -2.744624
-2.869115 -2.786586 -2.783391 -2.785679 -2.818509
-2.819118 -2.80258 -2.895726 -2.884113 -2.846293
-2.897985 -2.867988 -2.904866 -2.829047 -2.858388
-2.831242 -2.824352 -2.829322 -2.791723 -2.837036
-2.803494 -2.878423 -2.898479 -2.858273 -2.833013
-2.821211 -2.695799 -2.794566 -2.800281 -2.770028
-2.804542 -2.806546 -2.787188 -2.818271 -2.500344
-2.789071 -2.845778 -2.800206 -2.501524 -2.842495
-2.884817 -2.804913 -2.8513 -2.865753 -2.773585
-2.859792 -2.844652 -2.829678 -2.802822 -2.826649
-2.845814 -2.806651 -2.825821 -2.845477 -2.84537
-2.862956 -2.80112 -2.816519 -2.74186 -2.81836
-2.831342 -2.879255 -2.800052 -2.863272 -2.866562
-2.815673 -2.820238 -2.762195 -2.842556 -2.842054
-2.764663 -2.800984 -2.807718 -2.830825 -2.797681
-2.779635 -2.863733 -2.843039 -2.833195 -2.785064
-2.78395 -2.677493 -2.834801 -2.769058 -2.855558
-2.790918 -2.784832 -2.790549 -2.848411 -2.793311
-2.761881 -2.865794 -2.77983 -2.812154 -2.79313
-2.85385 -2.839367 -2.82766 -2.775927 -2.861176
-2.852828 -2.848949 -2.810286 -2.852421 -2.750502
-2.805291 -2.838583 -2.921889 -2.769995 -2.836334
-2.786797 -2.827456 -2.7588 -2.569787 -2.783031
-2.797929 -2.82468 -2.798922 -2.77928 -2.786007
-2.908657 -2.810486 -2.828286 -2.893277 -2.794153
-2.826003 -2.850823 -2.920558 -2.772643 -2.836761
-2.81373
