-2.801186 -2.756115 -2.756393 -2.848241 -2.772639
-2.744441 -2.83433 -2.721632 -2.818797 -2.802384
-2.782478 -2.803853 -2.81891 -2.791655 -2.81627
-2.770995 -2.748907 -2.779229 -2.737037 -2.795888
-2.765531 -2.789203 -2.862081 -2.883736 -2.780598
-2.720911 -2.812985 -2.7922 -2.770009 -2.769308
-2.668017 -2.694471 -2.865727 -2.532402 -2.802653
-2.785015 -2.724284 -2.774055 -2.822988 -2.846028
-2.797383 -2.727262 -2.700946 -2.799197 -2.543295
-2.793667 -2.783873 -2.765886 -2.818591 -2.769999
-2.780647 -2.730927 -2.833326 -2.852991 -2.788612
-2.787205 -2.749054 -2.840294 -2.817135 -2.887854
-2.86464 -2.851101 -2.511264 -2.829785 -2.778505
-2.789791 -2.829278 -2.8199 -2.804127 -2.837385
-2.730863 -2.734251 -2.771019 -2.803742 -2.725065
-2.749169 -2.794878 -2.813674 -2.786935 -2.777107
-2.767823 -2.790908 -2.813243 -2.826884 -2.827253
-2.791203 -2.742903 -2.798647 -2.806025 -2.797161
-2.821447 -2.797047 -2.776777 -2.792677 -2.773742
-2.791564 -2.842951 -2.825469 -2.750583 -2.747348
-2.54599 -2.809188 -2.746193 -2.830129 -2.727469
-2.830466 -2.724525 -2.784284 -2.772989 -2.815623
-2.796843 -2.760395 -2.80195 -2.840952 -2.669192
-2.781755 -2.818251 -2.722895 -2.78224 -2.780218
-2.747055 -2.855229 -2.736511 -2.718007 -2.710766
-2.806932 -2.827158 -2.750076 -2.762941 -2.747116
-2.753505 -2.845061 -2.805814 -2.854483 -2.817106
-2.851577 -2.80797 -2.837689 -2.846305 -2.764965
-2.782266 -2.793754 -2.78889 -2.830566 -2.727289
-2.776324 -2.796851 -2.792212 -2.800413 -2.736503
-2.812901 -2.849715 -2.785357 -2.730965 -2.797557
-2.780779 -2.788401 -2.831413 -2.756316 -2.797669
-2.734823 -2.771608 -2.771282 -2.787051 -2.7911
-2.780723 -2.863941 -2.74269 -2.873836 -2.810532
-2.811655 -2.649685 -2.773622 -2.774442 -2.81439
-2.817253 -2.73729 -2.838152 -2.783417 -2.818131
-2.853366 -2.752553 -2.793055 -2.724451 -2.768787
-2.749467 -2.756047 -2.847242 -2.778804 -2.830183
-2.76646 -2.791992 -2.746799 -2.795646 -2.780323
-2.775091 -2.713848 -2.737846 -2.75739 -2.739818
-2.829793
