-2.811057 -2.828053 -2.789192 -2.849184 -2.760052
-2.768382 -2.846636 -2.751522 -2.808188 -2.848973
-2.780962 -2.812284 -2.869561 -2.841319 -2.805381
-2.81391 -2.830757 -2.776623 -2.75539 -2.755205
-2.788904 -2.747591 -2.809073 -2.789185 -2.830693
-2.884615 -2.786311 -2.818376 -2.79335 -2.886013
-2.78161 -2.808842 -2.855708 -2.86978 -2.814982
-2.614075 -2.782706 -2.864841 -2.853218 -2.813115
-2.793565 -2.805671 -2.866125 -2.814569 -2.815563
-2.823758 -2.840356 -2.820474 -2.798339 -2.767279
-2.817654 -2.817441 -2.834837 -2.788943 -2.766032
-2.832363 -2.849886 -2.851887 -2.705172 -2.827975
-2.835454 -2.815349 -2.772562 -2.767123 -2.804173
-2.805065 -2.739723 -2.81991 -2.836244 -2.84858
-2.771184 -2.842832 -2.804035 -2.828067 -2.776254
-2.81939 -2.819428 -2.763595 -2.805983 -2.721981
-2.760554 -2.817026 -2.835773 -2.76565 -2.809096
-2.820233 -2.787959 -2.763603 -2.789107 -2.814339
-2.856668 -2.805209 -2.792792 -2.799917 -2.824712
-2.865792 -2.843706 -2.623685 -2.792073 -2.830175
-2.83646 -2.752212 -2.804735 -2.765654 -2.877318
-2.780689 -2.765931 -2.82731 -2.845194 -2.872381
-2.782136 -2.818565 -2.818043 -2.73415 -2.808565
-2.836409 -2.823484 -2.802736 -2.76209 -2.818819
-2.771069 -2.820065 -2.795941 -2.802886 -2.84552
-2.812092 -2.781906 -2.803137 -2.865208 -2.813404
-2.83494 -2.711681 -2.735862 -2.811037 -2.796479
-2.810028 -2.79993 -2.823802 -2.79498 -2.864773
-2.839698 -2.857144 -2.815196 -2.851309 -2.842956
-2.807158 -2.814813 -2.840777 -2.808725 -2.846882
-2.849603 -2.846524 -2.87397 -2.802749 -2.893369
-2.771724 -2.795966 -2.811789 -2.796042 -2.795305
-2.78836 -2.753198 -2.812223 -2.811256 -2.843663
-2.827394 -2.794958 -2.810336 -2.796261 -2.804439
-2.8712 -2.820775 -2.813121 -2.812881 -2.833357
-2.847588 -2.777037 -2.856288 -2.761119 -2.811774
-2.802187 -2.868805 -2.802977 -2.738993 -2.797342
-2.814445 -2.785159 -2.800841 -2.806268 -2.809751
-2.779865 -2.813851 -2.836405 -2.816411 -2.811905
-2.827966 -2.851527 -2.811956 -2.817169 -2.774367
-2.817435
