-2.849727 -2.822613 -2.784843 -2.844895 -2.784065
-2.811718 -2.852641 -2.857713 -2.823348 -2.85835
-2.819474 -2.886989 -2.84453 -2.82521 -2.826303
-2.854174 -2.822608 -2.863481 -2.835851 -2.825248
-2.815477 -2.855975 -2.885524 -2.774605 -2.799805
-2.831182 -2.866953 -2.901038 -2.845762 -2.871624
-2.896115 -2.818897 -2.840786 -2.855334 -2.814412
-2.86857 -2.89429 -2.865738 -2.863566 -2.827784
-2.864612 -2.88789 -2.830432 -2.847377 -2.797801
-2.866198 -2.857025 -2.875623 -2.832645 -2.84885
-2.793833 -2.790612 -2.817769 -2.826853 -2.871027
-2.819329 -2.817165 -2.869966 -2.829302 -2.842285
-2.77229 -2.848312 -2.840367 -2.851539 -2.800845
-2.838335 -2.805788 -2.85833 -2.813807 -2.885914
-2.826717 -2.858677 -2.871285 -2.802041 -2.843202
-2.823567 -2.854889 -2.830274 -2.876033 -2.82683
-2.877075 -2.825066 -2.875438 -2.889896 -2.826822
-2.846342 -2.836349 -2.862299 -2.809506 -2.866748
-2.868717 -2.857349 -2.822251 -2.790391 -2.859069
-2.814129 -2.864259 -2.842984 -2.83693 -2.817456
-2.801809 -2.841929 -2.810481 -2.907338 -2.841867
-2.819052 -2.774069 -2.843285 -2.859458 -2.837583
-2.857032 -2.810647 -2.844165 -2.785526 -2.85368
-2.87672 -2.726418 -2.805608 -2.817403 -2.861246
-2.818341 -2.85126 -2.833439 -2.883012 -2.807439
-2.754432 -2.853565 -2.845543 -2.835701 -2.818382
-2.823487 -2.849888 -2.863802 -2.828596 -2.818319
-2.82702 -2.837452 -2.863652 -2.787521 -2.851504
-2.793942 -2.872655 -2.787724 -2.845821 -2.781977
-2.789975 -2.81128 -2.845948 -2.840829 -2.858479
-2.84327 -2.840213 -2.8917 -2.772855 -2.848173
-2.812201 -2.831262 -2.819792 -2.866562 -2.922877
-2.885974 -2.800573 -2.840607 -2.844346 -2.863074
-2.909782 -2.82195 -2.885124 -2.82581 -2.819806
-2.844369 -2.794845 -2.806394 -2.822694 -2.897085
-2.875861 -2.698703 -2.854212 -2.848148 -2.855136
-2.827124 -2.84651 -2.860986 -2.83702 -2.827711
-2.791978 -2.812982 -2.754701 -2.809643 -2.852966
-2.893096 -2.879494 -2.867987 -2.835523 -2.843156
-2.849989 -2.731159 -2.848493 -2.835002 -2.833012
-2.848685
