-2.8383 -2.791479 -2.92218 -2.704561 -2.818368
-2.853578 -2.864064 -2.909496 -2.818831 -2.832381
-2.876248 -2.830845 -2.732306 -2.78465 -2.887162
-2.815111 -2.859885 -2.868538 -2.803962 -2.840966
-2.844097 -2.8717 -2.918706 -2.867028 -2.822298
-2.849399 -2.855574 -2.850525 -2.860369 -2.808787
-2.833962 -2.843087 -2.935954 -2.873197 -2.826429
-2.785131 -2.875016 -2.878105 -2.832223 -2.874695
-2.85892 -2.794743 -2.867945 -2.786423 -2.820482
-2.860428 -2.921849 -2.779758 -2.814298 -2.752026
-2.781936 -2.893012 -2.638477 -2.776416 -2.801442
-2.847812 -2.850202 -2.885576 -2.788763 -2.856187
-2.811008 -2.853024 -2.784397 -2.843064 -2.827811
-2.794655 -2.750039 -2.813632 -2.744981 -2.823358
-2.822277 -2.813095 -2.893334 -2.849243 -2.811139
-2.830604 -2.819853 -2.874581 -2.786082 -2.913923
-2.809579 -2.835562 -2.78695 -2.875946 -2.835068
-2.784011 -2.89781 -2.775936 -2.861848 -2.854554
-2.887143 -2.826732 -2.842223 -2.784081 -2.793752
-2.837928 -2.875684 -2.86031 -2.919865 -2.852515
-2.838875 -2.876538 -2.939516 -2.86455 -2.845878
-2.9193 -2.87302 -2.842967 -2.845633 -2.782041
-2.781655 -2.810457 -2.834186 -2.797428 -2.878121
-2.817831 -2.817955 -2.760028 -2.863861 -2.842819
-2.85287 -2.762076 -2.786255 -2.809787 -2.822743
-2.753727 -2.788102 -2.757781 -2.822976 -2.864305
-2.810942 -2.814416 -2.841652 -2.873186 -2.951616
-2.824289 -2.861102 -2.787217 -2.820332 -2.825036
-2.836706 -2.909524 -2.860537 -2.776507 -2.776368
-2.898852 -2.773623 -2.808035 -2.756644 -2.764267
-2.799395 -2.837671 -2.889141 -2.803699 -2.81752
-2.854288 -2.842614 -2.828569 -2.808402 -2.888477
-2.806647 -2.746953 -2.86136 -2.804132 -2.860747
-2.96055 -2.800814 -2.859903 -2.874341 -2.877363
-2.859196 -2.868334 -2.870217 -2.832697 -2.897108
-2.903266 -2.869969 -2.833481 -2.931674 -2.88758
-2.836067 -2.829303 -2.811941 -2.794388 -2.883302
-2.875631 -2.794119 -2.902987 -2.861952 -2.848977
-2.886092 -2.844276 -2.818814 -2.81451 -2.851268
-2.907775 -2.874188 -2.906086 -2.816536 -2.793863
-2.873733
