-2.922309 -2.858706 -2.951205 -2.877225 -2.970512
-2.842822 -2.858716 -2.870275 -2.906099 -2.92185
-2.936848 -2.91579 -2.836289 -2.931149 -2.963255
-2.899808 -2.928072 -2.883799 -2.882868 -2.983107
-2.927234 -2.928836 -2.897703 -2.915326 -2.935926
-2.925718 -2.895911 -2.989429 -2.842758 -2.995957
-2.920385 -2.942399 -2.943452 -2.842778 -2.95999
-2.901727 -2.940359 -2.917834 -2.890663 -2.95403
-2.92447 -2.868372 -2.908431 -2.918435 -2.94001
-2.87893 -2.798664 -2.930462 -2.8497 -2.94751
-2.993245 -2.946184 -2.855858 -2.880265 -2.908944
-2.959377 -2.870291 -2.967295 -2.965218 -2.973152
-2.930503 -2.880105 -2.910891 -2.959993 -2.899711
-2.881994 -2.938593 -2.941896 -3.007156 -2.923805
-2.912283 -2.824844 -2.977351 -2.869838 -2.922793
-2.931378 -2.913146 -2.980581 -2.9277 -2.935095
-2.904745 -2.903738 -2.847677 -2.944849 -2.968454
-2.95139 -2.833529 -2.946038 -2.94431 -2.896366
-2.822896 -2.940771 -2.947904 -2.964644 -2.970542
-2.95984 -2.917034 -2.891345 -2.907592 -2.926961
-2.861886 -2.903421 -2.83568 -2.933028 -2.955148
-2.911681 -2.905165 -2.948162 -2.872054 -2.888156
-2.850942 -2.927065 -2.911504 -2.904833 -2.928738
-2.960652 -2.89942 -2.882463 -2.864683 -2.894397
-2.942281 -2.995114 -2.861891 -2.891488 -2.837739
-2.914112 -2.917085 -2.870926 -2.927191 -2.908554
-2.909579 -2.919761 -2.897943 -2.985641 -2.892666
-2.944409 -3.001697 -2.893361 -2.953428 -2.894765
-2.922614 -2.852694 -2.914563 -2.837604 -2.94034
-2.892587 -2.885296 -2.838467 -2.852945 -2.952578
-2.840851 -2.883729 -2.921297 -2.877739 -2.91781
-2.892846 -2.868368 -2.902987 -2.872621 -2.87256
-2.968738 -2.920794 -2.832086 -2.893977 -2.889439
-2.95721 -2.926296 -2.940178 -2.963344 -2.919428
-2.873909 -2.983386 -2.943585 -2.920024 -2.972504
-2.877938 -2.912753 -2.977535 -2.940494 -2.851018
-2.935022 -2.939583 -2.892159 -2.788958 -2.973914
-2.916724 -2.85693 -2.896274 -2.86794 -2.844821
-2.935785 -2.871288 -2.820841 -2.970566 -2.914478
-2.911809 -2.949561 -2.93995 -2.886568 -2.940902
-2.918798
