-2.874778 -2.827316 -2.185129 -2.950827 -2.419987
-2.858038 -2.877369 -2.322184 -2.086864 -2.397315
-2.905876 -2.87517 -2.159861 -2.118752 -2.120922
-2.907298 -2.863 -2.83768 -2.833872 -2.76205
-2.261863 -2.128501 -2.804261 -2.386192 -2.04147
-2.862389 -2.818399 -2.094942 -2.085956 -2.829922
-2.083169 -2.822923 -2.586506 -2.388727 -2.807112
-2.741095 -2.530049 -2.2256 -2.711276 -2.867859
-2.640663 -2.686559 -2.686086 -2.835875 -2.881764
-2.759919 -2.862752 -2.830096 -2.071523 -2.698154
-2.65649 -2.665442 -2.163855 -2.898249 -2.78046
-2.113634 -2.633374 -2.123348 -2.828349 -2.78605
-2.907187 -2.315575 -2.795849 -2.796918 -2.841774
-2.877163 -2.817677 -2.792961 -2.471331 -2.139007
-2.326332 -2.867482 -2.336911 -2.793748 -2.247303
-2.792178 -2.095282 -2.059192 -2.136683 -2.488997
-2.715478 -2.617491 -2.776688 -2.073827 -2.569634
-2.766278 -2.298868 -2.873963 -2.888569 -2.808435
-2.132096 -2.285097 -2.552767 -2.295361 -2.273318
-2.599616 -2.078303 -2.073712 -2.110058 -2.900384
-2.335977 -2.83185 -2.869326 -2.166695 -2.516213
-2.861672 -2.643065 -2.078337 -2.110823 -2.090761
-2.115504 -2.321923 -2.645203 -2.810899 -2.518557
-2.884207 -2.908638 -2.358661 -2.750596 -2.693297
-2.872692 -2.1373 -2.650263 -2.069753 -2.689026
-2.808595 -2.832241 -2.510523 -2.621861 -2.227144
-2.752702 -2.873688 -2.8458 -2.840338 -2.827051
-2.376136 -2.514931 -2.767719 -2.105273 -2.816786
-2.800686 -2.048246 -2.786511 -2.221496 -2.330701
-2.63453 -2.809326 -2.189622 -2.826025 -2.122615
-2.228187 -2.142304 -2.812048 -2.217032 -2.884155
-2.140477 -2.746793 -2.390471 -2.86152 -2.287815
-2.853332 -2.735076 -2.852807 -2.576857 -2.854827
-2.789014 -2.859485 -2.416247 -2.842569 -2.207618
-2.811848 -2.811131 -2.510528 -2.300014 -2.854408
-2.245514 -2.790809 -2.006484 -2.360625 -2.61658
-2.042797 -2.685573 -2.437254 -2.709765 -2.84075
-2.167908 -2.178381 -2.141393 -2.279488 -2.081074
-2.328453 -2.696897 -2.228957 -2.261408 -2.190037
-2.689997 -2.766418 -2.080874 -2.200589 -2.924812
-2.829528
