-2.885288 -2.722369 -2.635777 -2.963083 -2.871082
-2.871259 -2.78456 -2.849765 -2.858733 -2.95928
-2.823043 -2.798797 -2.872297 -2.921486 -2.887003
-2.807016 -2.872235 -2.863391 -2.797408 -2.808763
-2.886693 -2.929217 -2.845434 -2.782825 -2.935842
-2.786607 -2.856177 -2.904254 -2.894893 -2.866296
-2.913052 -2.878807 -2.838538 -2.873183 -2.860778
-2.940455 -2.89621 -2.93463 -2.84086 -2.820644
-2.873095 -2.88776 -2.944773 -2.948441 -2.921608
-2.859563 -2.954452 -2.91635 -2.833407 -2.949092
-3.007665 -2.850502 -2.859282 -2.967317 -2.91085
-2.743405 -2.894825 -2.895606 -2.96001 -2.915238
-2.868308 -2.809167 -2.890038 -2.957995 -2.924374
-2.963328 -2.794129 -2.969783 -2.930236 -2.882408
-2.888491 -2.887594 -2.882579 -2.940884 -2.890597
-2.806442 -2.853723 -2.888795 -2.821244 -2.905675
-2.811891 -2.918843 -2.972167 -2.839291 -2.755135
-2.8677 -2.904622 -2.938384 -2.886048 -2.78879
-2.889026 -2.845307 -2.809128 -2.89987 -2.878158
-2.884337 -2.919831 -2.828847 -2.847836 -2.889409
-2.781411 -2.984842 -2.860973 -2.948926 -2.887079
-2.982299 -2.953204 -2.86318 -2.795567 -2.843895
-2.927897 -2.843211 -2.901827 -2.813037 -2.765141
-2.807725 -2.914816 -2.908661 -2.861212 -2.917143
-2.883385 -2.906573 -2.864216 -2.845275 -2.848601
-2.909749 -2.876232 -2.865423 -2.898811 -2.833892
-2.90363 -2.887614 -2.807155 -2.893753 -2.882269
-2.954036 -2.687458 -2.791549 -2.899603 -2.826294
-2.946026 -2.713261 -2.900872 -2.839254 -2.941186
-2.696371 -2.903586 -2.841704 -2.920719 -2.78669
-2.91502 -2.89725 -2.846919 -2.868338 -2.84065
-2.889275 -2.957216 -2.850961 -2.866228 -2.926233
-2.806166 -2.800137 -2.829015 -2.863996 -2.88321
-2.827225 -2.857779 -2.812325 -2.757537 -2.968424
-2.887182 -2.977576 -2.865813 -2.926929 -2.95979
-3.031447 -2.749382 -3.004657 -2.766033 -2.833529
-2.783065 -2.889714 -2.882255 -2.812023 -2.738008
-2.984608 -2.93199 -2.916493 -2.822545 -2.833384
-2.746128 -2.872818 -2.730853 -2.888873 -2.875889
-2.939598 -2.723043 -2.814346 -2.88093 -2.844079
-2.847411
