-2.854804 -2.86602 -2.844624 -2.890464 -2.832792
-2.795546 -2.829142 -2.852504 -2.825264 -2.889424
-2.788835 -2.82447 -2.830785 -2.838788 -2.916583
-2.73965 -2.849046 -2.845085 -2.867197 -2.820019
-2.896117 -2.86069 -2.828426 -2.861171 -2.878496
-2.841555 -2.816864 -2.806433 -2.860353 -2.829365
-2.875496 -2.795307 -2.854348 -2.859807 -2.888128
-2.820281 -2.897155 -2.862234 -2.852382 -2.813072
-2.791501 -2.84955 -2.86276 -2.849872 -2.858199
-2.85225 -2.82419 -2.830528 -2.820929 -2.86842
-2.899357 -2.795127 -2.837448 -2.874652 -2.872874
-2.852744 -2.831983 -2.875222 -2.888308 -2.822961
-2.832143 -2.86549 -2.816593 -2.846831 -2.865897
-2.83729 -2.805585 -2.828444 -2.801099 -2.82693
-2.836187 -2.898621 -2.897978 -2.86583 -2.881528
-2.854408 -2.833361 -2.87248 -2.815923 -2.873088
-2.865571 -2.868614 -2.865458 -2.799233 -2.802427
-2.872485 -2.824956 -2.80554 -2.882947 -2.834134
-2.831892 -2.872848 -2.863858 -2.799025 -2.798071
-2.868494 -2.839096 -2.860269 -2.886591 -2.852714
-2.883764 -2.825922 -2.8 -2.880998 -2.879061
-2.819548 -2.797366 -2.860373 -2.900867 -2.872012
-2.871878 -2.864697 -2.802778 -2.885136 -2.874324
-2.838472 -2.846942 -2.833739 -2.811937 -2.865641
-2.876738 -2.879307 -2.838279 -2.780026 -2.873095
-2.878433 -2.829317 -2.789627 -2.809527 -2.876585
-2.891836 -2.824436 -2.916245 -2.832104 -2.849837
-2.864375 -2.911366 -2.832015 -2.865466 -2.84621
-2.765926 -2.88704 -2.86378 -2.847855 -2.851714
-2.876977 -2.870753 -2.827341 -2.888482 -2.818575
-2.873201 -2.851256 -2.817392 -2.861735 -2.832259
-2.847748 -2.847589 -2.825029 -2.819254 -2.851783
-2.849468 -2.834037 -2.906534 -2.880333 -2.87251
-2.837799 -2.84289 -2.861673 -2.830245 -2.840812
-2.847886 -2.868138 -2.809833 -2.847561 -2.90343
-2.839515 -2.830036 -2.837046 -2.857267 -2.874764
-2.873972 -2.790887 -2.857984 -2.817477 -2.88131
-2.77373 -2.938844 -2.879845 -2.871186 -2.855069
-2.848522 -2.826865 -2.882866 -2.854406 -2.824215
-2.812681 -2.820699 -2.88459 -2.881499 -2.846263
-2.870318
