-2.80433 -2.815316 -2.757901 -2.809424 -2.857471
-2.782287 -2.783643 -2.821857 -2.717665 -2.765248
-2.839358 -2.850317 -2.805955 -2.871886 -2.712086
-2.809857 -2.769528 -2.746183 -2.731097 -2.796275
-2.804432 -2.740371 -2.773215 -2.747624 -2.809424
-2.846114 -2.760281 -2.837976 -2.78974 -2.751676
-2.739424 -2.798479 -2.773328 -2.798659 -2.796787
-2.754392 -2.767011 -2.751439 -2.755435 -2.867621
-2.373138 -2.791793 -2.782956 -2.794052 -2.767898
-2.767205 -2.790129 -2.817076 -2.849355 -2.783468
-2.798533 -2.746661 -2.770908 -2.762229 -2.743551
-2.766169 -2.845272 -2.786745 -2.468429 -2.844567
-2.874816 -2.679954 -2.680995 -2.763977 -2.817407
-2.756158 -2.718825 -2.666125 -2.739472 -2.784801
-2.815245 -2.803457 -2.753507 -2.8206 -2.774445
-2.75439 -2.754932 -2.782761 -2.791823 -2.768408
-2.748098 -2.814475 -2.816107 -2.839683 -2.74979
-2.783208 -2.7001 -2.835928 -2.858013 -2.798625
-2.755628 -2.839181 -2.814126 -2.722006 -2.845606
-2.805005 -2.794207 -2.77634 -2.771314 -2.774901
-2.834861 -2.706222 -2.723973 -2.798108 -2.391123
-2.623112 -2.78206 -2.77571 -2.785503 -2.752355
-2.78352 -2.741865 -2.741649 -2.782364 -2.890463
-2.744443 -2.787927 -2.754637 -2.752363 -2.728474
-2.814633 -2.755165 -2.762068 -2.703294 -2.867261
-2.756167 -2.851111 -2.87389 -2.828425 -2.851175
-2.83449 -2.794323 -2.806508 -2.713232 -2.769046
-2.769128 -2.804432 -2.764343 -2.787297 -2.745326
-2.737637 -2.728025 -2.711838 -2.844907 -2.777541
-2.815187 -2.748569 -2.715982 -2.672763 -2.794868
-2.786788 -2.784533 -2.834675 -2.81044 -2.859154
-2.815285 -2.720136 -2.833609 -2.80013 -2.841898
-2.799277 -2.731282 -2.779046 -2.790285 -2.842535
-2.811167 -2.705707 -2.800238 -2.723257 -2.821373
-2.667528 -2.759086 -2.813464 -2.813265 -2.836327
-2.705101 -2.762131 -2.84836 -2.882106 -2.793365
-2.812808 -2.793305 -2.777991 -2.831443 -2.832254
-2.72635 -2.798733 -2.839509 -2.806561 -2.743844
-2.772104 -2.702278 -2.828153 -2.903399 -2.679348
-2.767925 -2.794569 -2.67295 -2.774963 -2.846986
-2.863964
