-2.790427 -2.757606 -2.761525 -2.78433 -2.811354
-2.755565 -2.759308 -2.71043 -2.783228 -2.797895
-2.769776 -2.734932 -2.731626 -2.714643 -2.746758
-2.744533 -2.774995 -2.745936 -2.703985 -2.840212
-2.756557 -2.820615 -2.3462 -2.314922 -2.779788
-2.753574 -2.773436 -2.786239 -2.753277 -2.830417
-2.789227 -2.633847 -2.831841 -2.778135 -2.772932
-2.80564 -2.862376 -2.7704 -2.773539 -2.78652
-2.733759 -2.796449 -2.829493 -2.767335 -2.803335
-2.771389 -2.350984 -2.793006 -2.770043 -2.788995
-2.778218 -2.706302 -2.756701 -2.769652 -2.780991
-2.79196 -2.762066 -2.806318 -2.783018 -2.799587
-2.764543 -2.77082 -2.760586 -2.738885 -2.808868
-2.793723 -2.852054 -2.819378 -2.778901 -2.810998
-2.750223 -2.748965 -2.830256 -2.758035 -2.864329
-2.820681 -2.722988 -2.77366 -2.820098 -2.796875
-2.793874 -2.854374 -2.227549 -2.719819 -2.803761
-2.733355 -2.844741 -2.798847 -2.828565 -2.777008
-2.721631 -2.778017 -2.66085 -2.807222 -2.810021
-2.747076 -2.806022 -2.762417 -2.816371 -2.870164
-2.883878 -2.798594 -2.771551 -2.770239 -2.792881
-2.773938 -2.788946 -2.750862 -2.802655 -2.769184
-2.797315 -2.710402 -2.817412 -2.707753 -2.826577
-2.794704 -2.802719 -2.762372 -2.758813 -2.893802
-2.75781 -2.764316 -2.800564 -2.84924 -2.784874
-2.870058 -2.784811 -2.768093 -2.74102 -2.769691
-2.789048 -2.784272 -2.744844 -2.751801 -2.819461
-2.73462 -2.424434 -2.804265 -2.799455 -2.66093
-2.764276 -2.689484 -2.790114 -2.79234 -2.452188
-2.738348 -2.786665 -2.900486 -2.75439 -2.818379
-2.731308 -2.803146 -2.802005 -2.221204 -2.754509
-2.795438 -2.716187 -2.783967 -2.749133 -2.830513
-2.82176 -2.788923 -2.779573 -2.724632 -2.847802
-2.792264 -2.836951 -2.823279 -2.742758 -2.805194
-2.749062 -2.878407 -2.810386 -2.798062 -2.765934
-2.876992 -2.822873 -2.830431 -2.803594 -2.82792
-2.782271 -2.82217 -2.776716 -2.804986 -2.626276
-2.802298 -2.822476 -2.387829 -2.725962 -2.756169
-2.785094 -2.74944 -2.767236 -2.776707 -2.794824
-2.76772 -2.787589 -2.827442 -2.77475 -2.80461
-2.768517
