-2.895009 -2.80406 -2.899165 -2.883427 -2.90455
-2.876139 -2.9282 -2.870276 -2.90601 -2.897196
-2.859089 -2.864039 -2.874269 -2.836453 -2.882436
-2.897836 -2.895978 -2.875987 -2.916134 -2.897005
-2.899538 -2.894734 -2.803539 -2.839535 -2.946428
-2.897117 -2.917653 -2.904146 -2.88298 -2.881077
-2.921282 -2.835993 -2.904059 -2.833713 -2.910156
-2.87661 -2.882175 -2.913193 -2.904829 -2.899533
-2.920585 -2.911216 -2.883839 -2.877153 -2.806605
-2.9221 -2.899615 -2.820183 -2.895108 -2.834291
-2.859409 -2.883851 -2.854308 -2.911704 -2.934077
-2.853167 -2.885418 -2.850209 -2.839945 -2.891735
-2.885509 -2.868176 -2.90631 -2.892052 -2.958031
-2.870589 -2.883237 -2.91222 -2.938031 -2.81591
-2.898085 -2.818728 -2.872872 -2.868677 -2.911931
-2.883662 -2.862349 -2.886519 -2.878933 -2.86303
-2.846986 -2.893929 -2.869723 -2.959441 -2.874825
-2.874313 -2.880099 -2.882143 -2.890455 -2.855525
-2.92806 -2.878621 -2.830395 -2.876619 -2.821705
-2.919977 -2.875092 -2.905498 -2.906791 -2.926137
-2.87092 -2.825715 -2.886791 -2.905499 -2.86445
-2.905706 -2.816368 -2.884219 -2.886544 -2.851524
-2.88385 -2.845283 -2.882084 -2.874442 -2.920814
-2.886207 -2.877817 -2.88275 -2.940322 -2.91115
-2.908626 -2.923494 -2.827984 -2.902872 -2.836403
-2.858508 -2.906775 -2.87246 -2.915256 -2.946431
-2.889073 -2.95157 -2.906438 -2.901499 -2.887574
-2.894406 -2.822013 -2.883873 -2.8478 -2.867888
-2.877468 -2.924467 -2.934038 -2.950792 -2.929163
-2.86591 -2.927495 -2.899484 -2.9135 -2.873855
-2.924479 -2.918592 -2.818512 -2.88421 -2.891362
-2.912375 -2.927842 -2.925146 -2.911638 -2.937976
-2.949751 -2.849053 -2.877499 -2.769043 -2.933824
-2.924239 -2.926205 -3.01617 -2.920905 -2.903337
-2.957895 -2.881765 -2.947663 -2.841682 -2.906394
-2.89777 -2.892349 -2.955801 -2.825059 -2.878405
-2.872692 -2.914488 -2.884527 -2.947309 -2.919718
-2.860008 -2.858201 -2.798325 -2.902222 -2.843874
-2.946073 -2.912085 -2.848897 -2.922838 -2.95716
-2.847149 -2.900538 -2.885633 -2.833536 -2.870488
-2.862311
