-2.792475 -2.860132 -2.775546 -2.733656 -2.732509
-2.768697 -2.845659 -2.843349 -2.721457 -2.738859
-2.820432 -2.79303 -2.826659 -2.7314 -2.751378
-2.819217 -2.809825 -2.787409 -2.840342 -2.762728
-2.786095 -2.722785 -2.750779 -2.752103 -2.781815
-2.802219 -2.691734 -2.829408 -2.77915 -2.794013
-2.753593 -2.799871 -2.770459 -2.79165 -2.676854
-2.849039 -2.860918 -2.757261 -2.745821 -2.803617
-2.857868 -2.875242 -2.781257 -2.791636 -2.70767
-2.875914 -2.837378 -2.873989 -2.848494 -2.834641
-2.744869 -2.701581 -2.756198 -2.716355 -2.761739
-2.769945 -2.808271 -2.789071 -2.790642 -2.773053
-2.832712 -2.887351 -2.846953 -2.796843 -2.770534
-2.775763 -2.847433 -2.715149 -2.819372 -2.804545
-2.839953 -2.752162 -2.805817 -2.718083 -2.811753
-2.796385 -2.82657 -2.807239 -2.805824 -2.783061
-2.81429 -2.793931 -2.812166 -2.754435 -2.805453
-2.701594 -2.861497 -2.766901 -2.701476 -2.852677
-2.769296 -2.768767 -2.779016 -2.861795 -2.803046
-2.803387 -2.788286 -2.755575 -2.831035 -2.750477
-2.836794 -2.730494 -2.751231 -2.776972 -2.712323
-2.768915 -2.85798 -2.792329 -2.746798 -2.803309
-2.842148 -2.757559 -2.785399 -2.79009 -2.830288
-2.786019 -2.750979 -2.81769 -2.795281 -2.778845
-2.8649 -2.808451 -2.845959 -2.832195 -2.765466
-2.861462 -2.846375 -2.802226 -2.793024 -2.74995
-2.855159 -2.763558 -2.815396 -2.80565 -2.664578
-2.742693 -2.839578 -2.812995 -2.837927 -2.824593
-2.810499 -2.788745 -2.811008 -2.824394 -2.811873
-2.820247 -2.75292 -2.855885 -2.784767 -2.822095
-2.78222 -2.777875 -2.81086 -2.739626 -2.752911
-2.69841 -2.783956 -2.865934 -2.734547 -2.883485
-2.875953 -2.82224 -2.785787 -2.775047 -2.831118
-2.811796 -2.8353 -2.784618 -2.818942 -2.750845
-2.757762 -2.7604 -2.807252 -2.745596 -2.818361
-2.772739 -2.773077 -2.822485 -2.804882 -2.802221
-2.812348 -2.752538 -2.710401 -2.81039 -2.799407
-2.800469 -2.740459 -2.833393 -2.825207 -2.817437
-2.771273 -2.766147 -2.81345 -2.7816 -2.785362
-2.797221 -2.810057 -2.716729 -2.742889 -2.749559
-2.789944
