-2.826376 -2.79114 -2.808291 -2.783632 -2.860089
-2.856758 -2.81181 -2.79244 -2.843993 -2.819801
-2.827313 -2.794643 -2.797024 -2.795851 -2.807056
-2.845109 -2.831322 -2.798078 -2.822774 -2.83935
-2.800977 -2.839313 -2.82664 -2.819501 -2.777459
-2.771692 -2.802163 -2.823431 -2.759942 -2.818782
-2.804077 -2.799294 -2.839605 -2.784109 -2.826266
-2.768838 -2.820645 -2.783092 -2.772115 -2.77811
-2.791973 -2.7946 -2.805223 -2.823002 -2.801188
-2.790956 -2.738229 -2.77638 -2.810366 -2.835795
-2.81123 -2.827252 -2.804351 -2.804742 -2.839604
-2.811718 -2.78997 -2.78387 -2.808947 -2.81377
-2.764401 -2.734753 -2.842279 -2.789012 -2.828089
-2.815373 -2.841985 -2.83311 -2.81238 -2.80987
-2.790971 -2.803918 -2.82574 -2.841366 -2.822312
-2.81969 -2.784491 -2.813437 -2.808804 -2.821132
-2.823148 -2.845143 -2.715068 -2.834601 -2.784115
-2.783011 -2.831745 -2.813593 -2.768225 -2.819748
-2.78264 -2.802266 -2.782714 -2.799685 -2.794116
-2.825059 -2.804099 -2.637005 -2.81356 -2.787891
-2.854319 -2.844416 -2.854982 -2.789053 -2.824023
-2.742011 -2.812675 -2.845135 -2.831949 -2.78808
-2.812135 -2.817666 -2.833042 -2.83006 -2.752411
-2.810209 -2.832537 -2.837088 -2.827327 -2.850892
-2.8263 -2.841971 -2.839375 -2.775704 -2.53779
-2.856548 -2.82104 -2.765446 -2.824975 -2.820731
-2.792124 -2.767564 -2.846305 -2.81265 -2.81203
-2.766539 -2.776553 -2.793889 -2.794424 -2.81135
-2.810788 -2.850834 -2.797039 -2.813862 -2.823391
-2.815769 -2.846819 -2.807331 -2.815682 -2.829011
-2.805612 -2.844062 -2.781091 -2.787176 -2.805782
-2.835128 -2.817616 -2.747989 -2.819787 -2.774954
-2.833197 -2.82217 -2.86269 -2.833084 -2.803604
-2.846979 -2.805965 -2.76246 -2.788047 -2.823013
-2.832536 -2.771392 -2.84102 -2.84365 -2.834615
-2.791998 -2.844094 -2.825098 -2.808821 -2.761485
-2.817211 -2.807361 -2.802949 -2.80919 -2.818298
-2.804537 -2.74215 -2.741791 -2.859173 -2.801367
-2.81689 -2.707734 -2.843773 -2.806035 -2.764055
-2.791098 -2.826609 -2.812885 -2.80411 -2.821726
-2.836625
