-2.911938 -2.950766 -2.862912 -2.956022 -2.876791
-2.900032 -2.924808 -2.894287 -2.953959 -2.914661
-2.909578 -2.879401 -2.941158 -2.907403 -2.905873
-2.881797 -2.934696 -2.917625 -2.859896 -2.929719
-2.913551 -2.899192 -2.907549 -2.886073 -2.93137
-2.926059 -2.873148 -2.90378 -2.942367 -2.939668
-2.886626 -2.926148 -2.80941 -2.915509 -2.919355
-2.886184 -2.897422 -2.907845 -2.902851 -2.886072
-2.891498 -2.902312 -2.934218 -2.896262 -2.968675
-2.890074 -2.900878 -2.897434 -2.891845 -2.900148
-2.846226 -2.915636 -2.887016 -2.947815 -2.936777
-2.876434 -2.938832 -2.90416 -2.874527 -2.907185
-2.911596 -2.906567 -2.867783 -2.971987 -2.921533
-2.86592 -2.882009 -2.940835 -2.931205 -2.84794
-2.92519 -2.910114 -2.93965 -2.883693 -2.883417
-2.895655 -2.836346 -2.868201 -2.927935 -2.940701
-2.909789 -2.87815 -2.922362 -2.909528 -2.927213
-2.928397 -2.939344 -2.899094 -2.936111 -2.946416
-2.930471 -2.881177 -2.948372 -2.907168 -2.858263
-2.912958 -2.873233 -2.875191 -2.902003 -2.90887
-2.933227 -2.908053 -2.970822 -2.874424 -2.870681
-2.951031 -2.893708 -2.897258 -2.926952 -2.90154
-2.852575 -2.9162 -2.894793 -2.916458 -2.961063
-2.925546 -2.96074 -2.817189 -2.914317 -2.918864
-2.879855 -2.941684 -2.948194 -2.918231 -2.843809
-2.905724 -2.853914 -2.889943 -2.939962 -2.865288
-2.977786 -2.91682 -2.865841 -2.85304 -2.874195
-2.895597 -2.820194 -2.93582 -2.927329 -2.93763
-2.892427 -2.888697 -2.855621 -2.835688 -2.836743
-2.895868 -2.886111 -2.883034 -2.884579 -2.910927
-2.981394 -2.896848 -2.915023 -2.911807 -2.853605
-2.930854 -2.952949 -2.929816 -2.944011 -2.902801
-2.860654 -2.954347 -2.814212 -2.924011 -2.972248
-2.891177 -2.858235 -2.909686 -2.957089 -2.824326
-2.938735 -2.904804 -2.931647 -2.923076 -2.945576
-2.914316 -2.887369 -2.89558 -2.899767 -2.854111
-2.881934 -2.880132 -2.90576 -2.8395 -2.89926
-2.95594 -2.916151 -2.960846 -2.93608 -2.901497
-2.899572 -2.93629 -2.907839 -2.901901 -2.923965
-2.879294 -2.98451 -2.880503 -2.923643 -2.856127
-2.913424
