-2.864193 -2.835389 -2.769996 -2.801658 -2.847442
-2.866365 -2.835641 -2.84796 -2.90952 -2.863067
-2.907492 -2.970302 -2.858606 -2.811014 -2.866239
-2.854778 -2.918186 -2.848146 -2.850866 -2.852602
-2.851197 -2.896057 -2.901204 -2.864471 -2.773616
-2.87918 -2.804688 -2.79109 -2.858473 -2.938463
-2.908507 -2.798594 -2.89742 -2.842056 -2.899384
-2.904079 -2.863954 -2.892863 -2.833637 -2.898251
-2.873295 -2.847387 -2.879734 -2.863997 -2.895465
-2.935527 -2.840173 -2.839104 -2.847667 -2.884132
-2.877837 -2.843236 -2.853822 -2.833605 -2.873415
-2.853313 -2.82849 -2.924534 -2.814614 -2.848194
-2.84752 -2.814415 -2.867707 -2.823676 -2.892352
-2.861814 -2.873049 -2.828588 -2.857994 -2.85577
-2.851912 -2.871446 -2.897434 -2.829552 -2.84045
-2.84731 -2.85698 -2.832356 -2.860817 -2.881129
-2.853287 -2.862 -2.88282 -2.877341 -2.83486
-2.909269 -2.82083 -2.838923 -2.878964 -2.837671
-2.867496 -2.798703 -2.876284 -2.788833 -2.821026
-2.853762 -2.826219 -2.765352 -2.797854 -2.848738
-2.855251 -2.86093 -2.804777 -2.881702 -2.8147
-2.864914 -2.837935 -2.885712 -2.89455 -2.902022
-2.856304 -2.807706 -2.871916 -2.853192 -2.793095
-2.878976 -2.84676 -2.885185 -2.840503 -2.820774
-2.914539 -2.893986 -2.858117 -2.8315 -2.846796
-2.882022 -2.901771 -2.872866 -2.848913 -2.824108
-2.86657 -2.877621 -2.865727 -2.857624 -2.874287
-2.801084 -2.854453 -2.83181 -2.824166 -2.877144
-2.882907 -2.888572 -2.957104 -2.868491 -2.837151
-2.852906 -2.799579 -2.895519 -2.804634 -2.825303
-2.8581 -2.885319 -2.867244 -2.886097 -2.850759
-2.898436 -2.817953 -2.82907 -2.81704 -2.827047
-2.853194 -2.879059 -2.834951 -2.902474 -2.864469
-2.86254 -2.807305 -2.89177 -2.842184 -2.899483
-2.86281 -2.807298 -2.848655 -2.911607 -2.946484
-2.863878 -2.837773 -2.882639 -2.855937 -2.860296
-2.819383 -2.789426 -2.9225 -2.872753 -2.866816
-2.863802 -2.857926 -2.854337 -2.865469 -2.890438
-2.885057 -2.913329 -2.831799 -2.881187 -2.859744
-2.796433 -2.8394 -2.902899 -2.802979 -2.867761
-2.911565
