-2.867856 -2.91284 -2.76686 -2.896756 -2.845212
-2.786294 -2.826627 -2.879614 -2.854531 -2.703713
-2.887839 -2.855831 -2.864045 -2.83296 -2.823637
-2.885984 -2.894186 -2.792198 -2.868393 -2.87706
-2.946656 -2.779295 -2.84287 -2.891953 -2.806092
-2.7886 -2.845548 -2.834781 -2.879445 -2.89257
-2.944141 -2.841172 -2.822583 -2.803414 -2.916596
-2.846869 -2.632851 -2.748959 -2.877704 -2.800267
-2.741914 -2.746765 -2.81844 -2.89136 -2.822392
-2.865971 -2.838664 -2.832508 -2.862966 -2.817627
-2.762382 -2.823699 -2.865076 -2.85928 -2.798611
-2.850697 -2.833268 -2.860614 -2.783884 -2.887574
-2.871371 -2.83139 -2.826161 -2.905652 -2.872484
-2.838685 -2.928143 -2.859356 -2.775396 -2.766479
-2.881146 -2.862364 -2.938411 -2.794468 -2.669538
-2.888622 -2.889063 -2.703968 -2.858522 -2.789238
-2.846477 -2.83532 -2.823351 -2.659973 -2.770369
-2.847 -2.863846 -2.90655 -2.903845 -2.903646
-2.85042 -2.842018 -2.825594 -2.838724 -2.789835
-2.828319 -2.797452 -2.790863 -2.898808 -2.750393
-2.968221 -2.828467 -2.812628 -2.829767 -2.734055
-2.82349 -2.888142 -2.803175 -2.832158 -2.899647
-2.847801 -2.827604 -2.620431 -2.847618 -2.879891
-2.613258 -2.790717 -2.912164 -2.837459 -2.83923
-2.914871 -2.911958 -2.875999 -2.854804 -2.846235
-2.853544 -2.875017 -2.868771 -2.902896 -2.842024
-2.898302 -2.804769 -2.90006 -2.876029 -2.813625
-2.838892 -2.853186 -2.859472 -2.907269 -2.81742
-2.765346 -2.909984 -2.916533 -2.789093 -2.842096
-2.845265 -2.860667 -2.831939 -2.79987 -2.920324
-2.908732 -2.824986 -2.87339 -2.879469 -2.551801
-2.97361 -2.788197 -2.848425 -2.86545 -2.841018
-2.816458 -2.881569 -2.86201 -2.822836 -2.803991
-2.832863 -2.827576 -2.798025 -2.770203 -2.9227
-2.8514 -2.893211 -2.821687 -2.878846 -2.853883
-2.874327 -2.872214 -2.864003 -2.827847 -2.862319
-2.820396 -2.84231 -2.84791 -2.881303 -2.823072
-2.880804 -2.852718 -2.827659 -2.831317 -2.81834
-2.753289 -2.839768 -2.892988 -2.870409 -2.913871
-2.539425 -2.759449 -2.851547 -2.854663 -2.893124
-2.828434
