-2.849226 -2.94292 -2.813735 -2.852086 -2.859832
-2.887347 -2.870042 -2.877934 -2.770962 -2.856226
-2.822564 -2.891291 -2.836054 -2.881271 -2.872817
-2.850498 -2.824963 -2.823817 -2.845244 -2.848117
-2.84578 -2.80244 -2.888826 -2.888332 -2.741821
-2.78693 -2.814201 -2.834507 -2.946082 -2.858926
-2.855079 -2.805265 -2.856511 -2.822894 -2.890222
-2.836326 -2.907107 -2.833246 -2.758124 -2.814448
-2.879661 -2.825675 -2.824523 -2.89345 -2.785398
-2.850389 -2.828097 -2.852779 -2.831423 -2.856284
-2.839802 -2.842005 -2.806922 -2.803187 -2.822615
-2.817217 -2.859317 -2.856458 -2.894744 -2.762072
-2.806602 -2.889334 -2.807067 -2.845561 -2.878467
-2.828047 -2.865174 -2.819617 -2.816575 -2.862015
-2.83322 -2.85837 -2.768391 -2.812472 -2.764413
-2.863037 -2.850199 -2.86667 -2.798801 -2.828436
-2.826127 -2.82869 -2.8731 -2.823801 -2.75958
-2.75162 -2.815591 -2.860734 -2.850075 -2.789596
-2.857145 -2.854479 -2.842901 -2.844706 -2.850687
-2.855719 -2.817679 -2.853913 -2.902213 -2.876264
-2.881159 -2.912982 -2.861777 -2.866612 -2.803273
-2.844648 -2.863109 -2.857666 -2.855119 -2.857788
-2.863123 -2.888229 -2.806988 -2.760093 -2.842447
-2.860955 -2.857646 -2.926546 -2.764819 -2.831067
-2.81976 -2.784769 -2.884777 -2.810078 -2.777459
-2.829201 -2.832639 -2.832546 -2.856633 -2.791482
-2.835679 -2.888252 -2.852687 -2.824822 -2.828026
-2.874196 -2.819866 -2.813834 -2.846374 -2.847338
-2.856591 -2.859558 -2.879487 -2.81144 -2.840707
-2.839556 -2.890877 -2.917861 -2.84468 -2.80184
-2.856918 -2.866115 -2.840151 -2.842381 -2.856785
-2.771908 -2.814367 -2.805601 -2.86148 -2.851162
-2.846987 -2.858174 -2.861741 -2.837627 -2.838417
-2.870637 -2.887845 -2.863012 -2.869363 -2.962807
-2.851561 -2.832665 -2.82962 -2.870504 -2.816349
-2.877833 -2.861292 -2.830394 -2.808919 -2.831811
-2.855034 -2.885631 -2.900994 -2.801967 -2.908563
-2.847765 -2.802849 -2.845532 -2.888584 -2.809751
-2.758544 -2.842796 -2.85426 -2.882969 -2.832856
-2.818531 -2.86037 -2.835708 -2.899305 -2.865936
-2.861246
