-2.848903 -2.819585 -2.816481 -2.807157 -2.825274
-2.799106 -2.872877 -2.77288 -2.662664 -2.968544
-2.751291 -2.92371 -2.936955 -2.736763 -2.824696
-2.825854 -2.895442 -2.840316 -2.835763 -2.79325
-2.930968 -2.954559 -2.843897 -2.851634 -2.774879
-2.850958 -2.802253 -2.842805 -2.871892 -2.832129
-3.031409 -2.827217 -2.724071 -2.855151 -2.913519
-2.812183 -2.859043 -2.862744 -2.823964 -2.751434
-2.768336 -2.751148 -2.883913 -2.883616 -2.788434
-2.81533 -2.857995 -2.850001 -2.932688 -2.914761
-2.943044 -2.797054 -2.870533 -2.831738 -2.840404
-2.775821 -2.731394 -2.788194 -2.94336 -2.815232
-2.817671 -2.874035 -2.877252 -2.748915 -2.831209
-2.808037 -2.73089 -2.840822 -2.800023 -2.803784
-2.926453 -2.945178 -2.916124 -2.835677 -3.0367
-2.829443 -2.869212 -2.843514 -2.889709 -2.802303
-2.843182 -2.842544 -2.803684 -2.901879 -2.922453
-2.870006 -2.813711 -2.864911 -2.905437 -2.835656
-2.898205 -2.888389 -2.90042 -2.830025 -2.748769
-2.797101 -2.873432 -2.848224 -2.818265 -2.860598
-2.833135 -2.864366 -2.800557 -2.658756 -2.778897
-2.929498 -2.925297 -2.910005 -2.848447 -2.932389
-2.690571 -2.792979 -2.731688 -2.835545 -2.859203
-2.918127 -2.894946 -2.827523 -2.823438 -2.778793
-2.887097 -2.785739 -2.880886 -2.73704 -2.832241
-2.75993 -2.910966 -2.82298 -2.815783 -2.791183
-2.723883 -2.86062 -2.810138 -2.774838 -3.007317
-2.918229 -2.832374 -2.790003 -2.820899 -2.816801
-2.719399 -2.685224 -2.898313 -2.796131 -2.879825
-2.815301 -2.855718 -2.742783 -2.962008 -2.942564
-2.781094 -2.807675 -2.871323 -2.907025 -2.68411
-2.894269 -2.861442 -2.811582 -2.919199 -2.796023
-2.835315 -2.86616 -2.891555 -2.943429 -2.897892
-2.873366 -2.751285 -2.965668 -2.908239 -2.85423
-2.753011 -2.918087 -2.878448 -2.889911 -2.763685
-2.846502 -2.850492 -2.857212 -2.839626 -2.952466
-2.864485 -2.828691 -2.802201 -2.774612 -2.781169
-2.835274 -2.929641 -2.885478 -2.884968 -2.834258
-2.772419 -2.819634 -2.721889 -2.770882 -2.891994
-2.797331 -2.949628 -2.853449 -2.84254 -2.82087
-2.894283
