-2.868624 -2.873728 -2.874114 -2.919276 -2.886231
-2.878517 -2.890841 -2.853073 -2.848817 -2.85719
-2.860201 -2.794477 -2.938365 -2.877278 -2.845366
-2.907769 -2.849349 -2.823964 -2.884515 -2.859511
-2.87193 -2.897652 -2.817157 -2.83518 -2.913897
-2.857578 -2.818181 -2.911222 -2.842169 -2.81913
-2.898555 -2.95353 -2.84487 -2.823392 -2.926835
-2.848882 -2.836011 -2.832308 -2.838692 -2.829448
-2.887015 -2.86798 -2.841821 -2.805488 -2.865751
-2.843279 -2.858514 -2.884423 -2.8741 -2.909855
-2.884907 -2.783471 -2.912961 -2.844308 -2.829374
-2.863377 -2.858559 -2.825218 -2.851965 -2.803384
-2.914489 -2.910816 -2.847063 -2.889108 -2.894127
-2.876267 -2.869649 -2.856352 -2.873744 -2.917493
-2.867864 -2.843169 -2.826143 -2.827212 -2.886079
-2.824248 -2.85563 -2.846934 -2.904699 -2.844338
-2.833353 -2.903653 -2.878177 -2.86397 -2.866843
-2.800139 -2.785342 -2.816169 -2.853068 -2.885521
-2.839881 -2.929381 -2.870505 -2.845289 -2.832319
-2.91117 -2.907386 -2.77061 -2.860654 -2.897295
-2.940185 -2.929956 -2.845117 -2.892416 -2.84953
-2.847948 -2.905733 -2.919836 -2.785449 -2.897638
-2.824531 -2.804575 -2.885537 -2.892122 -2.889291
-2.867299 -2.79405 -2.871392 -2.929214 -2.800757
-2.847225 -2.905278 -2.841038 -2.84445 -2.819113
-2.843623 -2.929244 -2.863666 -2.90638 -2.878775
-2.867616 -2.893952 -2.92764 -2.839018 -2.906598
-2.846888 -2.840327 -2.864581 -2.873874 -2.899453
-2.856762 -2.924423 -2.864976 -2.909306 -2.912323
-2.895304 -2.847887 -2.810122 -2.904962 -2.888192
-2.916289 -2.82838 -2.900468 -2.915826 -2.802651
-2.848761 -2.8387 -2.84911 -2.778114 -2.908199
-2.985405 -2.852256 -2.857306 -2.869389 -2.821684
-2.836982 -2.82616 -2.846476 -2.85464 -2.9102
-2.859918 -2.804844 -2.952765 -2.830832 -2.905512
-2.896471 -2.823022 -2.867717 -2.831742 -2.858187
-2.798825 -2.803423 -2.837768 -2.839927 -2.867704
-2.781756 -2.862874 -2.850758 -2.874555 -2.827457
-2.866588 -2.898208 -2.851797 -2.850199 -2.868365
-2.849429 -2.863656 -2.874765 -2.879747 -2.82332
-2.821978
