-2.8831 -2.8209 -2.868847 -2.845749 -2.981812
-2.923759 -2.851654 -2.861879 -2.907881 -2.891751
-2.864282 -2.85014 -2.85504 -2.918366 -2.831631
-2.871967 -2.871115 -2.65419 -2.820101 -2.662041
-2.860064 -2.818365 -2.898112 -2.836031 -2.96581
-2.887235 -2.817755 -2.897536 -2.871857 -2.943318
-2.891448 -2.855816 -2.829686 -2.879668 -2.90211
-2.827613 -2.878589 -2.679196 -2.847044 -2.544547
-2.843831 -2.950924 -2.791911 -2.86943 -2.79871
-2.949099 -2.760847 -2.856155 -2.867666 -2.793742
-2.866671 -2.969317 -2.913235 -2.931381 -2.922329
-2.889766 -2.810099 -2.929874 -2.8361 -2.844792
-2.836072 -2.821372 -2.737834 -2.896485 -2.714916
-2.48889 -2.864971 -2.849116 -2.921392 -2.794935
-2.77141 -2.806816 -2.922393 -2.827835 -2.817745
-2.863627 -2.913901 -2.883772 -2.848088 -2.867423
-2.76356 -2.82629 -2.810058 -2.817098 -2.875414
-2.899715 -2.872413 -2.792913 -2.843436 -2.874577
-2.760057 -2.883343 -2.884208 -2.808455 -2.904456
-2.919713 -2.586959 -2.804125 -2.950486 -2.887785
-2.975623 -2.873991 -2.935823 -2.91895 -2.958257
-2.801415 -2.829622 -2.942867 -2.870001 -2.898522
-2.863737 -2.862517 -2.788531 -2.873671 -2.900245
-2.885933 -2.647577 -2.778476 -2.97105 -2.898639
-2.810945 -2.944587 -2.94544 -2.818519 -2.936942
-2.917696 -2.81952 -2.838135 -2.943228 -2.830921
-2.852094 -2.865231 -2.902505 -2.828137 -2.850206
-2.879157 -2.988538 -2.885503 -2.881656 -2.437736
-2.565971 -2.82009 -2.845299 -2.622169 -2.824342
-2.868618 -2.82039 -2.758796 -2.940841 -2.714336
-2.790224 -2.509622 -2.85715 -2.915088 -2.834896
-2.817661 -2.849607 -2.854504 -2.912141 -2.831984
-2.803932 -2.839446 -2.872492 -2.818138 -2.827438
-2.880589 -2.943011 -2.863951 -2.90861 -2.832685
-2.859894 -2.516707 -2.811553 -2.506383 -2.869572
-2.804488 -2.80777 -2.747057 -2.862045 -2.79484
-2.872738 -2.910488 -2.884317 -2.915566 -2.822631
-2.950042 -2.824647 -2.836827 -2.931555 -2.861314
-2.950294 -2.904533 -2.84168 -2.877541 -2.634527
-2.856125 -2.979277 -2.858699 -2.796191 -2.900933
-2.543511
