-2.849137 -2.901633 -2.922242 -2.905902 -2.841419
-2.858346 -2.809485 -2.924321 -2.908818 -2.834663
-2.855058 -2.775701 -2.857539 -2.813163 -2.855721
-2.843382 -2.886997 -2.888712 -2.805795 -2.743781
-2.888068 -2.711705 -2.80561 -2.804647 -2.850917
-2.811641 -2.797634 -2.827776 -2.893025 -2.832496
-2.873795 -2.879985 -2.797564 -2.85869 -2.785076
-2.804276 -2.888809 -2.928551 -2.914011 -2.882941
-2.837925 -2.851322 -2.898798 -2.806301 -2.759635
-2.931171 -2.87454 -2.85039 -2.839496 -2.848877
-2.805127 -2.891214 -2.838498 -2.876186 -2.851186
-2.768098 -2.827369 -2.814646 -2.775823 -2.86443
-2.825997 -2.897471 -2.870398 -2.84758 -2.857815
-2.863982 -2.834723 -2.758704 -2.908284 -2.858675
-2.7621 -2.923101 -2.934673 -3.014653 -2.814169
-2.936959 -2.842836 -2.8092 -2.850564 -2.84193
-2.878857 -2.873322 -2.853943 -2.864333 -2.900104
-2.884131 -2.824832 -2.823315 -2.786122 -2.969357
-2.890596 -2.792951 -2.823788 -2.823406 -2.810497
-2.834504 -2.835507 -2.868328 -2.794028 -2.812099
-2.801326 -2.895668 -2.873374 -2.825266 -2.82664
-2.808671 -2.856521 -2.85268 -2.861442 -2.879465
-2.814125 -2.807939 -2.832643 -2.804408 -2.806408
-2.879435 -2.904015 -2.819672 -2.796481 -2.836757
-2.868489 -2.867442 -2.794716 -2.88455 -2.855199
-2.816794 -2.872906 -2.799163 -2.845092 -2.846402
-2.804812 -2.725505 -2.706676 -2.801755 -2.840278
-2.898678 -2.9068 -2.842495 -2.890226 -2.849235
-2.873636 -2.839107 -2.812065 -2.88235 -2.831431
-2.913679 -2.893093 -2.852175 -2.756226 -2.870116
-2.757369 -2.811379 -2.912878 -2.983078 -2.801768
-2.778967 -2.836702 -2.612039 -2.76168 -2.812906
-2.808425 -2.835179 -2.899653 -2.781317 -2.825308
-2.803116 -2.853834 -2.775896 -2.817291 -2.827972
-2.888232 -2.75071 -2.892748 -2.905869 -2.916844
-2.773482 -2.830025 -2.797371 -2.814959 -2.855564
-2.895994 -2.806171 -2.815608 -2.8179 -2.911308
-2.809539 -2.875167 -2.817309 -2.847109 -2.889545
-2.867956 -2.869607 -2.860729 -2.785488 -2.8075
-2.865638 -2.923582 -2.79781 -2.854716 -2.832677
-2.808807
