-2.942691 -2.8327 -2.824056 -3.025443 -2.647439
-2.870713 -2.517724 -2.413977 -2.726268 -2.960841
-2.880235 -2.950828 -2.739995 -2.80036 -2.63591
-2.642262 -2.876887 -2.551203 -2.703171 -2.946069
-2.825274 -2.537789 -2.427957 -2.308735 -2.28763
-2.922446 -2.841572 -2.78777 -2.374255 -2.944333
-2.909344 -2.815969 -2.872864 -2.692472 -2.918936
-2.521462 -2.664709 -2.883148 -2.860741 -2.853595
-2.830318 -2.557885 -2.777218 -2.578254 -2.873222
-2.907641 -2.666218 -3.004911 -2.957252 -2.775396
-2.286603 -2.59154 -2.859 -3.023993 -2.208845
-2.946515 -2.876925 -2.668678 -2.424485 -2.911153
-2.870093 -3.004425 -2.706699 -2.973401 -2.928623
-2.889018 -2.543786 -2.430962 -3.062572 -2.943733
-2.908369 -2.427928 -2.589594 -2.596971 -2.531242
-2.852436 -2.797457 -2.856426 -2.521771 -2.722217
-2.990392 -2.994682 -2.905116 -2.91326 -2.834915
-3.044821 -2.87837 -2.975127 -2.573652 -2.916299
-2.885564 -2.869517 -2.578645 -2.855615 -2.942798
-2.621641 -2.919388 -2.757622 -2.215516 -2.900276
-2.970305 -2.919216 -2.522947 -2.614853 -2.761384
-2.429329 -2.961131 -3.066987 -2.43864 -2.712547
-2.861883 -2.871738 -2.978884 -2.956544 -2.797141
-2.990024 -2.914701 -2.960919 -2.399231 -2.963113
-2.956634 -2.928454 -2.809879 -2.851929 -3.000012
-2.904274 -2.892937 -2.887286 -2.889227 -2.678711
-2.717146 -2.821164 -2.629795 -2.442675 -2.926635
-2.554139 -2.519113 -2.658084 -2.928023 -2.877134
-2.578112 -2.91648 -2.941553 -2.914246 -2.945053
-2.8944 -2.795651 -2.387143 -2.882014 -2.945541
-2.666027 -2.863752 -2.933866 -2.50192 -2.935748
-2.933772 -2.893135 -2.670406 -2.885061 -2.910611
-2.949596 -2.873341 -2.476576 -2.994223 -2.818399
-2.871525 -2.792102 -2.944902 -2.753658 -2.370903
-2.885365 -2.948162 -2.645167 -2.86652 -2.970854
-2.501429 -2.858101 -2.993775 -2.530514 -2.551987
-2.875935 -2.55564 -2.513357 -2.938197 -2.972714
-2.452509 -2.924934 -2.942683 -2.988211 -2.781122
-2.918487 -2.793675 -2.839366 -2.383606 -2.563621
-2.941839 -2.923108 -2.390102 -2.919953 -2.758143
-2.84329
