-2.83114 -2.816809 -2.83416 -2.819835 -2.786648
-2.787068 -2.814595 -2.824322 -2.795727 -2.792465
-2.873885 -2.836043 -2.845986 -2.825463 -2.856344
-2.829974 -2.806419 -2.850098 -2.781256 -2.785442
-2.84397 -2.796047 -2.767695 -2.799005 -2.850022
-2.817838 -2.785499 -2.803268 -2.839809 -2.86054
-2.867761 -2.808329 -2.860918 -2.804335 -2.836503
-2.848094 -2.796695 -2.847968 -2.769052 -2.849475
-2.837786 -2.866188 -2.857707 -2.691544 -2.86267
-2.759281 -2.861262 -2.821908 -2.893153 -2.763842
-2.761643 -2.787208 -2.843344 -2.847945 -2.745552
-2.861329 -2.854697 -2.744726 -2.768953 -2.861016
-2.849397 -2.720573 -2.757554 -2.881841 -2.848015
-2.82607 -2.804016 -2.823413 -2.878103 -2.849274
-2.838125 -2.909818 -2.801278 -2.777807 -2.812419
-2.829961 -2.91024 -2.847107 -2.856517 -2.864298
-2.804446 -2.818056 -2.781904 -2.826976 -2.808745
-2.730866 -2.81061 -2.824633 -2.810506 -2.726615
-2.831508 -2.847856 -2.83404 -2.624921 -2.810084
-2.846465 -2.823669 -2.802284 -2.727603 -2.787293
-2.806152 -2.834333 -2.811037 -2.810652 -2.854349
-2.842229 -2.801389 -2.786988 -2.797953 -2.730255
-2.850415 -2.84378 -2.818441 -2.842595 -2.742508
-2.795168 -2.837858 -2.757772 -2.862125 -2.878766
-2.857006 -2.846816 -2.791322 -2.841745 -2.82797
-2.808542 -2.831068 -2.84871 -2.812657 -2.788159
-2.82702 -2.849713 -2.88402 -2.855944 -2.862283
-2.795901 -2.775704 -2.743564 -2.78811 -2.792451
-2.836807 -2.859891 -2.759191 -2.859671 -2.782285
-2.834477 -2.826423 -2.797792 -2.74863 -2.797068
-2.839383 -2.827948 -2.770655 -2.871225 -2.751925
-2.82028 -2.76757 -2.826605 -2.824224 -2.816468
-2.66863 -2.827813 -2.789678 -2.783407 -2.853421
-2.793683 -2.895242 -2.737453 -2.863592 -2.898879
-2.823138 -2.778592 -2.79513 -2.742466 -2.866946
-2.845534 -2.842675 -2.919511 -2.805682 -2.821235
-2.853597 -2.77165 -2.833304 -2.865074 -2.792697
-2.793949 -2.868201 -2.704007 -2.837726 -2.793072
-2.812021 -2.811378 -2.809647 -2.817201 -2.701854
-2.840474 -2.833226 -2.811915 -2.745634 -2.798189
-2.911447
