-2.868926 -2.832178 -2.889942 -2.879491 -2.841378
-2.87901 -2.879449 -2.85691 -2.872678 -2.864226
-2.867145 -2.907685 -2.846967 -2.847911 -2.87281
-2.934649 -2.819577 -2.860518 -2.853392 -2.859163
-2.912194 -2.873067 -2.862015 -2.894289 -2.855568
-2.823191 -2.858609 -2.83269 -2.846412 -2.913856
-2.91193 -2.92501 -2.90431 -2.884439 -2.864417
-2.744144 -2.870553 -2.852024 -2.825518 -2.854478
-2.812862 -2.876197 -2.861362 -2.901952 -2.859968
-2.83081 -2.876395 -2.867903 -2.900072 -2.808021
-2.931774 -2.877324 -2.910127 -2.879888 -2.842864
-2.83731 -2.821447 -2.832725 -2.865464 -2.855819
-2.793733 -2.848509 -2.881905 -2.868278 -2.81994
-2.894331 -2.879205 -2.845857 -2.819285 -2.834695
-2.833659 -2.862439 -2.831842 -2.906403 -2.907312
-2.857413 -2.84456 -2.848347 -2.863507 -2.752642
-2.849928 -2.819887 -2.890313 -2.876463 -2.859971
-2.843226 -2.890234 -2.878494 -2.830551 -2.815701
-2.855494 -2.819529 -2.824943 -2.818109 -2.856388
-2.867438 -2.861862 -2.864255 -2.875911 -2.867787
-2.840428 -2.842973 -2.802954 -2.822065 -2.849027
-2.810859 -2.885126 -2.82806 -2.871607 -2.902957
-2.865471 -2.881992 -2.85487 -2.882418 -2.841943
-2.833802 -2.838651 -2.828381 -2.803729 -2.880743
-2.894244 -2.875589 -2.875703 -2.876561 -2.852086
-2.901953 -2.87297 -2.863673 -2.867224 -2.899585
-2.863302 -2.865041 -2.865931 -2.846323 -2.814387
-2.872451 -2.8389 -2.889247 -2.816346 -2.846127
-2.858784 -2.876501 -2.878178 -2.763084 -2.911569
-2.887885 -2.814003 -2.858261 -2.810123 -2.837872
-2.866887 -2.831536 -2.812833 -2.839347 -2.81576
-2.885735 -2.843423 -2.855418 -2.830249 -2.878079
-2.855854 -2.887627 -2.893659 -2.827352 -2.826482
-2.851419 -2.888704 -2.864297 -2.788902 -2.874074
-2.822305 -2.875275 -2.866664 -2.838942 -2.903533
-2.849744 -2.802564 -2.891029 -2.909401 -2.860586
-2.931639 -2.771874 -2.796324 -2.833331 -2.822221
-2.841286 -2.875748 -2.889049 -2.794226 -2.904446
-2.862654 -2.929173 -2.802497 -2.809485 -2.866377
-2.83782 -2.821491 -2.900766 -2.820869 -2.928467
-2.882969
