-2.853424 -2.815531 -2.78557 -2.86455 -2.902352
-2.815068 -2.816242 -2.832035 -2.862203 -2.839
-2.801321 -2.785076 -2.866445 -2.873609 -2.794908
-2.852386 -2.798736 -2.917932 -2.767866 -2.286693
-2.812783 -2.859285 -2.852318 -2.881172 -2.846401
-2.823764 -2.905776 -2.837658 -2.779835 -2.777735
-2.895989 -2.833981 -2.874889 -2.856199 -2.90237
-2.832142 -2.795677 -2.912387 -2.833218 -2.824577
-2.771873 -2.793971 -2.607227 -2.773773 -2.836056
-2.847374 -2.805993 -2.806847 -2.878193 -2.84017
-2.565115 -2.81408 -2.783796 -2.80137 -2.82841
-2.845589 -2.807301 -2.869398 -2.797093 -2.864807
-2.861939 -2.817846 -2.759283 -2.826405 -2.857371
-2.837252 -2.920808 -2.838718 -2.66077 -2.88943
-2.812648 -2.835469 -2.882494 -2.773259 -2.938584
-2.810028 -2.814324 -2.779084 -2.828745 -2.873023
-2.846205 -2.775098 -2.901231 -2.826527 -2.868046
-2.76991 -2.85306 -2.869412 -2.827876 -2.857101
-2.815791 -2.814768 -2.944053 -2.851483 -2.854278
-2.849794 -2.877392 -2.836649 -2.86853 -2.259859
-2.824818 -2.805816 -2.844176 -2.898376 -2.857118
-2.817284 -2.850914 -2.579401 -2.848337 -2.812138
-2.805612 -2.892646 -2.854847 -2.854994 -2.781095
-2.890258 -2.862655 -2.81426 -2.683995 -2.901947
-2.806593 -2.812279 -2.825537 -2.770115 -2.946096
-2.917499 -2.783846 -2.518771 -2.887228 -2.820282
-2.808024 -2.683495 -2.79041 -2.911209 -2.792305
-2.792425 -2.907878 -2.84789 -2.811164 -2.90558
-2.882619 -2.857414 -2.785195 -2.832817 -2.780033
-2.813555 -2.806774 -2.845627 -2.832507 -2.749985
-2.882882 -2.828206 -2.800852 -2.867988 -2.867558
-2.849799 -2.833268 -2.898666 -2.896285 -2.852057
-2.29973 -2.821985 -2.843022 -2.841653 -2.807474
-2.804844 -2.798577 -2.833783 -2.806754 -2.828574
-2.862877 -2.851061 -2.877814 -2.78523 -2.829029
-2.814585 -2.81477 -2.776146 -2.763101 -2.787537
-2.864473 -2.873296 -2.809762 -2.816004 -2.720557
-2.857425 -2.79586 -2.783829 -2.860453 -2.853963
-2.872427 -2.866164 -2.834682 -2.822338 -2.832272
-2.573116 -2.803879 -2.849493 -2.85114 -2.79765
-2.605663
