-2.835234 -2.838681 -2.788332 -2.435961 -2.838401
-2.832715 -2.742133 -2.819351 -2.775268 -2.808369
-2.808014 -2.843197 -2.433709 -2.690315 -2.83446
-2.842097 -2.178817 -2.861892 -2.70219 -2.812692
-2.822724 -2.83459 -2.845619 -2.843301 -2.812272
-2.212917 -2.836017 -2.691762 -2.800631 -2.830772
-2.868702 -2.840001 -2.136609 -2.839574 -2.858994
-2.824866 -2.759444 -2.826928 -2.850623 -2.800227
-2.821478 -2.73666 -2.337044 -2.799902 -2.833902
-2.880321 -2.852831 -2.837107 -2.854817 -2.785515
-2.843544 -2.787096 -2.866519 -2.723447 -2.802869
-2.757429 -2.787863 -2.847071 -2.196389 -2.703544
-2.821834 -2.778278 -2.790196 -2.841914 -2.810895
-2.838979 -2.806439 -2.834785 -2.82395 -2.799781
-2.852201 -2.846174 -2.835792 -2.831328 -2.502673
-2.86867 -2.816289 -2.823803 -2.813725 -2.833172
-2.881708 -2.770899 -2.855122 -2.857672 -2.872621
-2.80877 -2.84366 -2.838932 -2.832203 -2.834235
-2.816272 -2.844086 -2.812567 -2.823412 -2.861017
-2.874779 -2.834946 -2.842859 -2.668248 -2.828452
-2.819699 -2.848313 -2.836046 -2.834412 -2.790593
-2.802004 -2.817999 -2.780843 -2.836097 -2.799023
-2.810528 -2.821567 -2.808726 -2.809338 -2.835774
-2.827704 -2.830874 -2.825807 -2.825908 -2.843141
-2.275204 -2.826594 -2.834906 -2.822803 -2.78588
-2.83545 -2.801968 -2.820146 -2.818547 -2.829278
-2.809873 -2.817482 -2.807564 -2.803362 -2.822613
-2.413477 -2.778216 -2.838481 -2.844252 -2.801481
-2.81349 -2.815354 -2.815976 -2.802888 -2.848229
-2.85737 -2.796734 -2.851387 -2.832721 -2.803338
-2.794195 -2.845154 -2.888011 -2.840108 -2.807512
-2.833316 -2.818938 -2.822914 -2.82917 -2.835746
-2.866454 -2.80919 -2.804618 -2.787752 -2.722043
-2.843345 -2.827176 -2.833388 -2.817663 -2.201222
-2.810822 -2.820751 -2.853131 -2.845638 -2.80112
-2.837393 -2.772163 -2.47982 -2.829945 -2.843291
-2.833599 -2.803138 -2.843758 -2.82206 -2.866395
-2.521444 -2.805661 -2.842704 -2.833878 -2.740015
-2.832271 -2.819209 -2.832073 -2.827254 -2.823922
-2.824098 -2.773715 -2.712797 -2.825871 -2.851398
-2.833045
