-2.8756 -2.828063 -2.814584 -2.887598 -2.873117
-2.755727 -2.811802 -2.862184 -2.863491 -2.918586
-2.684344 -2.875358 -2.925255 -2.868282 -2.927361
-2.906037 -2.850902 -2.857438 -2.840835 -2.862962
-2.892359 -2.801874 -2.679954 -2.867299 -2.798734
-2.828616 -2.851531 -2.707591 -2.903233 -2.900786
-2.730089 -2.777731 -2.950814 -2.832635 -2.781035
-2.904325 -2.833026 -2.863982 -2.854863 -2.707384
-2.897382 -2.857105 -2.867909 -2.765974 -2.84195
-2.894184 -2.863245 -2.849743 -2.824639 -2.908534
-2.809988 -2.887254 -2.893947 -2.913857 -2.876971
-2.81803 -2.913983 -2.674984 -2.875305 -2.841407
-2.50881 -2.834478 -2.878874 -2.878463 -2.875013
-2.794392 -2.903841 -2.813267 -2.868123 -2.841045
-2.822036 -2.818497 -2.877531 -2.801142 -2.855063
-2.761588 -2.86116 -2.876728 -2.668875 -2.814506
-2.894667 -2.871695 -2.885119 -2.843547 -2.586587
-2.850508 -2.893971 -2.892988 -2.87651 -2.785804
-2.908339 -2.829319 -2.902451 -2.786525 -2.847724
-2.763726 -2.835469 -2.829012 -2.441867 -2.71175
-2.831853 -2.628655 -2.818244 -2.880434 -2.834546
-2.898403 -2.859243 -2.879719 -2.773108 -2.900393
-2.550734 -2.856036 -2.891847 -2.894094 -2.961759
-2.864408 -2.905287 -2.857977 -2.882616 -2.842168
-2.820442 -2.848859 -2.894914 -2.847784 -2.871335
-2.857999 -2.883983 -2.893471 -2.82638 -2.935418
-2.839262 -2.913843 -2.823715 -2.835307 -2.839603
-2.769855 -2.868881 -2.662237 -2.892124 -2.71043
-2.84024 -2.831708 -2.827673 -2.750302 -2.890738
-2.895268 -2.809673 -2.885404 -2.84651 -2.855939
-2.827057 -2.836777 -2.844259 -2.874705 -2.868463
-2.807695 -2.873478 -2.789473 -2.866583 -2.820685
-2.724442 -2.865433 -2.85571 -2.803877 -2.849471
-2.824452 -2.918432 -2.856116 -2.838674 -2.863215
-2.892748 -2.870984 -2.725 -2.831707 -2.865286
-2.879979 -2.850094 -2.624103 -2.575083 -2.864815
-2.814024 -2.788317 -2.786701 -2.828234 -2.881127
-2.891452 -2.819434 -2.710746 -2.842084 -2.817973
-2.82091 -2.85724 -2.864936 -2.921254 -2.772489
-2.93364 -2.709402 -2.870309 -2.87747 -2.845393
-2.846673
