-2.918045 -2.902809 -2.888328 -2.892467 -2.902219
-2.916699 -2.924828 -2.904279 -2.884544 -2.901456
-2.902568 -2.867414 -2.824148 -2.909883 -2.910638
-2.912875 -2.90896 -2.907238 -2.905611 -2.88064
-2.883647 -2.884506 -2.948335 -2.890628 -2.91837
-2.903544 -2.909708 -2.910259 -2.935343 -2.927143
-2.913762 -2.940208 -2.919767 -2.90628 -2.907392
-2.943564 -2.913799 -2.908193 -2.927221 -2.900924
-2.907811 -2.928054 -2.909954 -2.869587 -2.916289
-2.918172 -2.935047 -2.896715 -2.907913 -2.906009
-2.886607 -2.894594 -2.891024 -2.922068 -2.930663
-2.929401 -2.889239 -2.892228 -2.919169 -2.933131
-2.89256 -2.922644 -2.892948 -2.898122 -2.920475
-2.900068 -2.946493 -2.872366 -2.918337 -2.940669
-2.912926 -2.890251 -2.920338 -2.921438 -2.922254
-2.898207 -2.923084 -2.932133 -2.909755 -2.905239
-2.885928 -2.917395 -2.883323 -2.946348 -2.938092
-2.918326 -2.913529 -2.911579 -2.921024 -2.897579
-2.901917 -2.895259 -2.898971 -2.921019 -2.913827
-2.903937 -2.911928 -2.879487 -2.913561 -2.945457
-2.928331 -2.887383 -2.889061 -2.904296 -2.869021
-2.890854 -2.910323 -2.905394 -2.907418 -2.882763
-2.891695 -2.915322 -2.935099 -2.924402 -2.939876
-2.929456 -2.896253 -2.95879 -2.910294 -2.909933
-2.927396 -2.882016 -2.882263 -2.937637 -2.90725
-2.942373 -2.893168 -2.895669 -2.91498 -2.912087
-2.887451 -2.895706 -2.900821 -2.8669 -2.888506
-2.907575 -2.841597 -2.944632 -2.926635 -2.893256
-2.876558 -2.889936 -2.909451 -2.92663 -2.905975
-2.945885 -2.934406 -2.917786 -2.942719 -2.871241
-2.907652 -2.929821 -2.924825 -2.92821 -2.913962
-2.916003 -2.910718 -2.910794 -2.936994 -2.894904
-2.936288 -2.908924 -2.930845 -2.946704 -2.877605
-2.895476 -2.917462 -2.880607 -2.896072 -2.911061
-2.855524 -2.893539 -2.931855 -2.930077 -2.905124
-2.889828 -2.942963 -2.954263 -2.920084 -2.892708
-2.891969 -2.960616 -2.898315 -2.882927 -2.928626
-2.885918 -2.911363 -2.942851 -2.930824 -2.911297
-2.944888 -2.915725 -2.904386 -2.891089 -2.938561
-2.937927 -2.909823 -2.882683 -2.936579 -2.910328
-2.93458
