-2.843652 -2.820737 -2.80075 -2.789804 -2.834592
-2.797961 -2.737025 -2.846989 -2.798853 -2.83436
-2.638867 -2.891706 -2.844149 -2.882609 -2.838691
-2.924074 -2.854701 -2.83308 -2.736901 -2.834611
-2.835003 -2.707215 -2.741611 -2.794478 -2.95446
-2.860289 -2.86447 -2.890664 -2.823901 -2.824211
-2.770656 -2.520839 -2.796462 -2.808526 -2.813816
-2.887926 -2.811926 -2.833858 -2.790534 -2.812897
-2.903774 -2.75862 -2.863913 -2.808385 -2.810335
-2.882397 -2.783112 -2.898689 -2.801512 -2.885
-2.549586 -2.829477 -2.748424 -2.824098 -2.845548
-2.821308 -2.859658 -2.846912 -2.830246 -2.783782
-2.63588 -2.847503 -2.842956 -2.721536 -2.800364
-2.859816 -2.764034 -2.55807 -2.81608 -2.834228
-2.810671 -2.95109 -2.9013 -2.840967 -2.475145
-2.851339 -2.864413 -2.877357 -2.841707 -2.91787
-2.867844 -2.821156 -2.776792 -2.837688 -2.773466
-2.888151 -2.808288 -2.749156 -2.880118 -2.860243
-2.854206 -2.873894 -2.814628 -2.900166 -2.827659
-2.79533 -2.925471 -2.854954 -2.86749 -2.755935
-2.802188 -2.851736 -2.713719 -2.830188 -2.807186
-2.872472 -2.889893 -2.893288 -2.926769 -2.788202
-2.777934 -2.851157 -2.804281 -2.765565 -2.866275
-2.943033 -2.77108 -2.758196 -2.831513 -2.846478
-2.872375 -2.844189 -2.818539 -2.724359 -2.737235
-2.842806 -2.826292 -2.898494 -2.810073 -2.904028
-2.81888 -2.773108 -2.815615 -2.809827 -2.667311
-2.840022 -2.799391 -2.82391 -2.809228 -2.889002
-2.803213 -2.865995 -2.842796 -2.828689 -2.768279
-2.836911 -2.828234 -2.7149 -2.856691 -2.84679
-2.712806 -2.862557 -2.815526 -2.803464 -2.854089
-2.784048 -2.819919 -2.836206 -2.771975 -2.901574
-2.84495 -2.863303 -2.843669 -2.843033 -2.835127
-2.891619 -2.896137 -2.755106 -2.778755 -2.803552
-2.765917 -2.698952 -2.82628 -2.905128 -2.88147
-2.826126 -2.789212 -2.35305 -2.867457 -2.770202
-2.837257 -2.920931 -2.902813 -2.780551 -2.738749
-2.698295 -2.776327 -2.785455 -2.913861 -2.855508
-2.72666 -2.763861 -2.816867 -2.882874 -2.783781
-2.767107 -2.82588 -2.918388 -2.830877 -2.91766
-2.806271
