-2.886857 -2.825252 -2.883486 -2.873984 -2.8614
-2.83396 -2.837745 -2.865853 -2.881098 -2.830336
-2.854417 -2.842854 -2.918716 -2.922671 -2.868247
-2.868714 -2.859099 -2.894138 -2.864934 -2.886896
-2.895006 -2.870542 -2.887109 -2.888433 -2.915444
-2.881546 -2.893393 -2.894298 -2.871038 -2.915666
-2.908958 -2.885094 -2.838866 -2.930742 -2.897697
-2.885249 -2.863687 -2.87207 -2.839968 -2.874485
-2.913614 -2.886595 -2.860658 -2.882443 -2.894473
-2.890514 -2.868283 -2.926927 -2.884062 -2.91278
-2.883154 -2.864514 -2.896146 -2.934569 -2.916742
-2.858984 -2.834889 -2.911874 -2.882584 -2.89216
-2.857106 -2.9066 -2.85276 -2.816727 -2.906263
-2.841292 -2.828662 -2.93425 -2.903445 -2.866337
-2.848386 -2.835703 -2.91547 -2.861462 -2.893675
-2.888572 -2.870889 -2.891439 -2.840102 -2.854036
-2.899502 -2.873091 -2.869533 -2.924106 -2.613953
-2.884121 -2.893215 -2.870459 -2.881093 -2.875801
-2.884352 -2.912422 -2.920761 -2.735958 -2.838865
-2.90723 -2.889787 -2.856542 -2.899408 -2.867394
-2.904216 -2.857342 -2.86752 -2.895729 -2.880074
-2.890426 -2.865374 -2.897157 -2.84276 -2.904823
-2.806093 -2.891195 -2.85945 -2.848141 -2.858056
-2.909057 -2.912322 -2.886766 -2.872838 -2.90687
-2.822601 -2.892322 -2.894145 -2.886597 -2.888508
-2.899134 -2.837769 -2.920501 -2.889093 -2.825803
-2.538732 -2.773231 -2.844116 -2.902775 -2.910806
-2.903043 -2.864818 -2.844022 -2.862946 -2.925415
-2.897329 -2.864344 -2.885779 -2.875326 -2.884973
-2.911284 -2.862811 -2.882922 -2.891497 -2.899311
-2.385861 -2.874777 -2.869626 -2.887861 -2.358476
-2.886916 -2.950516 -2.865067 -2.85519 -2.910721
-2.909303 -2.81279 -2.890302 -2.880194 -2.870913
-2.897869 -2.834258 -2.872091 -2.499739 -2.870272
-2.847184 -2.301988 -2.846989 -2.882936 -2.48219
-2.905133 -2.84881 -2.838528 -2.869832 -2.875707
-2.862576 -2.883721 -2.898704 -2.907316 -2.902031
-2.864721 -2.894987 -2.866886 -2.882625 -2.890772
-2.866929 -2.914949 -2.873384 -2.851729 -2.856548
-2.81185 -2.868809 -2.892255 -2.89972 -2.865149
-2.879576
