-2.877026 -2.902376 -2.80972 -2.876495 -2.857585
-2.881385 -2.854462 -2.857532 -2.911144 -2.898286
-2.510844 -2.836835 -2.913868 -2.863103 -2.879353
-2.803525 -2.877445 -2.864728 -2.899053 -2.910959
-2.827406 -2.849792 -2.84727 -2.851315 -2.694356
-2.89274 -2.799497 -2.88607 -2.882038 -2.812475
-2.41726 -2.860415 -2.903799 -2.680882 -2.908397
-2.878161 -2.935564 -2.894094 -2.804149 -2.912283
-2.835511 -2.817135 -2.855954 -2.847975 -2.903435
-2.82074 -2.799267 -2.849675 -2.823716 -2.844494
-2.895118 -2.906087 -2.83213 -2.829721 -2.886819
-2.835942 -2.897351 -2.6653 -2.801692 -2.925892
-2.662174 -2.787394 -2.859164 -2.904067 -2.862195
-2.814318 -2.852229 -2.784875 -2.875541 -2.861302
-2.895566 -2.75915 -2.839068 -2.901658 -2.856058
-2.798545 -2.790598 -2.877836 -2.704192 -2.863983
-2.808668 -2.829249 -2.916943 -2.83383 -2.899009
-2.890596 -2.882423 -2.879348 -2.905996 -2.681208
-2.887226 -2.806082 -2.914533 -2.905537 -2.823662
-2.869861 -2.814833 -2.653463 -2.842305 -2.850258
-2.876922 -2.876515 -2.679363 -2.841652 -2.864461
-2.789293 -2.511494 -2.75946 -2.895722 -2.847935
-2.89595 -2.926638 -2.790933 -2.865273 -2.893466
-2.822738 -2.880366 -2.908253 -2.886674 -2.836481
-2.87028 -2.839441 -2.872353 -2.877926 -2.878083
-2.796599 -2.868246 -2.894311 -2.811021 -2.869257
-2.833351 -2.768833 -2.928443 -2.802734 -2.939493
-2.848682 -2.806511 -2.865709 -2.891653 -2.887777
-2.888677 -2.843812 -2.782488 -2.869262 -2.755444
-2.75087 -2.932021 -2.864982 -2.860182 -2.86045
-2.912197 -2.850872 -2.89974 -2.860234 -2.841013
-2.887247 -2.919097 -2.88458 -2.876421 -2.884677
-2.833378 -2.85717 -2.877143 -2.790567 -2.88758
-2.840987 -2.440129 -2.858596 -2.83009 -2.851167
-2.813956 -2.868471 -2.835901 -2.923518 -2.842574
-2.868594 -2.815582 -2.822631 -2.845229 -2.901987
-2.941392 -2.871469 -2.894007 -2.812329 -2.90079
-2.883572 -2.851936 -2.838857 -2.875132 -2.842643
-2.866461 -2.84113 -2.884327 -2.912088 -2.8473
-2.920051 -2.880153 -2.882154 -2.835791 -2.844914
-2.886453
