-2.87564 -2.903699 -2.914329 -2.844199 -2.805541
-2.816306 -2.924406 -2.86402 -2.891833 -2.960362
-2.886882 -2.898152 -2.738577 -2.735098 -2.745118
-2.930092 -2.863197 -2.833818 -2.853788 -2.901679
-2.814698 -2.860954 -2.944718 -2.848857 -2.903721
-2.836273 -2.893153 -2.904932 -2.829779 -2.901035
-2.851643 -2.827064 -2.787019 -2.888768 -2.867898
-2.866585 -2.826761 -2.847834 -2.811334 -2.899901
-2.749414 -2.831973 -2.784185 -2.867463 -2.872303
-2.81765 -2.704281 -2.846184 -2.887014 -2.87944
-2.730082 -2.858807 -2.824862 -2.857437 -2.868135
-2.899946 -2.870763 -2.868829 -2.851523 -2.900538
-2.845508 -2.81721 -2.837264 -2.866438 -2.799744
-2.834202 -2.825772 -2.814523 -2.839384 -2.941087
-2.856504 -2.903598 -2.865147 -2.884224 -2.831684
-2.819953 -2.846046 -2.761871 -2.851635 -2.870556
-2.842689 -2.728089 -2.866297 -2.859326 -2.907037
-2.931135 -2.870266 -2.768769 -2.892107 -2.845548
-2.851735 -2.857282 -2.907329 -2.907985 -2.856159
-2.815317 -2.934815 -2.922063 -2.832122 -2.848692
-2.471324 -2.86041 -2.913161 -2.82618 -2.84141
-2.874009 -2.951576 -2.795612 -2.730609 -2.693388
-2.866947 -2.916111 -2.853481 -2.840773 -2.874418
-2.906087 -2.902293 -2.842612 -2.766448 -2.865751
-2.859602 -2.826319 -2.842115 -2.782568 -2.911611
-2.529521 -2.825558 -2.842603 -2.912344 -2.893455
-2.795613 -2.873566 -2.834629 -2.867972 -2.783029
-2.865238 -2.928908 -2.907415 -2.882084 -2.861635
-2.814638 -2.901613 -2.895102 -2.762353 -2.697818
-2.841674 -2.867545 -2.831628 -2.884679 -2.836385
-2.587839 -2.890886 -2.827442 -2.856922 -2.800333
-2.84206 -2.913958 -2.805972 -2.881062 -2.892269
-2.892591 -2.956537 -2.844772 -2.852022 -2.845091
-2.578505 -2.891035 -2.864206 -2.903932 -2.885551
-2.813992 -2.814172 -2.846343 -2.856417 -2.85062
-2.683615 -2.840218 -2.834877 -2.896552 -2.827012
-2.833705 -2.842914 -2.780787 -2.901102 -2.839752
-2.883192 -2.577792 -2.744856 -2.814667 -2.824261
-2.877303 -2.897455 -2.895783 -2.86382 -2.641106
-2.815488 -2.522109 -2.88927 -2.835729 -2.508081
-2.824616
