-2.856012 -2.832031 -2.962973 -2.945416 -2.811212
-2.862515 -2.86581 -2.805623 -2.818927 -2.917803
-2.810469 -2.76315 -2.913819 -2.862511 -2.866608
-2.830484 -2.766404 -2.806114 -2.918046 -2.756426
-2.846489 -2.882254 -2.825352 -2.85163 -2.894432
-2.921329 -2.893096 -2.788569 -2.860871 -2.787821
-2.830709 -2.987003 -2.840736 -2.775155 -2.834119
-2.793853 -2.83856 -2.915994 -2.812362 -2.824343
-2.977995 -2.792752 -2.897296 -2.754833 -2.934622
-2.871416 -2.893303 -2.874853 -2.864392 -2.822712
-2.895837 -2.809628 -2.864036 -2.876035 -2.790274
-2.802631 -2.843136 -2.864736 -2.722962 -2.705828
-2.827227 -2.86486 -2.827948 -2.876522 -2.832743
-2.8552 -2.9255 -2.892179 -2.828821 -2.870234
-2.894695 -2.841507 -2.758522 -2.902918 -2.908231
-2.822545 -2.871915 -2.837161 -2.843916 -2.846906
-2.844918 -2.859234 -2.896879 -2.901345 -2.929974
-2.818913 -2.953654 -2.888011 -2.808014 -2.833555
-2.837191 -2.845797 -2.839357 -2.856485 -2.826681
-2.903628 -2.945559 -2.889887 -2.850118 -2.814886
-2.841513 -2.950266 -2.853468 -2.830024 -2.822838
-2.85705 -2.897756 -2.834236 -2.922678 -2.847161
-2.80763 -2.837968 -2.816983 -2.877133 -2.895941
-2.816422 -2.867023 -2.829025 -2.879711 -2.902173
-2.881139 -2.827493 -2.905671 -2.825851 -2.868368
-2.91953 -2.834661 -2.935006 -2.882352 -2.902424
-2.932069 -2.848996 -2.862486 -2.835527 -2.86407
-2.804713 -2.716969 -2.812804 -2.801638 -2.828719
-2.793587 -2.830439 -2.901332 -2.848499 -2.79989
-2.886846 -2.848943 -2.897936 -2.902288 -2.824688
-2.939831 -2.860107 -2.842707 -2.884808 -2.765715
-2.916727 -2.788548 -2.807772 -2.870939 -2.861388
-2.818134 -2.81022 -2.84352 -2.855236 -2.81778
-2.752222 -2.776457 -2.917917 -2.869503 -2.874907
-2.931742 -2.803129 -2.906007 -2.833845 -2.794216
-2.941957 -2.849291 -2.719227 -2.822305 -2.89942
-2.800962 -2.78929 -2.889963 -2.747029 -2.865527
-2.700879 -2.736893 -2.642186 -2.893604 -2.869776
-2.839017 -2.771308 -2.871178 -2.77165 -2.927939
-2.783603 -2.857526 -2.83683 -2.831596 -2.860726
-2.821434
