-2.838444 -2.887123 -2.897595 -2.769153 -2.885957
-2.928936 -2.784928 -2.873501 -2.841493 -2.86856
-2.793696 -2.869718 -2.977223 -2.809149 -2.850153
-2.747365 -2.873358 -2.731729 -2.819171 -2.697394
-2.824813 -2.80769 -2.928082 -2.889064 -2.843974
-2.895298 -2.894352 -2.903179 -2.814619 -2.881326
-2.830401 -2.695651 -2.891825 -2.872447 -2.829511
-2.736185 -2.844972 -2.89456 -2.90428 -2.829935
-2.784916 -2.89815 -2.760742 -2.768078 -2.905535
-2.840275 -2.846781 -2.772793 -2.852145 -2.836799
-2.8708 -2.774455 -2.731651 -2.842827 -2.909855
-2.850766 -2.808693 -2.635062 -2.788307 -2.71617
-2.854113 -2.829344 -2.784276 -2.938232 -2.839153
-2.809913 -2.846641 -2.806485 -2.787255 -2.587998
-2.765419 -2.830539 -2.771407 -2.775967 -2.770017
-2.778389 -2.880609 -2.792369 -2.8378 -2.914852
-2.785291 -2.800005 -2.790137 -2.874263 -2.819213
-2.767577 -2.9019 -2.837315 -2.810031 -2.715273
-2.640533 -2.89768 -2.80236 -2.793691 -2.757217
-2.838311 -2.717248 -2.713811 -2.870118 -2.842028
-2.841343 -2.911151 -2.825788 -2.957338 -2.835461
-2.76114 -2.839001 -2.821442 -2.750982 -2.894907
-2.808741 -2.795151 -2.862944 -2.85512 -2.852803
-2.872809 -2.857494 -2.829169 -2.786945 -2.781402
-2.877129 -2.831265 -2.823541 -2.875177 -2.758758
-2.842696 -2.721845 -2.813575 -2.74926 -2.861688
-2.713768 -2.950505 -2.886676 -2.858607 -2.856277
-2.640768 -2.928704 -2.791969 -2.569953 -2.782698
-2.729023 -2.708625 -2.953511 -2.86068 -2.892216
-2.786229 -2.879076 -2.851338 -2.763497 -2.852365
-2.855222 -2.883179 -2.837647 -2.839301 -2.8714
-2.8506 -2.939876 -2.776614 -2.778244 -2.884613
-2.90023 -2.828408 -2.871094 -2.694041 -2.834553
-2.816068 -2.769002 -2.853587 -2.828363 -2.839949
-2.853095 -2.869362 -2.912973 -2.827609 -2.938575
-2.81866 -2.833228 -2.847396 -2.871455 -2.804995
-2.886579 -2.807293 -2.868828 -2.825332 -2.898693
-2.824532 -2.792453 -2.812711 -2.768152 -2.873789
-2.912223 -2.877051 -2.828033 -2.898532 -2.795177
-2.787723 -2.829685 -2.835311 -2.736213 -2.813766
-2.825052
