-2.875398 -2.788149 -2.846557 -2.831141 -2.869873
-2.87749 -2.819948 -2.874494 -2.887946 -2.91051
-2.829362 -2.86967 -2.818522 -2.911922 -2.818068
-2.812315 -2.923353 -2.894849 -2.826551 -2.877542
-2.835914 -2.853805 -2.888229 -2.829937 -2.877256
-2.846093 -2.861784 -2.823875 -2.836563 -2.854055
-2.897489 -2.873777 -2.877124 -2.801429 -2.941879
-2.852054 -2.907834 -2.870962 -2.839617 -2.894189
-2.871761 -2.888606 -2.834947 -2.91869 -2.808164
-2.864453 -2.857402 -2.955066 -2.862618 -2.826828
-2.965899 -2.846285 -2.847707 -2.856461 -2.954375
-2.873322 -2.884942 -2.870884 -2.92851 -2.858225
-2.842725 -2.837928 -2.864902 -2.888532 -2.869498
-2.869298 -2.794053 -2.786369 -2.910693 -2.841406
-2.858555 -2.858378 -2.804219 -2.887223 -2.820982
-2.845409 -2.833794 -2.906079 -2.913746 -2.864463
-2.861611 -2.897489 -2.879702 -2.906697 -2.89558
-2.824656 -2.782372 -2.830707 -2.832759 -2.856403
-2.843713 -2.848876 -2.925196 -2.916254 -2.858787
-2.847018 -2.893605 -2.876792 -2.885292 -2.892736
-2.902641 -2.831645 -2.886533 -2.828392 -2.840884
-2.887701 -2.843777 -2.91029 -2.883618 -2.836995
-2.869956 -2.895819 -2.860743 -2.843513 -2.880059
-2.83281 -2.794419 -2.829464 -2.881602 -2.852532
-2.838383 -2.820314 -2.891845 -2.831281 -2.830717
-2.813453 -2.891879 -2.860428 -2.869091 -2.905512
-2.832111 -2.913079 -2.825164 -2.866693 -2.84623
-2.87567 -2.915546 -2.843961 -2.855801 -2.892911
-2.834498 -2.863537 -2.87417 -2.870436 -2.886936
-2.862507 -2.839166 -2.907562 -2.809811 -2.884521
-2.859714 -2.87015 -2.860508 -2.888344 -2.854996
-2.861498 -2.788342 -2.839396 -2.873523 -2.869398
-2.808722 -2.868862 -2.843135 -2.851091 -2.854176
-2.865322 -2.799964 -2.879548 -2.855397 -2.807997
-2.81257 -2.887532 -2.887651 -2.821124 -2.882138
-2.953173 -2.891586 -2.823743 -2.836269 -2.838802
-2.840063 -2.816133 -2.869185 -2.885966 -2.823607
-2.819315 -2.876225 -2.828818 -2.865028 -2.837269
-2.810466 -2.656502 -2.851003 -2.906476 -2.893731
-2.834086 -2.899509 -2.850996 -2.813395 -2.847666
-2.921282
