-2.810887 -2.814515 -2.789435 -2.802535 -2.818835
-2.788249 -2.75075 -2.803285 -2.799625 -2.855004
-2.825456 -2.807672 -2.819283 -2.769603 -2.782722
-2.783985 -2.775486 -2.790559 -2.651093 -2.809039
-2.838841 -2.824691 -2.820197 -2.844177 -2.881761
-2.847465 -2.839096 -2.801808 -2.758101 -2.795393
-2.777472 -2.785849 -2.834072 -2.803591 -2.807753
-2.828431 -2.738443 -2.835457 -2.839125 -2.786745
-2.818812 -2.580465 -2.791142 -2.802448 -2.843293
-2.769474 -2.814222 -2.846781 -2.795156 -2.75177
-2.825292 -2.793526 -2.768311 -2.843211 -2.76238
-2.825823 -2.842081 -2.749057 -2.78363 -2.761541
-2.839284 -2.797906 -2.801441 -2.810688 -2.800156
-2.851279 -2.812296 -2.824756 -2.812009 -2.785288
-2.722581 -2.823738 -2.7473 -2.799917 -2.797452
-2.706356 -2.806498 -2.725744 -2.825862 -2.785727
-2.796954 -2.832971 -2.794395 -2.791334 -2.812177
-2.777769 -2.865883 -2.832041 -2.79661 -2.787419
-2.834744 -2.821232 -2.796775 -2.78065 -2.854712
-2.738503 -2.770272 -2.80406 -2.792098 -2.784835
-2.817899 -2.796466 -2.804025 -2.369572 -2.770649
-2.480536 -2.74016 -2.816657 -2.748331 -2.78741
-2.855624 -2.834756 -2.765414 -2.856963 -2.812431
-2.80999 -2.762351 -2.776606 -2.753976 -2.816288
-2.792326 -2.81684 -2.807505 -2.859518 -2.795371
-2.854739 -2.81212 -2.751176 -2.822251 -2.820941
-2.672257 -2.799033 -2.802572 -2.804787 -2.813
-2.813083 -2.805032 -2.805972 -2.818033 -2.663226
-2.815989 -2.851607 -2.805023 -2.802823 -2.671092
-2.826874 -2.798257 -2.788263 -2.777696 -2.770895
-2.82363 -2.816473 -2.827558 -2.781509 -2.707864
-2.766878 -2.825291 -2.756472 -2.764935 -2.778515
-2.767069 -2.802823 -2.817091 -2.809643 -2.85444
-2.79446 -2.795971 -2.815479 -2.765369 -2.761475
-2.844033 -2.862741 -2.830994 -2.807577 -2.795543
-2.824588 -2.841459 -2.811013 -2.805981 -2.821953
-2.811669 -2.809555 -2.8438 -2.786783 -2.789877
-2.794233 -2.822404 -2.816521 -2.786326 -2.803463
-2.835164 -2.803187 -2.70787 -2.809606 -2.815687
-2.84746 -2.81931 -2.86905 -2.809934 -2.82482
-2.706525
