-2.884298 -2.854981 -2.775548 -2.931755 -2.881801
-2.717529 -2.906184 -2.872208 -2.907928 -2.962098
-2.811506 -2.847137 -2.90603 -2.750968 -2.851206
-2.828913 -2.870345 -2.870868 -2.928374 -2.885841
-2.877314 -2.890151 -2.842356 -2.885328 -2.868513
-2.90023 -2.849845 -2.843221 -2.884076 -2.899999
-2.930748 -2.831725 -2.930363 -2.922126 -2.932974
-2.908667 -2.959751 -2.880111 -2.929142 -2.875203
-2.851628 -2.475183 -2.963324 -2.775892 -2.860214
-2.897157 -2.878244 -2.846811 -2.617577 -2.837437
-2.742949 -2.824163 -2.910877 -2.939255 -2.876967
-2.9152 -2.894208 -2.835661 -2.765148 -2.854185
-2.887073 -2.902645 -2.866911 -2.953666 -2.933596
-3.008646 -2.925259 -2.880996 -2.816229 -2.886998
-2.837464 -2.809863 -2.877841 -2.957167 -2.928468
-2.897168 -2.809414 -2.895523 -2.685145 -2.886133
-2.868881 -2.89005 -2.892784 -2.818745 -2.830287
-2.950858 -2.835382 -2.919342 -2.835392 -2.875837
-2.826401 -2.95506 -2.893287 -2.839883 -2.736358
-2.799227 -2.830044 -2.872534 -2.868498 -2.962963
-2.962082 -2.863154 -2.929065 -2.882955 -2.893408
-2.759832 -2.822327 -2.828319 -2.828032 -2.927939
-3.003897 -2.926882 -2.872733 -2.90747 -3.061337
-2.917945 -2.925071 -2.862116 -2.86185 -2.922045
-2.765652 -2.993287 -2.785832 -2.7539 -2.837559
-2.857572 -2.870545 -2.96048 -2.836436 -2.907139
-2.859305 -2.874989 -2.832577 -2.876761 -2.878732
-2.516275 -2.929984 -2.931041 -2.938875 -2.763998
-2.80984 -2.631194 -2.885557 -2.750649 -2.933864
-2.925605 -2.846755 -2.982899 -2.807574 -2.939217
-2.943524 -2.923214 -2.834362 -2.794436 -2.794548
-2.938759 -2.924689 -2.889956 -2.93643 -2.843522
-2.919319 -2.931564 -2.789709 -2.85924 -2.836911
-2.931302 -2.795771 -2.89665 -2.788411 -2.863114
-2.943818 -2.901134 -2.810548 -2.899643 -2.882659
-2.831406 -2.906916 -2.806368 -2.794204 -2.888561
-2.578382 -2.995368 -2.86874 -2.977117 -2.926287
-2.863354 -2.875472 -2.743487 -2.850019 -2.749064
-2.824153 -2.90231 -2.834676 -2.808583 -2.988881
-2.919892 -2.950954 -2.858631 -2.921357 -2.86176
-2.968351
