-2.863267 -2.966198 -2.79233 -2.818883 -2.816968
-2.901195 -2.813597 -2.865192 -2.876641 -2.946106
-2.823985 -2.827248 -2.819224 -2.873485 -2.878771
-2.87341 -2.878723 -2.811472 -2.785514 -2.678945
-2.855157 -2.841738 -2.864578 -2.892898 -2.884891
-2.901853 -2.90577 -2.869475 -2.890892 -2.854924
-2.823362 -2.853834 -2.837726 -2.856655 -2.90872
-2.95594 -2.899868 -2.891451 -2.846557 -2.801614
-2.782985 -2.790363 -2.889077 -2.808408 -2.819061
-2.708863 -2.91428 -2.828388 -2.855901 -2.82398
-2.798781 -2.812415 -2.876208 -2.850024 -2.832308
-2.878515 -2.846015 -2.820248 -2.934404 -2.80658
-2.833144 -2.76234 -2.78865 -2.81385 -2.882594
-2.826115 -2.853733 -2.831006 -2.853173 -2.832948
-2.823274 -2.875266 -2.736974 -2.858136 -2.790874
-2.884496 -2.909828 -2.870848 -2.85729 -2.816242
-2.788748 -2.976669 -2.830483 -2.82182 -2.92189
-2.76195 -2.882482 -2.859131 -2.854033 -2.863239
-2.921222 -2.96854 -2.840747 -2.795288 -2.819249
-2.870768 -2.841762 -2.88168 -2.771043 -2.844122
-2.779218 -2.817636 -2.843166 -2.84591 -2.889522
-2.870716 -2.760191 -2.869054 -2.845813 -2.807129
-2.858143 -2.809586 -2.82785 -2.807841 -2.930648
-2.836969 -2.82999 -2.828486 -2.823648 -2.867467
-2.848149 -2.871621 -2.86242 -2.879145 -2.90087
-2.878742 -2.838337 -2.930295 -2.858938 -2.905433
-2.793423 -2.911806 -2.851477 -2.8656 -2.85788
-2.886455 -2.795632 -2.843676 -2.842228 -2.920485
-2.837135 -2.888858 -2.856624 -2.843478 -2.797719
-2.890111 -2.868733 -2.850315 -2.85463 -2.828316
-2.92194 -2.897129 -2.836836 -2.85416 -2.835694
-2.8663 -2.915946 -2.840804 -2.843592 -2.852124
-2.901081 -2.862505 -2.936162 -2.813159 -2.879092
-2.854023 -2.775847 -2.782706 -2.840934 -2.814124
-2.911298 -2.811084 -2.830568 -2.799474 -2.875282
-2.845095 -2.882735 -2.897804 -2.823997 -2.927842
-2.768243 -2.853742 -2.861743 -2.938432 -2.851337
-2.771451 -2.915791 -2.863091 -2.875269 -2.878286
-2.901024 -2.914046 -2.868295 -2.872088 -2.855057
-2.859457 -2.892799 -2.807489 -2.912045 -2.85659
-2.815063
