-2.891234 -2.916735 -2.883404 -2.884423 -2.878005
-2.814338 -2.879632 -2.871652 -2.85272 -2.816141
-2.728745 -2.905096 -2.99266 -2.970949 -2.885528
-2.911246 -2.933877 -2.900647 -2.86381 -2.813266
-3.000429 -2.91348 -2.914886 -2.910248 -2.844837
-2.896263 -2.826117 -2.828171 -2.968287 -2.871179
-2.792531 -2.929776 -2.947728 -2.861394 -2.780821
-2.785961 -2.838871 -2.870806 -2.940867 -2.872619
-2.930798 -2.863878 -2.874138 -2.865034 -2.828899
-2.971202 -2.865951 -2.927942 -2.873061 -2.876668
-2.922112 -2.874604 -2.791918 -2.856145 -2.947113
-2.960038 -2.93115 -2.958739 -2.894835 -2.843144
-2.934547 -2.868193 -2.860259 -2.890538 -2.881404
-2.880883 -2.919591 -2.700625 -2.8594 -2.946741
-2.85387 -2.926646 -2.824824 -2.817509 -2.886615
-2.885827 -2.910531 -2.84761 -2.798699 -2.915751
-2.872301 -2.797519 -2.872012 -2.929281 -2.9047
-2.919594 -2.985666 -2.82865 -2.911042 -2.855599
-2.938248 -2.931239 -2.878749 -2.882579 -2.839213
-2.905659 -2.838813 -2.851855 -2.832572 -2.861358
-2.849845 -2.734011 -2.820978 -2.839887 -2.80948
-2.874795 -2.813991 -2.880127 -2.873108 -2.92789
-2.883335 -2.893787 -2.888677 -2.85093 -2.864982
-2.82211 -2.915355 -2.942194 -2.963913 -2.843399
-2.924319 -2.965149 -2.829647 -2.902193 -2.879573
-2.969907 -2.81799 -2.893368 -2.89852 -2.888027
-2.895817 -2.842038 -2.945631 -2.889336 -2.882076
-2.917354 -2.907201 -2.846227 -2.897235 -2.805771
-2.895012 -2.855389 -2.901892 -2.868366 -2.87869
-2.917738 -2.782946 -2.938713 -2.883625 -2.958599
-2.908003 -2.844393 -2.960586 -2.828561 -2.904167
-2.911308 -2.806463 -2.836609 -2.857256 -2.881189
-2.899882 -2.862822 -2.954726 -2.893317 -2.847883
-2.94881 -2.852995 -2.867737 -2.828958 -2.844546
-2.937315 -2.860432 -2.859242 -2.896857 -2.839688
-2.771814 -2.902068 -2.898821 -2.873195 -2.817267
-2.837095 -2.90151 -2.884185 -2.847243 -2.83693
-2.857164 -2.874559 -2.920549 -2.790019 -2.861819
-2.864754 -2.885141 -2.856677 -2.781996 -2.868858
-2.91944 -2.866706 -2.950317 -3.031735 -2.894018
-2.932881
