-2.918578 -2.321382 -2.222505 -2.924706 -2.949719
-2.538226 -2.192006 -2.155857 -2.255076 -2.203342
-2.311967 -2.953648 -2.846532 -2.915651 -2.286518
-2.932012 -2.525315 -2.950733 -2.327529 -2.1315
-2.157866 -2.545252 -2.930682 -2.387009 -2.89894
-2.593027 -2.844047 -2.350926 -2.910364 -2.306005
-2.885583 -2.248565 -2.268426 -2.239943 -2.83679
-2.267459 -2.199699 -2.558391 -2.892499 -2.484132
-2.806897 -2.164075 -2.966745 -2.559856 -2.182187
-2.547004 -2.689367 -2.697915 -2.241123 -2.359034
-2.328459 -2.965279 -2.459082 -2.135843 -2.126135
-2.304441 -2.65232 -2.609461 -2.744678 -2.210761
-2.881833 -2.526889 -2.901449 -2.542217 -2.192634
-2.922493 -2.903472 -2.92222 -2.423663 -2.163295
-2.891255 -2.250203 -2.567128 -2.259719 -2.466673
-2.316149 -2.906747 -2.413853 -2.851477 -2.839538
-2.289017 -2.484557 -2.882982 -2.573672 -2.39813
-2.758038 -2.346676 -2.275925 -2.418881 -2.614509
-2.590693 -2.21179 -2.131354 -2.812654 -2.869957
-2.147448 -2.508524 -2.453448 -2.254239 -2.781483
-2.822487 -2.863975 -2.898804 -2.22696 -2.17403
-2.585962 -2.147547 -2.537729 -2.328048 -2.397118
-2.691761 -2.868754 -2.130808 -2.960317 -2.283304
-2.911185 -2.536975 -2.15396 -2.253081 -2.257511
-2.472117 -2.25379 -2.65483 -2.871266 -2.114179
-2.347309 -2.227682 -2.303701 -2.432268 -2.159936
-2.86138 -2.491825 -2.268072 -2.798474 -2.203152
-2.85987 -2.342806 -2.206268 -2.366701 -2.248386
-2.437258 -2.924231 -2.311729 -2.200953 -2.206932
-2.980254 -2.124509 -2.315097 -2.370439 -2.205684
-2.800208 -2.659086 -2.775153 -2.605895 -2.555227
-2.957606 -2.190778 -2.97014 -2.744139 -2.263322
-2.330297 -2.70578 -2.14992 -2.921386 -2.499006
-2.140619 -2.219971 -2.912981 -2.443465 -2.399098
-2.890162 -2.304514 -2.992087 -2.886981 -2.227982
-2.46399 -2.967164 -2.204604 -2.338703 -2.269079
-2.878894 -2.715446 -2.396824 -3.009023 -2.255661
-2.610168 -2.357984 -2.217763 -2.119459 -2.770526
-2.151568 -2.181771 -2.898535 -2.182638 -2.83827
-2.871708 -2.208259 -2.352668 -2.849123 -2.604284
-2.48812
