-2.834777 -2.781453 -2.792214 -2.860817 -2.855013
-2.876707 -2.798177 -2.806283 -2.871198 -2.879592
-2.82582 -2.793153 -2.806856 -2.823137 -2.865627
-2.87863 -2.816519 -2.788705 -2.816685 -2.837984
-2.882894 -2.877306 -2.851419 -2.910277 -2.894263
-2.861617 -2.796445 -2.813878 -2.803838 -2.814328
-2.854446 -2.854385 -2.864005 -2.817405 -2.897723
-2.83457 -2.838265 -2.84644 -2.818388 -2.812056
-2.878594 -2.816269 -2.804351 -2.785735 -2.78829
-2.867622 -2.783844 -2.813272 -2.839097 -2.811544
-2.785446 -2.814603 -2.786093 -2.792712 -2.826808
-2.840568 -2.823348 -2.86202 -2.831467 -2.831806
-2.872259 -2.816678 -2.835742 -2.831397 -2.798666
-2.809019 -2.805097 -2.832375 -2.845998 -2.824189
-2.884152 -2.856277 -2.898313 -2.871 -2.835907
-2.826012 -2.8897 -2.758883 -2.792492 -2.850379
-2.82 -2.888788 -2.881539 -2.816307 -2.807966
-2.855764 -2.811537 -2.795645 -2.837879 -2.800282
-2.818317 -2.845883 -2.815747 -2.842887 -2.837878
-2.794641 -2.871559 -2.810997 -2.831853 -2.880885
-2.787421 -2.85966 -2.82881 -2.83897 -2.778353
-2.856883 -2.837526 -2.775704 -2.810936 -2.824751
-2.843543 -2.785651 -2.745748 -2.802371 -2.836294
-2.864454 -2.864629 -2.793718 -2.806048 -2.797977
-2.772425 -2.835974 -2.874489 -2.840556 -2.856579
-2.816447 -2.83856 -2.820505 -2.836035 -2.838798
-2.867574 -2.848102 -2.811301 -2.912272 -2.844231
-2.81627 -2.749199 -2.871456 -2.828329 -2.806585
-2.874064 -2.892796 -2.780788 -2.780453 -2.83899
-2.767877 -2.851343 -2.826384 -2.870245 -2.816641
-2.822638 -2.867111 -2.832783 -2.814234 -2.904508
-2.756917 -2.869619 -2.81139 -2.829623 -2.780334
-2.921551 -2.833975 -2.766081 -2.857123 -2.864615
-2.79521 -2.889418 -2.828395 -2.892804 -2.846308
-2.842286 -2.816122 -2.84419 -2.800848 -2.810012
-2.79308 -2.788481 -2.8022 -2.823814 -2.779618
-2.755637 -2.767832 -2.829989 -2.801867 -2.860685
-2.810366 -2.892215 -2.883741 -2.888562 -2.840012
-2.767017 -2.880685 -2.842551 -2.850697 -2.825625
-2.839738 -2.819413 -2.916396 -2.801282 -2.833996
-2.812482
