-2.881677 -2.900931 -2.543875 -2.894394 -2.896737
-2.832946 -2.88783 -2.877683 -2.858578 -2.883835
-2.875841 -2.396805 -2.890382 -2.835967 -2.878778
-2.867972 -2.883142 -2.840698 -2.879335 -2.84652
-2.735882 -2.928178 -2.875646 -2.867576 -2.851292
-2.8702 -2.906495 -2.89376 -2.890392 -2.883264
-2.81223 -2.801307 -2.778638 -2.770267 -2.858798
-2.897111 -2.850608 -2.877252 -2.835207 -2.841608
-2.807593 -2.882619 -2.856298 -2.912452 -2.85266
-2.761165 -2.825626 -2.831016 -2.898101 -2.840123
-2.868996 -2.825668 -2.94766 -2.854382 -2.801807
-2.883388 -2.875535 -2.865494 -2.59281 -2.834459
-2.834802 -2.902042 -2.820337 -2.885672 -2.90797
-2.882674 -2.570061 -2.889271 -2.872594 -2.872445
-2.867993 -2.825293 -2.880687 -2.876805 -2.858691
-2.87244 -2.859055 -2.826934 -2.863316 -2.891715
-2.783211 -2.872009 -2.861053 -2.845081 -2.883103
-2.873461 -2.931029 -2.819849 -2.862872 -2.864832
-2.883159 -2.930101 -2.861185 -2.855803 -2.842211
-2.863649 -2.883239 -2.891688 -2.84575 -2.827409
-2.874595 -2.788976 -2.859219 -2.836586 -2.700379
-2.84588 -2.896168 -2.891461 -2.881365 -2.840607
-2.890432 -2.841008 -2.875945 -2.865823 -2.866431
-2.912407 -2.843127 -2.885976 -2.843831 -2.917998
-2.872525 -2.881327 -2.858085 -2.882861 -2.817044
-2.878527 -2.809926 -2.885289 -2.901918 -2.818452
-2.998885 -2.820715 -2.890929 -2.747571 -2.901373
-2.877123 -2.919312 -2.839496 -2.892107 -2.846256
-2.878717 -2.818039 -2.756474 -2.391187 -2.854715
-2.800755 -2.800735 -2.88547 -2.873588 -2.846156
-2.840539 -2.822325 -2.821003 -2.234307 -2.897623
-2.850995 -2.859326 -2.819227 -2.896011 -2.849923
-2.863394 -2.90681 -2.895278 -2.875609 -2.859892
-2.88105 -2.832938 -2.695869 -2.787294 -2.865697
-2.918843 -2.848 -2.883292 -2.901795 -2.876396
-2.860514 -2.841392 -2.866407 -2.897987 -2.868157
-2.892934 -2.880093 -2.86213 -2.91455 -2.86624
-2.604742 -2.876215 -2.251002 -2.892291 -2.772662
-2.888019 -2.920498 -2.818481 -2.913579 -2.868709
-2.8561 -2.870088 -2.837672 -2.891127 -2.863602
-2.903995
