-2.886308 -2.905907 -2.829976 -2.461959 -2.435815
-2.871778 -2.621424 -2.879373 -2.871758 -2.863471
-2.865367 -2.831181 -2.834728 -2.633608 -2.859806
-2.844232 -2.812488 -2.840019 -2.772818 -2.388856
-2.872607 -2.880502 -2.904878 -2.854159 -2.919719
-2.830262 -2.869179 -2.889231 -2.845993 -2.628496
-2.806178 -2.862803 -2.764135 -2.559857 -2.849863
-2.788375 -2.86142 -2.843789 -2.841745 -2.868702
-2.833977 -2.910216 -2.78803 -2.88493 -2.875757
-2.8466 -2.92154 -2.853699 -2.890709 -2.836528
-2.93025 -2.8238 -2.916929 -2.819778 -2.608291
-2.870558 -2.891739 -2.869043 -2.893212 -2.846904
-2.850951 -2.856426 -2.936801 -2.872629 -2.864291
-2.840476 -2.904406 -2.888069 -2.865705 -2.438089
-2.853066 -2.836139 -2.927904 -2.902318 -2.597026
-2.895649 -2.89025 -2.87982 -2.230045 -2.757222
-2.855892 -2.878722 -2.90094 -2.926915 -2.87226
-2.883078 -2.628126 -2.913051 -2.915451 -2.872386
-2.761491 -2.865677 -2.770873 -2.849633 -2.907806
-2.84542 -2.520861 -2.882031 -2.817982 -2.952201
-2.919697 -2.867135 -2.914449 -2.827866 -2.87747
-2.858199 -2.865862 -2.882757 -2.921997 -2.852235
-2.831023 -2.904735 -2.79459 -2.750001 -2.938307
-2.854634 -2.86462 -2.894461 -2.852905 -2.86979
-2.807487 -2.841301 -2.660139 -2.91582 -2.861495
-2.94459 -2.881608 -2.872399 -2.873358 -2.864024
-2.885838 -2.917713 -2.437012 -2.869044 -2.901107
-2.925854 -2.869284 -2.878696 -2.877578 -2.827317
-2.932126 -2.83136 -2.904099 -2.664198 -2.888796
-2.902975 -2.808773 -2.822509 -2.814707 -2.889611
-2.924393 -2.893789 -2.851248 -2.593863 -2.87037
-2.851378 -2.873063 -2.824945 -2.916615 -2.865971
-2.865978 -2.895609 -2.904829 -2.860248 -2.882185
-2.904497 -2.867818 -2.872022 -2.421519 -2.285316
-2.846873 -2.833288 -2.8717 -2.911467 -2.879032
-2.90538 -2.407884 -2.544382 -2.813269 -2.864109
-2.645489 -2.901017 -2.867596 -2.833619 -2.882449
-2.93331 -2.861005 -2.917516 -2.854009 -2.866104
-2.863942 -2.823463 -2.838878 -2.809165 -2.844883
-2.767801 -2.897538 -2.848744 -2.841838 -2.921346
-2.674209
