-2.876032 -2.851421 -2.884128 -2.872163 -2.860705
-2.86424 -2.831609 -2.890949 -2.857907 -2.93572
-2.91113 -2.812853 -2.867169 -2.885879 -2.883819
-2.860581 -2.855265 -2.866306 -2.908158 -2.883357
-2.862212 -2.880684 -2.862173 -2.884054 -2.91446
-2.867834 -2.828898 -2.876639 -2.843322 -2.852097
-2.875866 -2.866778 -2.834338 -2.84623 -2.929162
-2.870665 -2.911599 -2.893519 -2.86352 -2.832674
-2.89855 -2.872535 -2.85815 -2.907837 -2.858901
-2.872602 -2.879692 -2.825454 -2.86957 -2.848387
-2.829885 -2.897576 -2.864419 -2.896734 -2.857768
-2.929425 -2.87143 -2.891225 -2.902181 -2.85034
-2.886752 -2.875804 -2.905073 -2.816026 -2.908388
-2.82657 -2.830321 -2.87007 -2.908486 -2.866838
-2.850508 -2.890119 -2.880857 -2.811021 -2.835991
-2.875083 -2.839181 -2.855575 -2.845378 -2.870147
-2.843072 -2.850099 -2.870994 -2.870047 -2.868036
-2.883842 -2.909165 -2.856118 -2.893769 -2.819632
-2.8987 -2.871654 -2.864052 -2.866718 -2.824444
-2.829669 -2.89279 -2.887888 -2.889413 -2.864915
-2.851934 -2.83584 -2.872112 -2.86608 -2.887827
-2.86464 -2.854598 -2.875535 -2.865793 -2.895333
-2.878131 -2.878957 -2.833639 -2.860515 -2.874811
-2.859548 -2.862486 -2.861547 -2.814909 -2.864657
-2.915196 -2.856531 -2.83936 -2.878504 -2.892965
-2.893761 -2.878268 -2.859285 -2.877091 -2.896989
-2.867499 -2.820709 -2.88775 -2.878978 -2.865772
-2.910545 -2.863022 -2.890868 -2.836096 -2.843235
-2.843386 -2.875807 -2.898452 -2.840523 -2.829308
-2.839176 -2.793853 -2.871842 -2.852616 -2.887445
-2.873546 -2.85523 -2.869002 -2.891083 -2.91045
-2.834486 -2.842077 -2.876148 -2.916001 -2.89338
-2.911622 -2.876935 -2.809385 -2.896771 -2.854174
-2.891846 -2.832882 -2.88986 -2.832757 -2.900231
-2.859176 -2.820969 -2.89185 -2.884008 -2.844385
-2.914312 -2.908199 -2.925259 -2.884552 -2.89143
-2.862866 -2.839145 -2.902864 -2.915033 -2.868061
-2.882588 -2.866779 -2.89047 -2.881808 -2.884547
-2.859921 -2.856788 -2.875437 -2.890112 -2.856669
-2.887914 -2.870042 -2.871337 -2.842555 -2.861914
-2.83293
