-2.911245 -2.928255 -2.868551 -2.895129 -2.90731
-2.926585 -2.927772 -2.894788 -2.879507 -2.914637
-2.939395 -2.83604 -2.90557 -2.896566 -2.880034
-2.891245 -2.868141 -2.962352 -2.929599 -2.879276
-2.861025 -2.921357 -2.878261 -2.842897 -2.875346
-2.901305 -2.840128 -2.839757 -2.967318 -2.883816
-2.869906 -2.920925 -2.895568 -2.833194 -2.902596
-2.859723 -2.835045 -2.849435 -2.730214 -2.867999
-2.95259 -2.933905 -2.902855 -2.927244 -2.903811
-2.87169 -2.888532 -2.861349 -2.958068 -2.900193
-2.924922 -2.936951 -2.864912 -2.934116 -2.913537
-2.740538 -2.930569 -2.878059 -2.909059 -2.945182
-2.91291 -2.877205 -2.877756 -2.908764 -2.91007
-2.839501 -2.877364 -2.898116 -2.918858 -2.83003
-2.918597 -2.885981 -2.916235 -2.857637 -2.999493
-2.876524 -2.943628 -2.918193 -2.918278 -2.932499
-2.913922 -2.876718 -2.903126 -2.909452 -2.913982
-2.905202 -2.935963 -2.844538 -2.803181 -2.910438
-2.878045 -2.895829 -2.921826 -2.854058 -2.815184
-2.891885 -2.89455 -2.905351 -2.897021 -2.871358
-2.908681 -2.947826 -2.928462 -2.890562 -2.866916
-2.830348 -2.948439 -2.942769 -2.88937 -2.920658
-2.924347 -2.895129 -2.900788 -2.90481 -2.917177
-2.889728 -2.87485 -2.887108 -2.879531 -2.846768
-2.853485 -2.855581 -2.907192 -2.925442 -2.824824
-2.870674 -2.882786 -2.853713 -2.877075 -2.932268
-2.970349 -2.905741 -2.942542 -2.946207 -2.850677
-2.891013 -2.931354 -2.874282 -2.938342 -2.892075
-2.889879 -2.917237 -2.856095 -2.936816 -2.902071
-2.96929 -2.931483 -2.907617 -2.874088 -2.918058
-2.898494 -2.97228 -2.905774 -2.936215 -2.941799
-2.889128 -2.914625 -2.957615 -2.926212 -2.919913
-2.916678 -2.842182 -2.904213 -2.952978 -2.830053
-2.899287 -2.910703 -2.900512 -2.910107 -2.823757
-2.901978 -2.954109 -2.935508 -2.877064 -2.883142
-2.852234 -2.827734 -2.945962 -2.873332 -2.973015
-2.916522 -2.864671 -2.910855 -2.881172 -2.877259
-2.876708 -2.929745 -2.787984 -2.869551 -2.950228
-2.937512 -2.893552 -2.896506 -2.899135 -2.881029
-2.858798 -2.927999 -2.910479 -2.931187 -2.926635
-2.882123
