-2.848267 -2.836853 -2.856659 -2.852204 -2.768828
-2.827287 -2.883274 -2.862923 -2.798268 -2.862596
-2.860982 -2.800176 -2.812747 -2.862052 -2.796604
-2.840165 -2.847133 -2.840959 -2.877269 -2.810163
-2.866587 -2.855535 -2.883777 -2.838143 -2.804699
-2.82618 -2.810118 -2.837694 -2.853059 -2.821996
-2.861313 -2.864451 -2.882362 -2.819128 -2.858065
-2.832747 -2.862255 -2.922764 -2.849583 -2.849353
-2.852923 -2.873411 -2.796777 -2.875122 -2.877262
-2.825468 -2.85735 -2.856337 -2.733387 -2.829196
-2.816345 -2.89033 -2.87507 -2.871416 -2.791494
-2.800087 -2.778757 -2.855467 -2.787476 -2.871947
-2.854611 -2.883309 -2.815902 -2.840651 -2.848988
-2.906769 -2.81089 -2.830646 -2.881867 -2.809094
-2.838559 -2.889786 -2.864905 -2.815259 -2.852099
-2.859345 -2.829735 -2.848602 -2.834546 -2.848381
-2.854937 -2.797075 -2.850592 -2.796897 -2.802503
-2.748693 -2.906443 -2.790681 -2.858722 -2.860779
-2.862589 -2.859829 -2.823651 -2.840155 -2.863656
-2.807672 -2.826647 -2.855562 -2.803481 -2.877066
-2.845077 -2.826025 -2.807972 -2.828032 -2.88154
-2.800901 -2.817717 -2.835307 -2.89545 -2.826886
-2.857033 -2.823016 -2.879609 -2.838773 -2.850561
-2.886222 -2.853911 -2.793194 -2.862774 -2.847387
-2.810225 -2.797035 -2.815965 -2.802903 -2.865637
-2.796987 -2.858784 -2.869679 -2.830527 -2.820509
-2.807101 -2.802337 -2.798021 -2.849915 -2.873064
-2.873282 -2.813734 -2.845851 -2.84242 -2.85078
-2.842901 -2.82354 -2.871986 -2.863802 -2.808835
-2.842202 -2.842695 -2.838682 -2.87239 -2.867566
-2.848846 -2.814052 -2.84192 -2.896834 -2.859104
-2.836178 -2.861315 -2.841813 -2.811294 -2.859618
-2.81029 -2.824841 -2.855649 -2.852621 -2.854276
-2.822656 -2.809067 -2.828048 -2.814926 -2.876654
-2.863081 -2.86353 -2.8387 -2.813494 -2.784103
-2.83352 -2.815383 -2.823789 -2.858582 -2.822237
-2.832298 -2.839867 -2.808875 -2.807527 -2.842345
-2.838339 -2.842004 -2.834711 -2.815723 -2.835123
-2.877127 -2.829939 -2.834469 -2.89679 -2.876446
-2.839685 -2.869022 -2.822448 -2.867733 -2.815706
-2.79801
