-2.878737 -2.781422 -2.888694 -2.925706 -2.866493
-2.847731 -2.849208 -2.909993 -2.905255 -2.923127
-2.899779 -2.884901 -2.915291 -2.966421 -2.84032
-2.873246 -2.867127 -2.860187 -2.863168 -2.902957
-2.888736 -2.895578 -2.880983 -2.852608 -2.806216
-2.866641 -2.858865 -2.886231 -2.775959 -2.838227
-2.70562 -2.941159 -2.841417 -2.84778 -2.854873
-2.893054 -2.855864 -2.836972 -2.850377 -2.874351
-2.920487 -2.873421 -2.898024 -2.717235 -2.907881
-2.881591 -2.880457 -2.83424 -2.84599 -2.840387
-2.916005 -2.877391 -2.875219 -2.907214 -2.861873
-2.865764 -2.927446 -2.897096 -2.909533 -2.914006
-2.876182 -2.858039 -2.88119 -2.857748 -2.860719
-2.863658 -2.852935 -2.890051 -2.828442 -2.893253
-2.874544 -2.834438 -2.926687 -2.879017 -2.918857
-2.800332 -2.896268 -2.911945 -2.900361 -2.893831
-2.885267 -2.887453 -2.937763 -2.858461 -2.850443
-2.889828 -2.912767 -2.857702 -2.884233 -2.848958
-2.693304 -2.924705 -2.850141 -2.835008 -2.809213
-2.880932 -2.923761 -2.893434 -2.848785 -2.815035
-2.886525 -2.831735 -2.886984 -2.885993 -2.839226
-2.804376 -2.796184 -2.870478 -2.846371 -2.851937
-2.886117 -2.895527 -2.868554 -2.867718 -2.891399
-2.965731 -2.918791 -2.905842 -2.893547 -2.828091
-2.868985 -2.84089 -2.791617 -2.86527 -2.866593
-2.884478 -2.888272 -2.811174 -2.859181 -2.856059
-2.93797 -2.94118 -2.883083 -2.872398 -2.959058
-2.862932 -2.882944 -2.932692 -2.833075 -2.814635
-2.906283 -2.840575 -2.801399 -2.870625 -2.906244
-2.868103 -2.804287 -2.904049 -2.854695 -2.854264
-2.85617 -2.885026 -2.86198 -2.797877 -2.905658
-2.820666 -2.87161 -2.856537 -2.845068 -2.834134
-2.850938 -2.886415 -2.901812 -2.849873 -2.918209
-2.849136 -2.859088 -2.849109 -2.899061 -2.903817
-2.8614 -2.904939 -2.904798 -2.849562 -2.845212
-2.856331 -2.927269 -2.859272 -2.852572 -2.939151
-2.89084 -2.837913 -2.908522 -2.846069 -2.884793
-2.849869 -2.887242 -2.692483 -2.857311 -2.874932
-2.913919 -2.890025 -2.946712 -2.893696 -2.893759
-2.830883 -2.861704 -2.829973 -2.91316 -2.861347
-2.89196
