-2.860403 -2.860481 -2.857644 -2.823637 -2.818884
-2.858394 -2.853493 -2.887906 -2.816009 -2.894704
-2.910527 -2.853033 -2.864382 -2.838108 -2.84419
-2.83681 -2.853445 -2.858428 -2.873744 -2.883973
-2.876181 -2.852302 -2.880985 -2.859697 -2.903355
-2.856912 -2.841684 -2.902267 -2.826708 -2.781228
-2.847456 -2.86657 -2.851088 -2.840107 -2.874448
-2.90582 -2.83459 -2.828345 -2.823738 -2.849786
-2.874464 -2.835635 -2.871988 -2.865796 -2.930426
-2.85257 -2.909241 -2.893599 -2.823074 -2.830026
-2.848761 -2.806283 -2.821126 -2.841702 -2.808177
-2.848277 -2.869399 -2.894624 -2.810259 -2.797137
-2.875904 -2.896278 -2.859361 -2.858204 -2.87573
-2.849146 -2.817759 -2.925315 -2.83935 -2.832239
-2.892479 -2.854914 -2.846812 -2.880756 -2.881887
-2.8092 -2.909503 -2.822319 -2.880981 -2.851681
-2.844209 -2.857961 -2.835627 -2.876046 -2.848977
-2.867238 -2.863743 -2.822728 -2.872127 -2.853875
-2.828351 -2.802625 -2.836904 -2.823588 -2.826767
-2.880502 -2.889825 -2.864079 -2.836966 -2.917724
-2.84018 -2.872391 -2.867276 -2.862281 -2.80086
-2.830882 -2.86579 -2.787616 -2.876334 -2.846803
-2.885214 -2.799765 -2.848587 -2.807314 -2.853667
-2.829168 -2.857914 -2.865096 -2.783248 -2.81649
-2.863689 -2.870928 -2.861459 -2.876884 -2.862075
-2.899323 -2.789099 -2.826731 -2.856698 -2.871041
-2.869329 -2.874832 -2.847776 -2.800286 -2.836523
-2.887216 -2.834103 -2.844676 -2.849753 -2.847895
-2.864904 -2.909009 -2.891162 -2.856039 -2.891908
-2.842512 -2.880649 -2.782804 -2.821172 -2.914918
-2.797398 -2.823758 -2.87987 -2.849103 -2.858052
-2.900267 -2.835952 -2.833985 -2.828041 -2.818031
-2.829833 -2.77575 -2.860315 -2.863155 -2.800523
-2.849946 -2.807826 -2.890758 -2.838918 -2.839799
-2.83886 -2.854943 -2.884733 -2.91497 -2.860247
-2.803822 -2.878414 -2.881907 -2.826435 -2.843593
-2.824748 -2.882639 -2.878977 -2.842166 -2.887448
-2.890815 -2.824311 -2.891362 -2.874968 -2.874987
-2.846146 -2.915519 -2.877029 -2.925598 -2.838843
-2.858808 -2.884379 -2.886434 -2.820327 -2.804329
-2.872052
