-2.793456 -2.733036 -2.851228 -2.887262 -2.5555
-2.747141 -2.813971 -2.844884 -2.812272 -2.728385
-2.771156 -2.802612 -2.871666 -2.763205 -2.772005
-2.595603 -2.674983 -2.769577 -2.84914 -2.674001
-2.828811 -2.71807 -2.816971 -2.81846 -2.750003
-2.75785 -2.805314 -2.754697 -2.832249 -2.77609
-2.864395 -2.752579 -2.30203 -2.792851 -2.665805
-2.783055 -2.764437 -2.781232 -2.822225 -2.879085
-2.911815 -2.707945 -2.811379 -2.833101 -2.763519
-2.836977 -2.793012 -2.848595 -2.744372 -2.835163
-2.756986 -2.812349 -2.827086 -2.735835 -2.715611
-2.874876 -2.342665 -2.80199 -2.469082 -2.850315
-2.301685 -2.820978 -2.814503 -2.78707 -2.858096
-2.781867 -2.795363 -2.800589 -2.732287 -2.777923
-2.834073 -2.788687 -2.843537 -2.813142 -2.847362
-2.802053 -2.741662 -2.724613 -2.717208 -2.722619
-2.823416 -2.768977 -2.807802 -2.834203 -2.806577
-2.762802 -2.816735 -2.716309 -2.84551 -2.783565
-2.733491 -2.815747 -2.836914 -2.764305 -2.785382
-2.699235 -2.636734 -2.56775 -2.812214 -2.843913
-2.756666 -2.768948 -2.864127 -2.719574 -2.826654
-2.875878 -2.824925 -2.811666 -2.32538 -2.742233
-2.775613 -2.800711 -2.790216 -2.569347 -2.803517
-2.826207 -2.823558 -2.376673 -2.877078 -2.838574
-2.743102 -2.691002 -2.810952 -2.717834 -2.826336
-2.791728 -2.826439 -2.794307 -2.798116 -2.817276
-2.703809 -2.801462 -2.821571 -2.841276 -2.805125
-2.726292 -2.781929 -2.81215 -2.805344 -2.788667
-2.806461 -2.716271 -2.865734 -2.798621 -2.793631
-2.608521 -2.800159 -2.87604 -2.81034 -2.759154
-2.770028 -2.81406 -2.811802 -2.680474 -2.757193
-2.808816 -2.722957 -2.294558 -2.828441 -2.81419
-2.180144 -2.755743 -2.83427 -2.266781 -2.745217
-2.760855 -2.759926 -2.715189 -2.801008 -2.74871
-2.805286 -2.849146 -2.880494 -2.776041 -2.737668
-2.854168 -2.682719 -2.769023 -2.818681 -2.758935
-2.772028 -2.731982 -2.81595 -2.756745 -2.790749
-2.793254 -2.629677 -2.795341 -2.845577 -2.843204
-2.805725 -2.805588 -2.88236 -2.771192 -2.716463
-2.794596 -2.822167 -2.77454 -2.861547 -2.784031
-2.805851
