-2.907494 -2.882864 -2.866986 -2.952983 -2.885256
-2.878096 -2.850774 -2.951356 -2.945356 -2.914009
-2.811975 -2.83022 -2.841829 -2.850866 -2.890989
-2.880092 -2.85937 -2.838903 -2.989384 -2.860265
-2.836253 -2.857654 -2.897446 -2.855223 -2.898698
-2.897564 -2.956232 -2.805094 -2.812608 -2.921775
-2.930996 -2.645945 -2.830707 -2.945836 -2.81986
-2.86155 -2.792086 -2.889553 -2.811993 -2.790131
-2.900021 -2.89542 -2.898692 -2.860586 -3.031424
-2.889449 -2.952114 -2.927182 -2.819374 -2.845525
-2.833953 -2.72065 -2.859841 -2.871723 -2.583399
-2.656528 -3.056771 -2.875576 -2.912797 -2.752287
-3.003763 -2.93345 -2.851874 -2.748396 -2.841483
-2.479008 -2.778574 -2.809235 -2.899634 -2.947145
-2.850642 -2.862631 -2.837967 -3.135955 -2.929969
-2.682751 -2.913961 -2.910089 -2.964101 -2.905676
-2.805209 -2.792404 -2.945545 -2.88305 -2.883302
-2.909622 -2.636657 -2.890745 -2.263278 -2.899896
-2.885315 -2.876589 -2.810669 -2.654596 -3.033704
-2.877182 -2.637552 -2.964629 -2.92466 -2.677029
-2.900232 -2.937382 -2.854679 -2.583605 -2.839198
-2.599046 -2.733937 -2.812202 -2.908302 -2.676996
-2.961849 -2.774476 -2.886728 -2.944955 -2.541906
-2.865185 -2.78543 -2.903293 -2.833358 -2.771115
-2.907109 -2.867873 -2.617528 -2.866568 -2.993532
-2.860065 -2.816586 -2.994044 -2.826619 -2.920523
-2.879358 -2.661954 -2.932621 -2.3964 -2.939428
-2.931583 -2.827297 -2.873632 -2.915507 -3.02001
-2.753195 -2.427141 -2.869165 -2.809554 -2.832105
-2.889798 -2.175793 -2.781395 -2.875609 -2.94925
-2.909105 -2.919049 -2.895546 -2.9284 -2.726624
-2.836483 -2.857706 -2.955562 -2.865359 -2.857812
-2.82569 -2.85289 -3.042524 -2.695028 -2.893727
-2.854384 -2.965579 -2.854494 -2.92624 -2.897929
-2.822829 -2.911827 -2.948348 -2.783067 -2.89097
-2.816559 -2.391688 -2.780103 -2.863166 -2.970985
-2.908747 -2.883162 -2.835133 -2.931905 -2.880559
-2.858531 -2.972022 -2.73897 -2.779659 -2.625782
-2.833908 -2.881344 -2.837881 -2.960983 -2.897277
-2.909988 -2.958849 -2.786909 -2.452628 -2.922323
-2.954554
