-2.857041 -2.855214 -2.906442 -2.775928 -2.816831
-2.851578 -2.849941 -2.85486 -2.87666 -2.793159
-2.844535 -2.896095 -2.843311 -2.882858 -2.873805
-2.812582 -2.7923 -2.842529 -2.763787 -2.858051
-2.842743 -2.880042 -2.835488 -2.841155 -2.911226
-2.731998 -2.832054 -2.881451 -2.828954 -2.84635
-2.886006 -2.823536 -2.81948 -2.881682 -2.825326
-2.905637 -2.855329 -2.852593 -2.886878 -2.894108
-2.879304 -2.822823 -2.882967 -2.835973 -2.821645
-2.800204 -2.792988 -2.870496 -2.822172 -2.826617
-2.817985 -2.866141 -2.906875 -2.761441 -2.82725
-2.873754 -2.857293 -2.789755 -2.835538 -2.836297
-2.865054 -2.829922 -2.866052 -2.863796 -2.857134
-2.767389 -2.854 -2.816362 -2.782976 -2.847281
-2.842134 -2.853979 -2.900257 -2.929954 -2.787945
-2.893659 -2.865857 -2.774712 -2.859719 -2.874181
-2.84267 -2.87366 -2.888118 -2.846169 -2.85906
-2.867505 -2.858798 -2.887501 -2.863601 -2.931291
-2.839897 -2.874791 -2.809512 -2.847515 -2.836041
-2.803409 -2.858871 -2.855844 -2.87497 -2.852035
-2.880513 -2.887615 -2.804612 -2.877667 -2.884385
-2.817029 -2.853569 -2.848487 -2.854117 -2.797635
-2.861741 -2.855442 -2.914516 -2.901173 -2.775703
-2.902296 -2.864112 -2.765732 -2.829595 -2.84299
-2.761463 -2.882179 -2.821633 -2.860673 -2.845348
-2.854056 -2.851632 -2.858733 -2.869882 -2.785804
-2.839249 -2.856128 -2.864796 -2.874918 -2.814724
-2.845267 -2.835055 -2.814133 -2.770907 -2.911025
-2.834886 -2.817971 -2.83951 -2.840149 -2.78049
-2.898964 -2.817722 -2.838753 -2.813632 -2.887436
-2.750255 -2.812773 -2.804956 -2.816138 -2.862656
-2.827831 -2.887508 -2.899159 -2.942078 -2.844924
-2.904134 -2.803174 -2.882847 -2.785322 -2.835483
-2.830937 -2.940267 -2.790672 -2.824249 -2.808963
-2.875111 -2.808874 -2.865971 -2.87951 -2.87704
-2.819763 -2.84205 -2.8205 -2.795638 -2.850444
-2.808783 -2.815636 -2.840205 -2.860409 -2.791926
-2.908691 -2.815201 -2.860973 -2.815583 -2.870956
-2.862264 -2.812479 -2.854174 -2.892865 -2.869364
-2.834333 -2.883995 -2.873318 -2.828186 -2.867883
-2.877609
