-2.858603 -2.230395 -2.798872 -2.91725 -2.767177
-2.151988 -2.790098 -2.242337 -2.336612 -2.645328
-2.85568 -2.198016 -2.894936 -2.789673 -2.798914
-2.87639 -2.797278 -2.786157 -2.542125 -2.715439
-2.85551 -2.047429 -2.446976 -2.881336 -2.367408
-2.341302 -2.862705 -2.840794 -2.800222 -2.910486
-2.815654 -2.81298 -2.850211 -2.583537 -2.7892
-2.813798 -2.746106 -2.341364 -2.690182 -2.778044
-2.447504 -2.814914 -2.20602 -2.834989 -2.9248
-2.605075 -2.898813 -2.316642 -2.848828 -2.263303
-2.83012 -2.789965 -2.492162 -2.831408 -2.248838
-2.715223 -2.108873 -2.8928 -2.492342 -2.747755
-2.919025 -2.292841 -2.667403 -2.82509 -2.782048
-2.813466 -2.754689 -2.489381 -2.916706 -2.83452
-2.27346 -2.73812 -2.887303 -2.810467 -2.829489
-2.795748 -2.676152 -2.711694 -2.738943 -2.901336
-2.067744 -2.806085 -2.68166 -2.895561 -2.045131
-2.674526 -2.006406 -2.845105 -2.581232 -2.91834
-2.474895 -2.87705 -2.727728 -2.271686 -2.324896
-2.782392 -2.113253 -2.79437 -2.8512 -2.2248
-2.810849 -2.028964 -2.747147 -2.51288 -2.738914
-2.849244 -2.516589 -2.079594 -2.825286 -2.349595
-2.209036 -2.585592 -2.789708 -2.764626 -2.185195
-2.224441 -2.823576 -2.847647 -2.878662 -2.188738
-2.569331 -2.629204 -2.742572 -2.879706 -2.92579
-2.877229 -2.341384 -2.862709 -2.830328 -2.846767
-2.339944 -2.701731 -2.168203 -2.608389 -2.837341
-2.257354 -2.432411 -2.220066 -2.717494 -2.783308
-2.897065 -2.758147 -2.593725 -2.836579 -2.119771
-2.804281 -2.889919 -2.82786 -2.698349 -2.843247
-2.803521 -2.491173 -2.898851 -2.815111 -2.085846
-2.288953 -2.058998 -2.79906 -2.76594 -2.624753
-2.322034 -2.889299 -2.51163 -2.833379 -2.88485
-2.98499 -2.651231 -2.874368 -2.761342 -2.627058
-2.649254 -2.855382 -2.821695 -2.371178 -2.806464
-2.862965 -2.92867 -2.851321 -2.827943 -2.460892
-2.735739 -2.735542 -2.202581 -2.691684 -2.823127
-2.816639 -2.877434 -2.05387 -2.247519 -2.810582
-2.864734 -2.314433 -2.502771 -2.879952 -2.512566
-2.716938 -2.801854 -2.730943 -2.400337 -2.590594
-2.842668
