-2.846881 -2.874121 -2.68928 -2.86012 -2.730277
-2.837885 -2.858567 -2.651858 -2.836443 -2.769598
-2.829598 -2.808226 -2.840692 -2.793656 -2.860419
-2.828641 -2.852855 -2.820444 -2.88613 -2.850385
-2.761308 -2.835933 -2.835769 -2.825976 -2.808048
-2.824407 -2.770412 -2.824792 -2.785341 -2.823453
-2.854906 -2.809988 -2.826886 -2.887541 -2.727814
-2.808991 -2.81937 -2.842389 -2.778793 -2.80418
-2.674946 -2.804706 -2.876586 -2.840375 -2.861515
-2.828035 -2.85626 -2.862372 -2.785655 -2.866876
-2.850661 -2.806637 -2.872075 -2.852393 -2.809379
-2.861989 -2.875543 -2.657315 -2.870679 -2.881954
-2.873285 -2.805318 -2.800544 -2.851798 -2.831149
-2.812022 -2.871114 -2.844459 -2.811617 -2.872288
-2.866589 -2.819653 -2.797863 -2.840091 -2.846818
-2.844586 -2.835944 -2.776033 -2.865171 -2.838729
-2.822402 -2.868259 -2.863541 -2.782816 -2.871008
-2.794013 -2.802927 -2.817557 -2.804563 -2.817945
-2.819083 -2.839893 -2.860548 -2.842631 -2.848602
-2.808648 -2.820196 -2.876508 -2.814363 -2.832146
-2.84348 -2.843981 -2.808092 -2.832689 -2.853842
-2.889004 -2.824519 -2.820351 -2.802837 -2.723812
-2.845 -2.846457 -2.885113 -2.89941 -2.825979
-2.65316 -2.856618 -2.842998 -2.836236 -2.852301
-2.800423 -2.832239 -2.829106 -2.788764 -2.856418
-2.878123 -2.855445 -2.83738 -2.841175 -2.833613
-2.834888 -2.811879 -2.841157 -2.830959 -2.886137
-2.814967 -2.791583 -2.827143 -2.848829 -2.859489
-2.910829 -2.806838 -2.792646 -2.830278 -2.797138
-2.863056 -2.830954 -2.714248 -2.862631 -2.64314
-2.860501 -2.801658 -2.84254 -2.854624 -2.744173
-2.873113 -2.897639 -2.778332 -2.79087 -2.829932
-2.849083 -2.864591 -2.794734 -2.881636 -2.856477
-2.802445 -2.859506 -2.801362 -2.637288 -2.864216
-2.857788 -2.850293 -2.893759 -2.852603 -2.854017
-2.876085 -2.856495 -2.832645 -2.830995 -2.891668
-2.810763 -2.8578 -2.815579 -2.781166 -2.845434
-2.863376 -2.831797 -2.863139 -2.846648 -2.902621
-2.853248 -2.817616 -2.812999 -2.86565 -2.898415
-2.831638 -2.846063 -2.856735 -2.803775 -2.820093
-2.823331
