-2.935366 -2.949957 -2.860341 -2.939007 -2.791126
-2.914796 -2.737617 -2.950951 -2.96923 -2.519734
-2.874801 -2.897741 -2.937668 -2.92144 -2.90204
-2.944963 -2.940966 -2.865085 -2.881617 -2.809373
-2.416997 -2.843735 -2.838347 -2.944442 -2.983518
-2.726728 -2.926985 -2.960044 -2.871217 -2.911705
-2.908896 -2.878387 -2.884706 -2.873837 -2.887455
-2.92955 -2.856283 -2.412306 -2.900925 -2.865195
-2.599939 -2.882078 -2.897553 -2.423626 -2.851939
-2.985951 -2.935662 -2.798501 -2.959391 -2.855605
-2.831305 -2.950576 -2.827223 -2.530328 -2.92301
-2.958333 -2.848674 -2.926796 -2.923593 -2.922854
-2.947596 -2.955034 -2.936024 -2.942409 -2.855768
-2.968471 -2.897955 -2.887264 -2.91514 -2.938069
-2.895041 -2.969617 -2.953173 -2.961951 -2.913661
-2.842418 -2.959455 -2.858193 -2.956209 -2.89911
-2.88648 -2.943385 -2.907324 -2.951986 -2.903151
-2.389626 -2.738396 -2.754547 -2.873961 -2.771878
-2.946384 -2.819662 -2.901822 -2.921401 -2.945839
-2.970045 -2.956213 -2.86515 -2.855624 -2.679411
-2.431794 -2.885773 -3.003923 -3.003213 -2.896494
-2.888019 -2.632277 -2.853794 -2.881147 -2.796555
-2.871949 -2.940104 -2.903962 -2.982333 -2.73523
-2.953528 -2.845425 -2.925123 -2.894127 -2.907659
-2.901386 -2.956438 -2.843775 -2.939063 -2.899943
-2.985559 -2.965426 -2.840357 -2.668848 -2.98241
-2.92286 -2.856346 -2.926706 -2.908751 -2.616304
-2.902071 -2.874622 -2.911856 -2.9593 -2.950269
-2.921143 -2.883547 -2.908463 -2.737406 -3.02066
-2.851634 -2.942649 -2.919223 -2.85087 -2.684323
-2.908972 -2.868112 -2.940411 -2.934353 -2.880594
-2.918159 -2.943155 -3.055818 -2.878336 -2.837165
-2.916808 -2.927021 -2.875865 -2.894738 -2.634528
-2.969242 -2.853938 -2.885139 -2.989474 -2.895622
-2.953967 -2.968088 -2.881098 -2.943588 -3.002201
-2.434288 -3.010306 -2.864616 -2.949142 -2.903164
-2.62456 -2.959387 -2.566428 -2.876404 -2.87389
-2.889441 -2.948299 -2.751238 -2.95842 -2.831003
-2.868502 -2.836615 -2.625033 -2.709435 -3.004752
-2.93881 -2.857957 -2.850616 -2.914185 -2.927331
-2.920827
