-2.837462 -2.825072 -2.829085 -2.821209 -2.770168
-2.847484 -2.761149 -2.801749 -2.844822 -2.865249
-2.789085 -2.732496 -2.724366 -2.815426 -2.811452
-2.785798 -2.853554 -2.777958 -2.702682 -2.798168
-2.791743 -2.831133 -2.795705 -2.846653 -2.858027
-2.815984 -2.831916 -2.831525 -2.755956 -2.625773
-2.825122 -2.716921 -2.842284 -2.604227 -2.696485
-2.843775 -2.78945 -2.815226 -2.792199 -2.766466
-2.831482 -2.82436 -2.725479 -2.799719 -2.588318
-2.804581 -2.850497 -2.836114 -2.873378 -2.716389
-2.838831 -2.866898 -2.836432 -2.846677 -2.855911
-2.851765 -2.773854 -2.857531 -2.824049 -2.832729
-2.837761 -2.851945 -2.764762 -2.82311 -2.817212
-2.811524 -2.813641 -2.811302 -2.826124 -2.780585
-2.820681 -2.796325 -2.787901 -2.835546 -2.798782
-2.771853 -2.781925 -2.752494 -2.789311 -2.795942
-2.842314 -2.798216 -2.761421 -2.86636 -2.723825
-2.784438 -2.764012 -2.826587 -2.796336 -2.839978
-2.693282 -2.897919 -2.843582 -2.709625 -2.824788
-2.851115 -2.872952 -2.829025 -2.843357 -2.812864
-2.852566 -2.834776 -2.277035 -2.827159 -2.831946
-2.824214 -2.84179 -2.806298 -2.832974 -2.705348
-2.861068 -2.852616 -2.817747 -2.862263 -2.841222
-2.891568 -2.782892 -2.895277 -2.843467 -2.791973
-2.865175 -2.818597 -2.838139 -2.799374 -2.856128
-2.830942 -2.725733 -2.655672 -2.821505 -2.887242
-2.795487 -2.856096 -2.814855 -2.770235 -2.714638
-2.811853 -2.844074 -2.815532 -2.825262 -2.60367
-2.804187 -2.834036 -2.874218 -2.820394 -2.832293
-2.843936 -2.857335 -2.840104 -2.848316 -2.772994
-2.798017 -2.786389 -2.816159 -2.784692 -2.837044
-2.723701 -2.852432 -2.812129 -2.392228 -2.853188
-2.82035 -2.840947 -2.822985 -2.84517 -2.847488
-2.847551 -2.812298 -2.831715 -2.882956 -2.836775
-2.851168 -2.862929 -2.895172 -2.831677 -2.801121
-2.832721 -2.500286 -2.796685 -2.880372 -2.85549
-2.848561 -2.796531 -2.870596 -2.828864 -2.82361
-2.649968 -2.813895 -2.835454 -2.852452 -2.854858
-2.799183 -2.780209 -2.851062 -2.732325 -2.798649
-2.800329 -2.78822 -2.817611 -2.775403 -2.800194
-2.829797
