-2.87852 -2.735923 -2.89541 -2.830573 -2.890095
-2.872938 -2.850902 -2.878689 -2.718738 -2.856314
-2.82433 -2.859304 -2.869313 -2.830173 -2.806517
-2.84655 -2.908148 -2.899329 -2.788718 -2.941976
-2.867664 -2.87498 -2.813457 -2.841851 -2.841087
-2.887055 -2.879165 -2.853602 -2.834866 -2.749377
-2.849921 -2.846541 -2.849725 -2.858096 -2.894229
-2.877001 -2.876285 -2.839677 -2.894063 -2.848379
-2.831989 -2.868857 -2.835412 -2.869361 -2.840625
-2.831679 -2.886235 -2.874024 -2.592398 -2.831234
-2.864931 -2.930314 -2.880871 -2.834998 -2.887424
-2.882528 -2.834084 -2.855735 -2.876083 -2.892658
-2.965242 -2.875137 -2.915209 -2.892794 -2.760955
-2.930311 -2.858347 -2.863632 -2.861639 -2.865823
-2.890279 -2.832499 -2.885729 -2.89186 -2.878035
-2.908338 -2.836422 -2.842467 -2.876238 -2.830608
-2.858971 -2.822151 -2.844807 -2.619316 -2.86393
-2.80806 -2.816321 -2.911934 -2.573581 -2.861668
-2.864838 -2.649644 -2.857143 -2.885329 -2.834524
-2.882243 -2.885562 -2.78445 -2.863282 -2.832566
-2.864256 -2.951923 -2.870733 -2.910803 -2.857891
-2.840154 -2.864995 -2.895097 -2.894161 -2.895257
-2.833613 -2.836784 -2.851888 -2.857733 -2.797434
-2.889106 -2.829373 -2.9051 -2.849373 -2.839911
-2.870436 -2.83814 -2.832254 -2.866164 -2.898742
-2.827461 -2.857233 -2.882301 -2.617096 -2.628153
-2.855927 -2.89426 -2.86411 -2.84891 -2.848962
-2.833171 -2.935465 -2.861774 -2.81538 -2.871125
-2.929961 -2.946275 -2.861275 -2.828214 -2.812868
-2.833846 -2.723223 -2.918244 -2.84892 -2.855358
-2.91095 -2.860352 -2.879364 -2.857004 -2.769538
-2.840762 -2.856096 -2.84533 -2.87006 -2.834237
-2.88635 -2.76473 -2.847976 -2.827002 -2.889568
-2.538454 -2.869744 -2.913691 -2.830523 -2.85204
-2.872283 -2.899959 -2.920795 -2.925374 -2.895239
-2.870609 -2.86597 -2.873731 -2.662351 -2.928943
-2.828652 -2.86747 -2.854293 -2.853489 -2.889281
-2.844588 -2.80247 -2.857633 -2.832489 -2.832394
-2.863929 -2.882487 -2.884049 -2.828514 -2.912956
-2.848644 -2.870317 -2.934617 -2.880143 -2.796665
-2.839854
