-2.885285 -2.912573 -2.871546 -2.659202 -2.902164
-2.8669 -2.916912 -2.889075 -2.853498 -2.859353
-2.861046 -2.910908 -2.718818 -2.836278 -2.828586
-2.863339 -2.886923 -2.943046 -2.85646 -2.910518
-2.932371 -2.849497 -2.883425 -2.924093 -2.877865
-2.868675 -2.844392 -2.940296 -2.904275 -2.848025
-2.911572 -2.893823 -2.835533 -2.593604 -2.909024
-2.922857 -2.840572 -2.879303 -2.901872 -2.883329
-2.670961 -2.867541 -2.936941 -2.922429 -2.919723
-2.840219 -2.901936 -2.927911 -2.88195 -2.933395
-2.904257 -2.936052 -2.943423 -2.819646 -2.952015
-2.831317 -2.900619 -2.811746 -2.786318 -2.909377
-2.861289 -2.910892 -2.84711 -2.862673 -2.878689
-2.841321 -2.85634 -2.880153 -2.817516 -2.895156
-2.843697 -2.865346 -2.863615 -2.828246 -2.821868
-2.917316 -2.886821 -2.944093 -2.887905 -2.91116
-2.871203 -2.93936 -2.82466 -2.846057 -2.893845
-2.873653 -2.839897 -2.86893 -2.848795 -2.841536
-2.861684 -2.926575 -2.852638 -2.852023 -2.882864
-2.845613 -2.901375 -2.859413 -2.924777 -2.908824
-2.876271 -2.861189 -2.850609 -2.905078 -2.890951
-2.81242 -2.876183 -2.89142 -2.943114 -2.859492
-2.910498 -2.838947 -2.922276 -2.876153 -2.888963
-2.852143 -2.850564 -2.845919 -2.844847 -2.852381
-2.930212 -2.879208 -2.845495 -2.858839 -2.869031
-2.88409 -2.616715 -2.830498 -2.881787 -2.868734
-2.910495 -2.912403 -2.908124 -2.938319 -2.852665
-2.883148 -2.846464 -2.92265 -2.895019 -2.843875
-2.835019 -2.848574 -2.828209 -2.89236 -2.584888
-2.938819 -2.886552 -2.88801 -2.846504 -2.841149
-2.853367 -2.930745 -2.860583 -2.890973 -2.85514
-2.869652 -2.824162 -2.8812 -2.855811 -2.916644
-2.849679 -2.862033 -2.875798 -2.848611 -2.824106
-2.888062 -2.806786 -2.891751 -2.934929 -2.849581
-2.861998 -2.853174 -2.839166 -2.942265 -2.844973
-2.82097 -2.935732 -2.886721 -2.896938 -2.867978
-2.878009 -2.857257 -2.911138 -2.869785 -2.84916
-2.90747 -2.936241 -2.908379 -2.881739 -2.881331
-2.908049 -2.926348 -2.833222 -2.872599 -2.919546
-2.863284 -2.84885 -2.880868 -2.907178 -2.851758
-2.909664
