-2.829244 -2.833758 -2.786523 -2.848666 -2.779079
-2.851403 -2.848357 -2.81636 -2.799881 -2.77046
-2.793263 -2.829613 -2.809434 -2.795929 -2.794239
-2.757847 -2.849316 -2.800333 -2.822854 -2.849761
-2.831581 -2.848452 -2.861096 -2.867842 -2.735342
-2.789594 -2.859004 -2.904518 -2.705371 -2.838829
-2.875919 -2.897641 -2.814969 -2.916414 -2.660402
-2.769896 -2.826826 -2.767392 -2.919278 -2.822645
-2.803118 -2.828716 -2.720536 -2.797924 -2.860536
-2.879522 -2.790962 -2.921583 -2.838288 -2.783123
-2.774757 -2.722377 -2.88514 -2.805938 -2.812752
-2.821846 -2.830958 -2.882475 -2.793763 -2.78783
-2.89521 -2.81133 -2.863074 -2.815863 -2.878097
-2.832311 -2.822313 -2.857269 -2.805436 -2.867213
-2.855781 -2.761012 -2.826662 -2.772293 -2.789485
-2.796928 -2.785935 -2.758879 -2.870478 -2.774257
-2.806026 -2.773706 -2.771098 -2.796156 -2.80263
-2.817418 -2.845377 -2.803445 -2.891047 -2.790301
-2.91381 -2.893156 -2.81957 -2.835815 -2.777997
-2.877557 -2.830421 -2.820439 -2.714282 -2.889857
-2.675829 -2.739306 -2.84647 -2.744238 -2.834441
-2.829356 -2.803667 -2.911387 -2.832383 -2.866633
-2.840659 -2.799734 -2.806777 -2.789054 -2.814413
-2.835297 -2.797146 -2.768838 -2.784431 -2.843315
-2.822022 -2.731523 -2.790007 -2.765733 -2.789806
-2.676477 -2.722007 -2.867051 -2.811273 -2.918795
-2.81418 -2.885472 -2.850255 -2.735215 -2.850744
-2.810563 -2.885004 -2.797067 -2.801482 -2.854791
-2.835865 -2.714276 -2.759729 -2.765696 -2.879835
-2.894232 -2.7912 -2.837612 -2.935562 -2.80937
-2.779693 -2.675578 -2.863359 -2.83714 -2.916211
-2.865857 -2.734631 -2.836196 -2.77128 -2.807649
-2.838488 -2.835179 -2.883973 -2.873463 -2.805476
-2.838372 -2.760965 -2.756768 -2.914433 -2.958066
-2.831488 -2.829369 -2.78322 -2.824109 -2.735351
-2.799209 -2.851547 -2.743583 -2.815805 -2.859728
-2.832423 -2.779726 -2.896388 -2.815248 -2.858289
-2.886331 -2.853587 -2.822225 -2.812466 -2.868716
-2.819832 -2.84182 -2.740425 -2.829739 -2.825191
-2.877562 -2.798318 -2.820932 -2.797051 -2.845019
-2.869108
