-2.849533 -2.854005 -2.891942 -2.827826 -2.876019
-2.843983 -2.913427 -2.846912 -2.812296 -2.846116
-2.8355 -2.838516 -2.894148 -2.873981 -2.827847
-2.858387 -2.785959 -2.813427 -2.91866 -2.865459
-2.839047 -2.833842 -2.89151 -2.845509 -2.816128
-2.831657 -2.873952 -2.856682 -2.82976 -2.722006
-2.869147 -2.820249 -2.853003 -2.839053 -2.827313
-2.895494 -2.861115 -2.80114 -2.784273 -2.825025
-2.893072 -2.825248 -2.829051 -2.846199 -2.747001
-2.895712 -2.845921 -2.859381 -2.84933 -2.849618
-2.824326 -2.873501 -2.836095 -2.843317 -2.87933
-2.802386 -2.875131 -2.850956 -2.823038 -2.861244
-2.854897 -2.864473 -2.870325 -2.82248 -2.807022
-2.799117 -2.844707 -2.808445 -2.880406 -2.81407
-2.879327 -2.832006 -2.88862 -2.81693 -2.849699
-2.78733 -2.82734 -2.912277 -2.859137 -2.855196
-2.865313 -2.854271 -2.853163 -2.821943 -2.830745
-2.838519 -2.852814 -2.846765 -2.877911 -2.843628
-2.832106 -2.854186 -2.836468 -2.845197 -2.800976
-2.83532 -2.828922 -2.863391 -2.830878 -2.820774
-2.854938 -2.848531 -2.850203 -2.861631 -2.851557
-2.830016 -2.867642 -2.884672 -2.875422 -2.802539
-2.809269 -2.828423 -2.814893 -2.809184 -2.861375
-2.841256 -2.833341 -2.849558 -2.856096 -2.900135
-2.82331 -2.845998 -2.845299 -2.886164 -2.876938
-2.855752 -2.85984 -2.875685 -2.870719 -2.896261
-2.829131 -2.857862 -2.787268 -2.867686 -2.654775
-2.878793 -2.869796 -2.85409 -2.876407 -2.859123
-2.811718 -2.859877 -2.859765 -2.869828 -2.853876
-2.749461 -2.832912 -2.888831 -2.640032 -2.851879
-2.823772 -2.840694 -2.865587 -2.853862 -2.908774
-2.882934 -2.823782 -2.845995 -2.859157 -2.888348
-2.809117 -2.82997 -2.846701 -2.849181 -2.847252
-2.829353 -2.767239 -2.82803 -2.844051 -2.86034
-2.862101 -2.852147 -2.838375 -2.889542 -2.830686
-2.851617 -2.875619 -2.880085 -2.810618 -2.850655
-2.852337 -2.884029 -2.877779 -2.810999 -2.855929
-2.824228 -2.884229 -2.851106 -2.858818 -2.805255
-2.854294 -2.841999 -2.853215 -2.869108 -2.853265
-2.829275 -2.889148 -2.846973 -2.350378 -2.877341
-2.871166
