-2.918358 -2.834827 -2.885129 -2.916172 -2.901368
-2.933776 -3.050894 -2.857828 -2.954464 -2.920948
-2.833163 -2.958891 -2.839354 -2.960801 -2.873424
-2.979087 -2.886438 -2.924002 -2.880485 -2.90842
-2.907428 -2.860792 -2.959815 -2.864325 -2.915001
-2.891378 -2.881319 -2.911779 -2.903555 -2.780478
-2.89707 -2.789017 -2.847272 -3.012243 -2.925882
-2.982507 -2.80625 -2.829902 -2.826077 -2.993258
-2.904524 -2.817331 -2.893232 -2.949767 -2.898414
-2.886385 -2.775198 -2.874613 -2.899083 -2.825719
-3.029663 -2.885306 -3.031922 -2.932251 -3.01785
-2.918978 -2.901133 -2.897607 -2.864376 -2.944618
-3.017158 -2.967946 -3.003443 -2.847987 -2.910017
-2.943222 -3.029422 -2.866425 -2.960224 -2.957677
-2.936032 -2.97815 -2.968 -2.887166 -2.905875
-2.950582 -2.979123 -2.862078 -2.965114 -2.927043
-2.897155 -2.940237 -2.92688 -2.964466 -2.862535
-2.968908 -2.844887 -3.01273 -3.026021 -2.928624
-2.793553 -2.923227 -2.958056 -2.79201 -2.959359
-2.947943 -2.933065 -2.899903 -2.951586 -2.982244
-2.99338 -2.832339 -2.866967 -2.948516 -2.965409
-2.916763 -3.013724 -2.920942 -2.905542 -3.00983
-2.982098 -2.901558 -2.943964 -2.799254 -2.919363
-2.915969 -2.955441 -2.92138 -2.757401 -2.913869
-2.915657 -2.952303 -2.923881 -2.95353 -2.884839
-2.991895 -2.97647 -2.932252 -2.920261 -2.901832
-2.825529 -2.950153 -2.776242 -2.861625 -2.96198
-2.922093 -2.946768 -2.804536 -2.913394 -2.910292
-2.931666 -2.900814 -2.847533 -2.971021 -2.880673
-2.910036 -2.931902 -2.868177 -2.867901 -2.89473
-2.915366 -2.999349 -3.025232 -2.979661 -2.88516
-2.906247 -2.96046 -2.982762 -2.822845 -2.862251
-3.008442 -2.874101 -2.978583 -2.95038 -2.989872
-2.972108 -2.900475 -2.863079 -2.933256 -2.855687
-2.925089 -2.989379 -2.948389 -2.944709 -3.047193
-2.945876 -2.965518 -2.854915 -2.811133 -2.945571
-2.902765 -2.993148 -2.924827 -2.836052 -2.926647
-3.031314 -2.885926 -2.877648 -2.93564 -2.926271
-2.926925 -2.91559 -2.844701 -2.892438 -2.837361
-2.936783 -2.875355 -2.883142 -2.905512 -2.91937
-2.884547
