-2.923516 -2.893665 -2.833255 -2.463284 -2.925194
-2.468013 -2.909444 -2.935993 -2.415205 -2.849654
-2.952981 -2.514406 -2.687506 -2.446422 -2.820632
-2.387921 -2.168227 -2.841156 -2.870201 -2.173249
-2.451538 -2.908589 -2.734874 -2.341194 -2.896818
-2.245054 -2.964665 -2.66997 -2.944185 -2.450532
-2.626162 -2.37573 -2.748886 -2.675445 -2.477642
-2.913538 -2.436568 -2.829085 -2.918465 -2.647341
-2.848832 -2.92481 -2.944736 -2.866626 -2.816179
-2.634205 -2.621198 -2.830007 -2.891675 -2.48037
-2.728795 -2.881582 -2.924553 -2.613269 -2.262296
-2.940155 -2.298684 -2.726929 -2.930554 -2.85319
-2.905076 -2.905782 -2.923207 -2.922864 -2.79895
-2.871838 -2.529654 -2.828372 -2.185557 -2.830633
-2.086013 -2.360209 -2.142445 -2.928955 -2.162138
-2.51154 -2.949511 -2.92359 -2.872664 -2.80299
-2.87041 -2.680179 -2.848916 -2.632034 -2.843909
-2.126212 -2.713216 -2.909776 -2.976023 -2.787126
-2.106302 -2.841844 -2.483172 -2.919639 -2.573056
-2.868876 -2.923576 -2.868672 -2.09413 -2.873553
-2.508721 -2.914326 -2.885955 -2.174488 -2.450828
-2.874349 -2.533131 -2.912368 -2.902923 -2.641116
-2.895086 -2.837142 -2.66431 -2.411039 -2.19394
-2.115757 -2.13278 -2.884105 -2.780902 -2.553925
-2.253505 -2.843775 -2.577678 -2.492759 -2.924539
-2.851123 -2.58506 -2.933612 -2.785704 -2.905785
-2.944952 -2.402993 -2.47245 -2.896671 -2.873899
-2.155643 -2.476576 -2.941674 -2.867898 -2.925463
-2.178443 -2.889558 -2.713839 -2.905492 -2.566985
-2.905935 -2.820087 -2.930894 -2.94169 -2.933131
-2.911666 -2.897365 -2.256209 -2.929657 -2.940054
-2.931979 -2.104468 -2.886048 -2.77527 -2.900884
-2.347599 -2.481445 -2.371041 -2.652369 -2.873503
-2.287101 -2.886992 -2.131948 -2.272072 -2.949882
-2.168259 -2.776224 -2.573707 -2.916444 -2.892198
-2.940857 -2.171978 -2.902434 -2.910823 -2.947185
-2.721507 -2.896142 -2.461446 -2.553399 -2.617674
-2.879487 -2.930879 -2.92311 -2.307088 -2.133746
-2.211312 -2.936478 -2.586016 -2.953881 -2.877767
-2.898256 -2.662244 -2.624913 -2.857224 -2.37057
-2.896695
