-2.866443 -2.950054 -2.807665 -2.79814 -2.852523
-2.845188 -2.852676 -2.836887 -2.887484 -2.89758
-2.84034 -2.810579 -2.93005 -2.885417 -2.979634
-2.936611 -2.88413 -2.852567 -2.795399 -2.806772
-2.919193 -2.808313 -2.887024 -2.803645 -2.877488
-2.880029 -2.787612 -2.9 -2.836385 -2.847264
-2.878149 -2.824417 -2.830054 -2.829194 -2.87058
-2.878411 -2.877171 -2.865284 -2.866344 -2.843917
-2.839325 -2.937227 -2.909276 -2.869888 -2.851266
-2.826312 -2.853606 -2.958415 -2.891786 -2.796145
-2.849325 -2.827563 -2.863591 -2.890424 -2.86362
-2.895748 -2.858096 -2.741008 -2.961076 -2.868509
-2.903328 -2.7951 -2.92064 -2.849626 -2.79268
-2.886649 -2.806269 -2.828462 -2.78951 -2.864203
-2.898083 -2.920875 -2.876736 -2.882665 -2.857316
-2.89239 -2.815273 -2.857327 -2.877431 -2.901557
-2.837571 -2.820071 -2.917394 -2.899551 -2.852812
-2.800267 -2.897665 -2.864348 -2.902631 -2.814036
-2.9377 -2.890501 -2.870222 -2.833328 -2.78243
-2.858622 -2.891938 -2.837472 -2.831445 -2.92502
-2.845641 -2.892837 -2.952372 -2.880807 -2.832397
-2.823703 -2.980464 -2.868825 -2.919082 -2.859174
-2.892946 -2.816218 -2.914746 -2.907903 -2.915628
-2.821291 -2.858099 -2.871542 -2.843452 -2.909906
-2.811385 -2.840182 -2.868896 -2.927805 -2.951078
-2.879093 -2.792468 -2.854212 -2.867317 -2.786635
-2.794421 -2.824005 -2.921826 -2.862139 -2.899299
-2.95492 -2.862707 -2.883649 -2.8728 -2.892894
-2.801603 -2.921805 -2.910106 -2.822043 -2.913064
-2.791908 -2.894134 -2.859193 -2.849497 -2.891364
-2.85018 -2.994925 -2.827643 -2.911401 -2.91934
-2.932955 -2.802538 -2.815905 -2.772271 -2.837783
-2.836972 -2.869235 -2.934168 -2.832125 -2.848708
-2.897755 -2.863534 -2.820164 -2.830196 -2.870406
-2.815981 -2.844525 -2.907933 -2.809927 -2.859806
-2.818216 -2.841438 -2.852887 -2.850381 -2.887743
-2.829156 -2.811559 -2.852621 -2.824852 -2.78864
-2.894755 -2.838104 -2.891113 -2.800576 -2.873984
-2.860744 -2.838865 -2.802592 -2.86031 -2.881516
-2.8469 -2.852865 -2.850213 -2.807401 -2.88001
-2.931822
