-2.804133 -2.788494 -2.830636 -2.749624 -2.848799
-2.738133 -2.793896 -2.771668 -2.781211 -2.776002
-2.776521 -2.757956 -2.726788 -2.788002 -2.782462
-2.795354 -2.834377 -2.851313 -2.773184 -2.749442
-2.784496 -2.830055 -2.800793 -2.742767 -2.764426
-2.890911 -2.803717 -2.745978 -2.816471 -2.799708
-2.767907 -2.813463 -2.814751 -2.860306 -2.786646
-2.814248 -2.787445 -2.752119 -2.803119 -2.753146
-2.72053 -2.841318 -2.750505 -2.861391 -2.78639
-2.776145 -2.837178 -2.788054 -2.792966 -2.813389
-2.80248 -2.784951 -2.794105 -2.742937 -2.791745
-2.771649 -2.813843 -2.765895 -2.856701 -2.79557
-2.767316 -2.791875 -2.819116 -2.773972 -2.771249
-2.753418 -2.782726 -2.831923 -2.859574 -2.720128
-2.799267 -2.721168 -2.762869 -2.744205 -2.817182
-2.835205 -2.854563 -2.839468 -2.749958 -2.801989
-2.753404 -2.827873 -2.787437 -2.840033 -2.826982
-2.749264 -2.76388 -2.816121 -2.773257 -2.820973
-2.807831 -2.757584 -2.76567 -2.792277 -2.805616
-2.775031 -2.78216 -2.832741 -2.796796 -2.717295
-2.759037 -2.809856 -2.815178 -2.775513 -2.549401
-2.804599 -2.805778 -2.779198 -2.789844 -2.728487
-2.799715 -2.87128 -2.830795 -2.784039 -2.832321
-2.790705 -2.831896 -2.770987 -2.77647 -2.697497
-2.811638 -2.807094 -2.823336 -2.760773 -2.790893
-2.802711 -2.852752 -2.764491 -2.78534 -2.838736
-2.780613 -2.732537 -2.750297 -2.756981 -2.797101
-2.862772 -2.891212 -2.868583 -2.829469 -2.83101
-2.827756 -2.786126 -2.805123 -2.673743 -2.790884
-2.79339 -2.715302 -2.829088 -2.776417 -2.823135
-2.832846 -2.827 -2.762603 -2.787654 -2.730513
-2.619247 -2.770255 -2.768327 -2.804683 -2.751924
-2.783343 -2.767036 -2.781429 -2.580914 -2.739195
-2.764013 -2.842042 -2.714263 -2.737798 -2.839779
-2.817966 -2.892199 -2.811531 -2.691851 -2.778062
-2.791085 -2.812908 -2.783707 -2.772503 -2.720101
-2.806357 -2.824332 -2.811736 -2.857078 -2.819091
-2.776967 -2.782598 -2.829929 -2.820882 -2.79346
-2.745604 -2.788179 -2.874998 -2.780182 -2.766829
-2.866915 -2.715621 -2.71739 -2.820149 -2.768348
-2.76548
