-2.957065 -2.969262 -2.964618 -2.935456 -2.929871
-2.971332 -2.926357 -2.984938 -2.906567 -2.936641
-2.979182 -2.929023 -2.953105 -2.938995 -2.894803
-2.93556 -2.926587 -2.703964 -2.976895 -2.928118
-2.945949 -2.921036 -2.962315 -2.961754 -2.93061
-2.954059 -2.846818 -2.631146 -3.000198 -2.947095
-2.666355 -2.93172 -2.904454 -2.803164 -2.507584
-2.921347 -2.905535 -2.921528 -2.857288 -2.641976
-3.01756 -2.940742 -2.839444 -2.980927 -2.995305
-2.944657 -2.940107 -2.986279 -2.897207 -2.949767
-2.947029 -2.902334 -2.794213 -2.944906 -2.954908
-2.810407 -2.986357 -2.954644 -2.942645 -2.974674
-2.949703 -2.838271 -2.923206 -2.903289 -2.967516
-2.984164 -2.909554 -2.922876 -2.849948 -2.914536
-2.686873 -2.912353 -2.946098 -2.966314 -2.958463
-2.988518 -2.963343 -2.954107 -2.934758 -2.959715
-2.949858 -2.959792 -2.943662 -2.994811 -3.010996
-2.931827 -2.984067 -2.859391 -2.89943 -2.979049
-2.96798 -2.96045 -2.917179 -2.969239 -2.96074
-2.989003 -2.476244 -2.922243 -2.566606 -2.796729
-2.955611 -2.90853 -2.948851 -2.932625 -2.970689
-2.598466 -2.963266 -2.928725 -2.979503 -2.836795
-2.958832 -2.987819 -2.928043 -2.792815 -2.93093
-2.845309 -2.937793 -2.942749 -2.918761 -2.943513
-2.976378 -2.907626 -2.942722 -2.941367 -2.947101
-2.942025 -2.828686 -2.927238 -2.969618 -2.899386
-2.957817 -2.893751 -2.949794 -2.923491 -2.948481
-3.003595 -2.891566 -2.939326 -2.941778 -2.820777
-2.904568 -2.956335 -2.970773 -2.957242 -2.973716
-3.006893 -2.755216 -2.939176 -2.954218 -2.809968
-2.902186 -2.93431 -2.931877 -2.95484 -2.960123
-2.963461 -2.94588 -2.900775 -2.917362 -2.998405
-2.894374 -2.884376 -3.006038 -2.828496 -2.937168
-2.829057 -2.950038 -2.906201 -2.922118 -2.985693
-2.97213 -2.760793 -2.954355 -2.895833 -2.909568
-2.967499 -2.820265 -2.939206 -2.926607 -2.898076
-2.882011 -2.947819 -2.932887 -2.978451 -2.70476
-2.615515 -2.940487 -2.980598 -2.95086 -2.955803
-2.920147 -2.932058 -2.901316 -2.915436 -2.896114
-2.980944 -2.94967 -2.926655 -2.88816 -2.934442
-2.957935
