-2.877058 -2.744462 -2.858767 -2.820216 -2.918997
-2.83792 -2.825665 -2.772492 -2.908905 -2.926966
-2.837751 -2.91057 -2.862059 -2.804552 -2.854768
-2.844365 -2.951295 -2.872852 -2.725502 -2.83403
-2.89727 -2.806739 -2.886994 -2.78228 -2.888011
-2.797618 -2.855589 -2.934687 -2.822816 -2.927495
-2.815303 -2.64558 -2.885036 -2.854343 -2.841586
-2.810129 -2.958722 -2.787895 -2.912512 -2.890572
-2.859504 -2.882401 -2.645926 -2.690345 -2.881327
-2.877565 -2.842103 -2.861076 -2.868993 -2.930043
-2.887313 -2.921888 -2.936436 -2.817062 -2.813111
-2.89583 -2.859009 -2.858802 -2.88232 -2.884078
-2.860015 -2.865641 -2.808607 -2.891944 -2.9206
-2.906884 -2.866027 -2.916137 -2.852306 -2.896739
-2.826794 -2.817748 -2.880818 -2.903591 -2.840772
-2.855954 -2.857382 -2.745166 -2.873577 -2.888315
-2.869149 -2.861878 -2.917637 -2.815862 -2.815492
-2.856618 -2.909108 -2.879842 -2.881536 -2.930298
-2.835757 -2.996128 -2.884659 -2.875976 -2.913752
-2.939366 -2.887116 -2.882042 -2.876516 -2.913274
-2.863857 -2.749396 -2.83969 -2.895915 -2.929856
-2.86458 -2.937252 -2.760329 -2.896331 -2.862471
-2.91271 -2.844495 -2.837351 -2.901316 -2.879331
-2.645908 -2.928243 -2.849026 -2.824414 -2.771253
-2.875442 -2.799544 -2.854587 -2.799628 -2.898798
-2.848634 -2.848701 -2.918321 -2.863136 -2.834568
-2.9136 -2.87668 -2.865937 -2.857624 -2.867329
-2.851729 -2.847572 -2.852445 -2.872851 -2.890492
-2.879393 -2.839113 -2.839497 -2.938773 -2.887403
-2.908066 -2.827783 -2.875074 -2.904865 -2.87297
-2.824613 -2.932943 -2.844733 -2.891071 -2.876872
-2.946126 -2.83638 -2.872834 -2.824223 -2.855388
-2.90496 -2.830279 -2.776311 -2.805113 -2.795513
-2.899721 -2.913464 -2.888984 -2.890949 -2.810393
-2.891869 -2.77997 -2.891195 -2.962999 -2.838239
-2.943991 -2.85955 -2.621275 -2.910856 -2.855933
-2.826687 -2.874591 -2.859699 -2.88293 -2.921484
-2.842022 -2.830466 -2.84125 -2.909557 -2.906503
-2.862834 -2.87888 -2.932238 -2.943908 -2.905211
-2.817834 -2.86757 -2.89793 -2.831802 -2.83298
-2.919413
