-2.894971 -2.864907 -2.872731 -2.913757 -2.933878
-2.868508 -2.916453 -2.874191 -2.970536 -2.941105
-2.863408 -2.912554 -2.900095 -2.92831 -2.821242
-2.887616 -2.91507 -2.950806 -2.877552 -2.870774
-2.953094 -2.892893 -2.848519 -2.894987 -2.878601
-2.871722 -2.912488 -2.941074 -2.83644 -2.837068
-2.880256 -2.9195 -2.834147 -2.890742 -2.969664
-2.946815 -2.913092 -2.919549 -2.842455 -2.927755
-2.881468 -2.832673 -2.894633 -2.6367 -2.997599
-2.880204 -2.846769 -2.877547 -2.918314 -2.92936
-2.868724 -2.883777 -2.793996 -2.926877 -2.591051
-2.919436 -2.940581 -2.925992 -2.909775 -2.923245
-2.961955 -2.871964 -2.826602 -2.94091 -2.989067
-2.87823 -2.964843 -2.748617 -2.868868 -2.881332
-2.920149 -2.940893 -2.912196 -2.9867 -2.878167
-2.932468 -2.889049 -2.908367 -2.893939 -2.891162
-2.871259 -2.887025 -2.922836 -2.968205 -2.860512
-2.860734 -2.975048 -2.924869 -2.870755 -2.836791
-2.918389 -2.959196 -2.933743 -2.900007 -2.85767
-2.900544 -2.848944 -2.9117 -2.877254 -2.861309
-2.901943 -2.938131 -2.916625 -2.899028 -2.882616
-2.838555 -2.89732 -2.965583 -2.852033 -2.926567
-2.859962 -2.861837 -2.903833 -2.893233 -2.907414
-2.902079 -2.85691 -2.921219 -2.883905 -2.807689
-2.856545 -2.892146 -2.938572 -2.926359 -2.994937
-2.926044 -2.90509 -2.91839 -2.897348 -2.829183
-2.886002 -2.931241 -2.748811 -2.941148 -2.884339
-2.930315 -2.94848 -2.876606 -2.900307 -2.908673
-2.844189 -2.910724 -2.948306 -2.787093 -2.924014
-2.850302 -2.81849 -2.908318 -2.864916 -2.944851
-2.886252 -2.965769 -2.993071 -3.006564 -2.905299
-2.98859 -2.911698 -2.856362 -2.900373 -2.880973
-2.712955 -2.772624 -2.777499 -2.752878 -2.918086
-2.628123 -2.909772 -2.799544 -2.937731 -2.87423
-2.901589 -2.873676 -2.920295 -2.957436 -2.83847
-2.941742 -2.911173 -2.8777 -2.874593 -2.638563
-2.928553 -2.860065 -2.908634 -2.844546 -2.676161
-2.877268 -2.964538 -2.756946 -2.908036 -2.676415
-2.860038 -2.9283 -2.721994 -2.903717 -2.876726
-2.916425 -2.855166 -2.891143 -2.868061 -2.899914
-2.835103
