-2.876342 -2.89204 -2.940138 -2.80905 -2.886655
-2.935699 -2.832609 -2.85007 -2.858574 -2.851434
-2.869552 -2.830181 -2.88843 -2.861022 -2.884133
-2.870926 -2.870592 -2.882391 -2.851873 -2.866757
-2.849429 -2.885958 -2.856058 -2.896117 -2.831287
-2.908965 -2.87771 -2.888553 -2.861998 -2.851766
-2.857669 -2.934634 -2.873918 -2.905761 -2.900884
-2.883477 -2.863927 -2.904313 -2.877926 -2.884915
-2.863113 -2.848663 -2.865439 -2.824522 -2.8311
-2.843032 -2.859538 -2.910828 -2.857556 -2.902003
-2.860071 -2.848759 -2.920145 -2.865315 -2.846678
-2.934248 -2.870843 -2.897074 -2.909619 -2.899312
-2.888439 -2.846518 -2.857758 -2.868092 -2.349778
-2.862609 -2.829995 -2.872498 -2.849801 -2.908397
-2.887685 -2.865101 -2.915794 -2.756508 -2.894226
-2.824854 -2.902382 -2.87422 -2.774306 -2.904394
-2.879024 -2.884001 -2.855922 -2.848045 -2.843492
-2.839859 -2.821627 -2.892025 -2.853604 -2.929226
-2.873884 -2.84409 -2.809233 -2.878065 -2.822636
-2.869864 -2.84385 -2.928125 -2.856563 -2.887675
-2.851487 -2.825372 -2.86105 -2.631392 -2.866864
-2.88628 -2.85315 -2.915939 -2.800562 -2.883512
-2.893939 -2.880961 -2.856689 -2.840027 -2.781703
-2.792333 -2.852325 -2.880909 -2.649085 -2.886037
-2.8575 -2.866794 -2.856668 -2.879137 -2.87787
-2.862951 -2.829904 -2.888427 -2.893057 -2.836356
-2.88983 -2.858324 -2.872265 -2.883868 -2.833709
-2.85852 -2.931625 -2.925573 -2.871671 -2.921051
-2.898836 -2.83202 -2.841728 -2.869158 -2.830888
-2.931267 -2.861253 -2.830398 -2.877314 -2.877547
-2.91011 -2.886586 -2.889003 -2.80896 -2.882278
-2.898061 -2.842006 -2.884327 -2.743474 -2.871551
-2.868536 -2.616866 -2.781714 -2.82981 -2.872998
-2.875248 -2.85571 -2.852156 -2.867673 -2.863756
-2.859878 -2.822212 -2.896358 -2.861336 -2.807972
-2.88685 -2.757675 -2.903603 -2.841407 -2.86797
-2.874886 -2.880899 -2.884289 -2.842775 -2.87193
-2.888619 -2.895044 -2.769357 -2.845263 -2.902332
-2.883353 -2.859287 -2.842452 -2.870616 -2.849846
-2.890181 -2.868764 -2.861339 -2.871828 -2.86689
-2.850369
