-2.899739 -2.884548 -2.85038 -2.863348 -2.913712
-2.88028 -2.880997 -2.852066 -2.919913 -2.895682
-2.796518 -2.89139 -2.922461 -2.887417 -2.894489
-2.912622 -2.961957 -2.918979 -2.907574 -2.897819
-2.874109 -2.886598 -2.908545 -2.947946 -2.946837
-2.881377 -2.897618 -2.944539 -2.922238 -2.887845
-2.891994 -2.898946 -2.934337 -2.931788 -2.867654
-2.776021 -2.917139 -2.913356 -2.849655 -2.922264
-2.922206 -2.885665 -2.901328 -2.936978 -2.873646
-2.893617 -2.868645 -2.650923 -2.881291 -2.885376
-2.867399 -2.790953 -2.922152 -2.860393 -2.926512
-2.867342 -3.016616 -2.956027 -2.914958 -2.901643
-2.843312 -2.871422 -2.88018 -2.890646 -2.872298
-2.971034 -2.817055 -2.91795 -2.86929 -2.885645
-2.840462 -2.907915 -2.856213 -2.874929 -2.958752
-2.864326 -2.864606 -2.931807 -2.89712 -2.869862
-2.939165 -2.855958 -2.840296 -2.951898 -2.896499
-2.918644 -2.900892 -3.003332 -2.834289 -2.88563
-2.914193 -2.912177 -2.937615 -2.930688 -2.896462
-2.927055 -2.903391 -2.905583 -2.870779 -2.867073
-2.912148 -2.854813 -2.850842 -2.879129 -2.875631
-2.908858 -2.901237 -2.92672 -2.873492 -2.835472
-2.991736 -2.87989 -2.917946 -2.894569 -2.88589
-2.895591 -2.871435 -2.876987 -2.94455 -2.850264
-2.885822 -2.908607 -2.932475 -2.877426 -2.986757
-2.863053 -2.942081 -2.882193 -2.931028 -2.946343
-2.929427 -2.891415 -2.907549 -2.856268 -2.922085
-2.846911 -2.935368 -2.89597 -2.871982 -2.902626
-2.872461 -2.912549 -2.915216 -2.917987 -2.888629
-2.930035 -2.856885 -2.88119 -2.864487 -2.925648
-2.863588 -2.95448 -2.888519 -2.897235 -2.851273
-2.90894 -2.867047 -2.870562 -2.908214 -2.83678
-2.956715 -2.888553 -2.879398 -2.896906 -2.902361
-2.846918 -2.874831 -2.883104 -2.894819 -2.920134
-2.880225 -2.87794 -2.854674 -2.870092 -2.81131
-2.892251 -2.890407 -2.887072 -2.84558 -2.921406
-2.874088 -2.974796 -2.892134 -2.896291 -2.875897
-2.908451 -2.888021 -2.880236 -2.856292 -2.905112
-2.992468 -2.895674 -2.858565 -2.849344 -2.881703
-2.891365 -2.890244 -2.820875 -2.890757 -2.852065
-2.899851
