-2.874628 -2.846688 -2.90513 -2.840361 -2.797342
-2.805007 -2.904229 -2.822462 -2.871975 -2.786144
-2.697123 -2.856314 -2.821269 -2.809855 -2.929259
-2.632776 -2.846147 -2.558679 -2.842786 -2.870539
-2.862735 -2.760017 -2.82617 -2.884961 -2.865767
-2.824613 -2.859134 -2.795807 -2.735006 -2.839285
-2.905079 -2.743882 -2.901328 -2.88071 -2.862423
-2.90092 -2.794091 -2.938752 -2.782989 -2.882753
-2.904741 -2.834751 -2.895735 -2.915159 -2.777801
-2.897574 -2.835256 -2.789872 -2.879755 -2.901702
-2.84729 -2.927056 -2.851364 -2.820897 -2.373843
-2.789828 -2.907165 -2.769621 -2.883767 -2.845859
-2.717862 -2.752909 -2.575077 -2.862808 -2.811637
-2.868041 -2.562884 -2.873478 -2.871543 -2.863778
-2.893545 -2.826502 -2.228091 -2.839005 -2.881553
-2.829421 -2.810552 -2.861362 -2.850338 -2.502348
-2.89464 -2.847654 -2.792783 -2.872653 -2.877901
-2.923822 -2.822122 -2.856125 -2.905559 -2.814246
-2.806479 -2.854712 -2.819957 -2.798657 -2.772425
-2.782954 -2.920494 -2.822538 -2.791243 -2.843402
-2.88981 -2.861905 -2.830647 -2.917849 -2.858635
-2.926901 -2.774932 -2.90066 -2.295112 -2.794061
-2.91396 -2.881556 -2.876871 -2.678312 -2.436283
-2.806514 -2.897095 -2.942277 -2.915261 -2.821754
-2.859858 -2.886218 -2.887677 -2.943089 -2.38287
-2.810218 -2.937639 -2.25959 -2.77723 -2.885994
-2.595643 -2.773132 -2.844906 -2.832933 -2.898108
-2.903158 -2.799456 -2.891312 -2.854845 -2.829013
-2.86843 -2.189514 -2.895632 -2.780961 -2.851614
-2.887459 -2.866792 -2.835069 -2.861046 -2.474986
-2.860403 -2.895786 -2.83753 -2.818186 -2.850303
-2.804334 -2.864813 -2.811636 -2.848799 -2.849979
-2.752431 -2.89644 -2.811295 -2.86201 -2.919825
-2.749565 -2.854908 -2.722713 -2.904499 -2.831612
-2.836878 -2.864999 -2.720943 -2.73783 -2.899001
-2.525433 -2.40372 -2.852673 -2.908277 -2.46993
-2.827145 -2.407815 -2.885934 -2.871753 -2.799601
-2.843503 -2.846845 -2.853786 -2.832927 -2.784059
-2.911279 -2.865976 -2.942927 -2.871655 -2.867057
-2.929906 -2.904094 -2.937085 -2.823587 -2.75343
-2.748381
