-2.883011 -2.927678 -2.895401 -2.842352 -2.908352
-2.837233 -2.928264 -2.897896 -2.91506 -2.883657
-2.841923 -2.816793 -2.858996 -2.918597 -2.866598
-2.766718 -2.774101 -2.875535 -2.812305 -2.785969
-2.839012 -2.9196 -2.895139 -2.880947 -2.89908
-2.862757 -2.88323 -2.791166 -2.86805 -2.868935
-2.922873 -2.94031 -2.875807 -2.898345 -2.935824
-2.861238 -2.885551 -2.788508 -2.913228 -2.876558
-2.872096 -2.701317 -2.767351 -2.899056 -2.898209
-2.875083 -2.662737 -2.887245 -2.86984 -2.905845
-2.913908 -2.871861 -2.900557 -2.882149 -2.919328
-2.899439 -2.928684 -2.877732 -2.890861 -2.874663
-2.758506 -2.857077 -2.883949 -2.944697 -2.838605
-2.837376 -2.940964 -2.898679 -2.905111 -2.883921
-2.891839 -2.721452 -2.865716 -2.910101 -2.91673
-2.846986 -2.821872 -2.89758 -2.875403 -2.872174
-2.872556 -2.910164 -2.926364 -2.803377 -2.904279
-2.917505 -2.88093 -2.879118 -2.812505 -2.829509
-2.898588 -2.885385 -2.862848 -2.870919 -2.896287
-2.747887 -2.867518 -2.907588 -2.87443 -2.861817
-2.546105 -2.894587 -2.872843 -2.945815 -2.834987
-2.898219 -2.900549 -2.874741 -2.929171 -2.835377
-2.86662 -2.879508 -2.863512 -2.901683 -2.840448
-2.912484 -2.899205 -2.90012 -2.837845 -2.919656
-2.913802 -2.918967 -2.920237 -2.846859 -2.846296
-2.86716 -2.903845 -2.88228 -2.876323 -2.728119
-2.873806 -2.833807 -2.857874 -2.849701 -2.91542
-2.852232 -2.853012 -2.897197 -2.864607 -2.869991
-2.924814 -2.925917 -2.904257 -2.77576 -2.89082
-2.869616 -2.900591 -2.907037 -2.905619 -2.873446
-2.862865 -2.898849 -2.870271 -2.84777 -2.91681
-2.897267 -2.878313 -2.875577 -2.919186 -2.875545
-2.878034 -2.826217 -2.887315 -2.658713 -2.841509
-2.836805 -2.920491 -2.813799 -2.899457 -2.841066
-2.920101 -2.908368 -2.92448 -2.884955 -2.902151
-2.857892 -2.896151 -2.876645 -2.908278 -2.885351
-2.882501 -2.86187 -2.846794 -2.897683 -2.890789
-2.867415 -2.840187 -2.904797 -2.899729 -2.797265
-2.895139 -2.910785 -2.827407 -2.843464 -2.87119
-2.902359 -2.909393 -2.899595 -2.89031 -2.92973
-2.825826
