-2.851757 -2.901243 -2.907927 -2.816035 -2.79814
-2.804803 -2.889971 -2.893726 -2.863272 -2.805052
-2.846117 -2.843385 -2.783135 -2.908765 -2.801799
-2.879883 -2.916243 -2.806064 -2.885996 -2.813449
-2.805718 -2.757733 -2.793222 -2.845196 -2.944138
-2.913892 -2.903924 -2.874356 -2.791514 -2.816989
-2.884599 -2.86471 -2.852406 -2.832126 -2.852503
-2.874144 -2.846956 -2.89659 -2.867268 -2.812723
-2.839287 -2.808361 -2.972557 -2.848891 -2.88818
-2.876005 -2.867149 -2.883205 -2.881841 -2.695965
-2.759562 -2.844598 -2.865798 -2.855168 -2.871493
-2.780333 -2.817807 -2.885517 -2.926385 -2.912429
-2.791719 -2.829706 -2.883351 -2.885762 -2.920673
-2.81561 -2.821578 -2.840326 -2.896782 -2.789396
-2.813483 -2.814515 -2.814732 -2.877247 -2.801183
-2.825404 -2.918338 -2.962507 -2.857228 -2.853328
-2.950317 -2.930008 -2.826508 -2.850104 -2.849463
-2.866931 -2.914562 -2.81855 -2.915513 -2.859178
-2.82359 -2.897625 -2.773531 -2.795629 -2.889459
-2.840638 -2.800894 -2.750814 -2.868679 -2.904182
-2.854003 -2.829675 -2.784376 -2.893999 -2.941033
-2.874915 -2.838881 -2.787079 -2.849613 -2.933575
-2.832359 -2.849991 -2.752181 -2.826464 -2.815234
-2.938593 -2.856888 -2.907553 -2.837621 -2.898667
-2.911148 -2.886044 -2.863756 -2.827231 -2.952581
-2.839523 -2.828077 -2.948664 -2.806249 -2.831749
-2.894564 -2.812907 -2.889115 -2.797505 -2.82686
-2.815946 -2.655491 -2.781282 -2.82529 -2.801528
-2.824778 -2.828669 -2.906898 -2.865866 -2.805314
-2.831232 -2.842004 -2.745048 -2.86533 -2.936886
-2.90123 -2.837944 -2.887897 -2.807113 -2.883949
-2.845533 -2.878672 -2.842904 -2.771056 -2.867402
-2.833807 -2.840928 -2.878036 -2.801087 -2.845934
-2.833865 -2.911782 -2.812757 -2.852303 -2.853225
-2.857704 -2.7759 -2.854195 -2.818382 -2.887301
-2.838892 -2.875416 -2.890865 -2.840418 -2.78214
-2.869735 -2.813453 -2.882575 -2.892282 -2.801881
-2.923531 -2.83084 -2.847949 -2.940322 -2.874382
-2.850879 -2.883225 -2.831383 -2.837223 -2.801407
-2.900627 -2.927405 -2.845512 -2.890081 -2.807078
-2.820377
