-2.896995 -2.871275 -2.860632 -2.887319 -2.914152
-2.840444 -2.875018 -2.907349 -2.861639 -2.933093
-2.967357 -2.88291 -2.87192 -2.888817 -2.899299
-2.90315 -2.924856 -2.868268 -2.954242 -2.929624
-2.939287 -2.893499 -2.850246 -2.922526 -2.927303
-2.906395 -2.83711 -2.882146 -2.974624 -2.884869
-2.86212 -2.893554 -2.919856 -2.860404 -2.882952
-2.870305 -2.885275 -2.8828 -2.885886 -2.983924
-2.9708 -2.878156 -2.838101 -2.821077 -2.878677
-2.850335 -2.795599 -2.892609 -2.883395 -2.915125
-2.937716 -2.958675 -2.882769 -2.829081 -2.855752
-2.835264 -2.876194 -2.966464 -2.934201 -2.917979
-2.879626 -2.938467 -2.884103 -2.896074 -2.856248
-2.828512 -2.931184 -2.950201 -2.940463 -2.898693
-2.89779 -2.888629 -2.835324 -2.975986 -2.926869
-2.867318 -2.809558 -2.97138 -2.899021 -2.886584
-2.920209 -2.888281 -2.906556 -2.846303 -2.845343
-2.859141 -2.910131 -2.959945 -2.910541 -2.847394
-2.916244 -2.88341 -2.851273 -2.905255 -2.85505
-2.842759 -2.938955 -2.933409 -2.838697 -2.886264
-2.949639 -2.87971 -2.907396 -2.907085 -2.864499
-2.932503 -2.897301 -2.835086 -2.914135 -2.925501
-2.93306 -2.89301 -2.870333 -2.94958 -2.888556
-2.919896 -2.934653 -2.910937 -2.902645 -2.87412
-2.889349 -2.885069 -2.853736 -2.901884 -2.899027
-2.855261 -2.889241 -2.926812 -2.931689 -2.862931
-2.845364 -2.849201 -2.832207 -2.880849 -2.905529
-2.935752 -2.91708 -2.848403 -2.973565 -2.816138
-2.907638 -2.879928 -2.814332 -2.889136 -2.899468
-2.831159 -2.915397 -2.870105 -2.849179 -2.914038
-2.926959 -2.856442 -2.90782 -2.873558 -2.889183
-2.916764 -2.818221 -2.833089 -2.931659 -2.892725
-2.831731 -2.910694 -2.876181 -2.825526 -2.908826
-2.936157 -2.925165 -2.923725 -2.785136 -2.912636
-2.983124 -2.899511 -2.854756 -2.921932 -2.901591
-2.882248 -2.876577 -2.840786 -2.978436 -2.848202
-2.93139 -2.888842 -2.857934 -2.910532 -2.898466
-2.882819 -2.837116 -2.869082 -2.95797 -2.927953
-2.89676 -2.91532 -2.85624 -2.920997 -2.864942
-2.88106 -2.915285 -2.924043 -2.839391 -2.898214
-2.958718
