-2.939806 -2.917563 -2.925232 -2.921904 -2.903708
-2.939243 -2.961883 -2.923054 -2.952866 -2.938704
-2.936319 -2.896557 -2.994457 -2.943678 -2.957603
-2.991696 -2.923198 -2.873432 -2.882996 -2.944355
-2.92518 -2.921785 -2.911055 -2.894869 -2.969383
-2.926324 -2.923538 -2.656702 -2.944594 -2.916426
-2.907711 -2.948798 -2.937329 -2.948813 -2.935066
-2.914804 -2.961415 -2.885649 -2.920799 -2.907051
-2.900895 -2.960455 -2.998528 -2.943535 -2.977887
-2.978583 -2.954484 -2.904774 -2.968753 -2.900731
-2.917417 -2.997838 -2.923811 -2.921404 -2.894207
-2.944514 -2.926762 -2.907374 -2.906388 -2.908228
-2.949218 -2.923549 -2.907805 -3.00076 -2.927482
-2.944666 -2.937129 -2.933653 -2.91905 -2.916895
-2.905732 -2.912473 -2.949308 -2.927382 -2.87368
-2.926682 -2.953258 -2.961948 -2.894212 -2.952356
-2.932631 -2.90341 -2.975586 -2.902459 -2.961018
-2.895318 -2.900626 -3.026642 -2.890392 -2.921074
-2.906706 -2.926831 -2.960526 -2.982307 -2.933422
-2.900744 -2.926814 -2.953576 -2.974989 -2.959388
-2.922657 -2.922383 -2.944532 -2.944491 -2.925542
-2.916186 -2.914599 -2.86053 -2.915815 -2.963622
-2.883992 -2.98168 -2.925281 -2.964707 -2.943987
-2.932806 -2.872147 -2.955789 -2.93798 -2.944683
-2.940602 -2.91622 -2.965237 -2.918475 -2.955898
-2.9702 -2.91231 -2.939068 -2.979916 -2.924852
-2.913698 -2.883415 -2.95022 -2.921223 -2.92947
-2.951297 -2.966331 -2.904808 -2.912511 -2.913639
-2.951291 -2.948971 -2.946401 -2.954673 -2.863116
-2.97076 -2.925269 -2.936538 -2.927271 -2.886113
-2.895512 -2.941405 -2.926072 -2.935575 -2.89983
-2.933193 -2.96372 -2.973262 -2.916233 -2.939612
-2.882689 -2.955738 -2.915315 -2.92386 -2.899441
-2.968321 -2.963758 -2.931102 -2.927478 -2.923111
-2.958724 -2.903501 -2.930389 -2.895151 -2.987547
-2.893741 -2.941028 -2.88401 -2.92948 -2.983668
-2.954191 -2.950451 -2.966167 -2.912448 -2.919369
-2.920298 -2.929566 -2.924536 -2.934158 -2.787009
-3.038917 -2.877118 -2.897951 -2.905447 -2.95045
-2.933963 -2.900512 -2.924842 -2.964155 -2.922231
-2.934606
