-2.851155 -2.912521 -2.850263 -2.789392 -2.849555
-2.839026 -2.804548 -2.833407 -2.864165 -2.915672
-2.830604 -2.863411 -2.845713 -2.868117 -2.844179
-2.866291 -2.839585 -2.82648 -2.808914 -2.845111
-2.784242 -2.813772 -2.780859 -2.856419 -2.892768
-2.824063 -2.72846 -2.842479 -2.8487 -2.854119
-2.801748 -2.862485 -2.776388 -2.798777 -2.83852
-2.850717 -2.848579 -2.897277 -2.893541 -2.797793
-2.825162 -2.789891 -2.825127 -2.795954 -2.84825
-2.730258 -2.85906 -2.847502 -2.777706 -2.868395
-2.853497 -2.791462 -2.837818 -2.881497 -2.853787
-2.786689 -2.81953 -2.840314 -2.92653 -2.893821
-2.721979 -2.80665 -2.798756 -2.881347 -2.719695
-2.816638 -2.808015 -2.837211 -2.818221 -2.881411
-2.834521 -2.823122 -2.8312 -2.876315 -2.842349
-2.861651 -2.877598 -2.744993 -2.82637 -2.849549
-2.776001 -2.879506 -2.853738 -2.806889 -2.825573
-2.793696 -2.834303 -2.828779 -2.832008 -2.833608
-2.827651 -2.820472 -2.897027 -2.844596 -2.822489
-2.820485 -2.808773 -2.771126 -2.883783 -2.826037
-2.831277 -2.827938 -2.761793 -2.846132 -2.841069
-2.827064 -2.821169 -2.830315 -2.850177 -2.824615
-2.781899 -2.917047 -2.867692 -2.828302 -2.877012
-2.851132 -2.685758 -2.853549 -2.822824 -2.828261
-2.742382 -2.815138 -2.756893 -2.902808 -2.859712
-2.823798 -2.868402 -2.897867 -2.815476 -2.807513
-2.762224 -2.739737 -2.865784 -2.822954 -2.815805
-2.824259 -2.85298 -2.818802 -2.830537 -2.86395
-2.835138 -2.838026 -2.762233 -2.843571 -2.868468
-2.922284 -2.871481 -2.814179 -2.804435 -2.863844
-2.835732 -2.743431 -2.830779 -2.871186 -2.855501
-2.848848 -2.93337 -2.830291 -2.806562 -2.83122
-2.907826 -2.824222 -2.876747 -2.892793 -2.799106
-2.811296 -2.838483 -2.798986 -2.860682 -2.901153
-2.837738 -2.771839 -2.848194 -2.79551 -2.888786
-2.907504 -2.825293 -2.874429 -2.854627 -2.681585
-2.682977 -2.806363 -2.789263 -2.861471 -2.81259
-2.81665 -2.87343 -2.814446 -2.851191 -2.757706
-2.818364 -2.805729 -2.79574 -2.847619 -2.789205
-2.828579 -2.847107 -2.870884 -2.833896 -2.831199
-2.835294
