-2.835117 -2.679942 -2.874842 -2.788243 -2.904423
-2.917058 -3.011843 -2.848494 -2.792316 -2.864085
-2.913673 -2.966248 -2.813245 -2.819441 -2.811844
-2.832539 -2.947995 -2.874481 -2.832556 -2.700804
-2.763307 -2.843913 -2.878217 -2.859267 -2.859832
-2.744777 -2.78093 -2.851667 -2.837887 -2.83046
-2.759235 -2.865002 -2.551211 -2.934941 -2.812328
-2.783202 -2.830331 -2.797282 -2.777489 -2.834041
-2.81569 -2.741216 -2.805366 -2.684139 -2.81293
-2.757105 -2.801804 -2.816227 -2.8 -2.75347
-2.761539 -2.86171 -2.920482 -2.89998 -2.800394
-2.839692 -2.804252 -2.803329 -2.942824 -2.698425
-2.766305 -2.941377 -2.969741 -2.777224 -2.692489
-2.829375 -2.830538 -2.775891 -2.953385 -2.904361
-2.871974 -2.880669 -2.826432 -2.824743 -2.914307
-2.770075 -2.918579 -2.808318 -2.857502 -2.825094
-2.810871 -2.822652 -2.806315 -2.909775 -2.813721
-2.844674 -2.775694 -2.886384 -2.709002 -2.885875
-2.827774 -2.95409 -2.799454 -2.750612 -2.921693
-2.840099 -2.992886 -2.728052 -2.958048 -2.659959
-2.903255 -2.791931 -2.879507 -2.832951 -2.899609
-2.866876 -2.750461 -2.757232 -2.833867 -2.864454
-2.813741 -2.786698 -2.869443 -2.780648 -2.783601
-2.830063 -2.714792 -2.869906 -2.915196 -2.935878
-2.852764 -2.810071 -2.805845 -2.820497 -2.767682
-2.838937 -2.799054 -2.788003 -2.90278 -2.765702
-2.821725 -2.861176 -2.753498 -2.753097 -2.841
-2.941031 -2.835246 -2.852407 -2.820075 -2.722234
-2.76917 -2.967882 -2.70924 -2.86484 -2.766422
-2.866557 -2.775568 -2.735796 -2.902339 -2.83345
-2.748146 -2.820606 -2.763087 -2.872196 -2.830167
-2.837197 -2.825178 -2.774789 -2.908021 -2.760586
-2.695765 -2.871796 -2.932857 -2.79447 -2.931182
-2.782808 -2.735634 -2.861467 -2.762058 -2.640985
-2.76876 -2.731253 -2.78263 -2.821784 -2.870901
-2.764496 -2.741212 -2.836383 -2.819861 -2.875441
-2.892545 -2.807308 -2.780577 -2.805193 -2.716262
-2.757169 -2.906223 -2.815995 -2.900005 -2.800754
-2.895284 -2.885894 -2.93426 -2.694204 -2.772402
-2.888136 -2.728789 -2.821482 -2.846864 -2.864923
-2.7886
