-2.766405 -2.392169 -2.772103 -2.617061 -2.742891
-2.806774 -2.812044 -2.671883 -2.690233 -2.73923
-2.732714 -2.289641 -2.729848 -2.731584 -2.537614
-2.754859 -2.809272 -2.741937 -2.750239 -2.766495
-2.815186 -2.749048 -2.776998 -2.289298 -2.531288
-2.787532 -2.550557 -2.790843 -2.709988 -2.788852
-2.71961 -2.732933 -2.794973 -2.488899 -2.770364
-2.271379 -2.805411 -2.702064 -2.811439 -2.673664
-2.777683 -2.77543 -2.688368 -2.676795 -2.724454
-2.736181 -2.724983 -2.83321 -2.792024 -2.524382
-2.779486 -2.727741 -2.620294 -2.842015 -2.460801
-2.812075 -2.694135 -2.726489 -2.793621 -2.813987
-2.662944 -2.698614 -2.732939 -2.795298 -2.526386
-2.65904 -2.719949 -2.664812 -2.634357 -2.741495
-2.77421 -2.689459 -2.732517 -2.682038 -2.719003
-2.710679 -2.261289 -2.419039 -2.611528 -2.809754
-2.823907 -2.66247 -2.805646 -2.751475 -2.68623
-2.47732 -2.830656 -2.675326 -2.675859 -2.53075
-2.781389 -2.739827 -2.204068 -2.814631 -2.664218
-2.714765 -2.548552 -2.741097 -2.538945 -2.755341
-2.709771 -2.690527 -2.707483 -2.627095 -2.86795
-2.692286 -2.762314 -2.657883 -2.713381 -2.777153
-2.713935 -2.694882 -2.410036 -2.751141 -2.769123
-2.803872 -2.686276 -2.661413 -2.606078 -2.772918
-2.763715 -2.729192 -2.749373 -2.727266 -2.774667
-2.503723 -2.731513 -2.686644 -2.708962 -2.804754
-2.726377 -2.78069 -2.775592 -2.752202 -2.724722
-2.52628 -2.725004 -2.746062 -2.406546 -2.810485
-2.663961 -2.741326 -2.772975 -2.815221 -2.713897
-2.608994 -2.772437 -2.653051 -2.811707 -2.680495
-2.777977 -2.828244 -2.729206 -2.539587 -2.699077
-2.784057 -2.756991 -2.831959 -2.705186 -2.689915
-2.705878 -2.790263 -2.785202 -2.77419 -2.790583
-2.482927 -2.738287 -2.668827 -2.781776 -2.843834
-2.655249 -2.69418 -2.194945 -2.740005 -2.680368
-2.511213 -2.662173 -2.741295 -2.558906 -2.897901
-2.763781 -2.717287 -2.809849 -2.802691 -2.572066
-2.29122 -2.700361 -2.71824 -2.776847 -2.834048
-2.538202 -2.752961 -2.796933 -2.786921 -2.670193
-2.741324 -2.760336 -2.658465 -2.567834 -2.666761
-2.650592
