-2.840638 -2.800824 -2.782152 -2.763045 -2.792526
-2.802794 -2.880206 -2.837051 -2.748866 -2.876306
-2.797606 -2.902013 -2.84161 -2.834264 -2.784103
-2.837361 -2.836767 -2.88588 -2.78277 -2.706897
-2.912912 -2.856487 -2.916342 -2.820408 -2.872551
-2.812589 -2.866613 -2.833214 -2.724172 -2.838767
-2.850619 -2.839383 -2.785963 -2.853511 -2.860409
-2.760231 -2.816048 -2.879193 -2.866197 -2.830985
-2.865978 -2.885884 -2.744867 -2.848521 -2.795008
-2.802791 -2.840621 -2.751899 -2.774283 -2.778398
-2.888693 -2.879779 -2.829038 -2.914909 -2.878125
-2.791279 -2.873942 -2.785039 -2.850595 -2.817455
-2.812366 -2.834066 -2.795345 -2.822286 -2.849524
-2.832943 -2.881814 -2.869187 -2.844391 -2.830816
-2.730887 -2.745955 -2.776599 -2.696499 -2.828345
-2.864581 -2.777371 -2.879304 -2.765689 -2.843882
-2.829623 -2.778284 -2.82243 -2.790322 -2.830868
-2.897884 -2.815924 -2.808743 -2.83768 -2.773408
-2.83405 -2.87236 -2.811039 -2.784933 -2.852141
-2.918632 -2.863099 -2.826822 -2.887929 -2.807253
-2.905386 -2.788444 -2.802613 -2.858824 -2.916171
-2.870124 -2.787448 -2.80201 -2.909938 -2.860691
-2.92545 -2.821628 -2.867837 -2.896045 -2.774521
-2.821442 -2.883699 -2.833386 -2.837849 -2.784496
-2.839256 -2.750029 -2.774968 -2.858954 -2.772593
-2.851154 -2.715177 -2.82298 -2.815904 -2.817612
-2.922063 -2.81056 -2.804926 -2.855316 -2.766727
-2.834559 -2.756543 -2.825969 -2.916283 -2.856743
-2.882505 -2.822099 -2.901091 -2.856403 -2.903721
-2.854017 -2.848753 -2.762707 -2.856305 -2.743126
-2.884464 -2.810583 -2.755618 -2.87993 -2.741147
-2.838068 -2.933527 -2.833693 -2.846357 -2.838065
-2.892713 -2.840861 -2.896435 -2.908306 -2.75998
-2.910522 -2.781112 -2.788112 -2.899744 -2.771919
-2.745687 -2.840206 -2.849645 -2.785167 -2.849455
-2.886 -2.779983 -2.847214 -2.786051 -2.815151
-2.804982 -2.706266 -2.804415 -2.843426 -2.770169
-2.801657 -2.866178 -2.783062 -2.815461 -2.842564
-2.782469 -2.788499 -2.800428 -2.758149 -2.84276
-2.804422 -2.812033 -2.77034 -2.864669 -2.835279
-2.748417
