-2.896857 -2.945671 -2.910089 -2.906756 -2.939782
-2.876277 -2.93542 -2.85181 -2.916251 -2.855938
-2.894614 -2.907274 -2.914566 -2.873429 -2.852933
-2.908612 -2.870461 -2.902079 -2.833916 -2.855862
-2.905235 -2.868027 -2.930948 -2.873268 -2.867849
-2.919198 -2.907413 -2.980395 -2.91649 -2.831389
-2.852068 -2.89619 -2.890926 -2.835963 -2.897763
-2.892067 -2.889604 -2.931047 -2.92084 -2.897509
-2.87282 -2.877705 -2.972362 -2.848427 -2.867357
-2.889282 -2.925418 -2.89981 -2.928091 -2.854807
-2.859966 -2.901334 -2.94184 -2.877682 -2.906224
-2.857113 -2.897457 -2.946396 -2.937575 -2.879552
-2.860541 -2.936299 -2.905578 -2.919385 -2.871275
-2.879142 -2.912057 -2.881734 -2.91585 -2.879403
-2.883569 -2.931406 -2.847495 -2.823907 -2.878823
-2.889489 -2.898153 -2.902037 -2.916019 -2.872424
-2.919961 -2.908257 -2.909238 -2.891398 -2.937184
-2.874953 -2.89884 -2.932839 -2.922338 -2.932084
-2.920439 -2.883268 -2.875096 -2.833608 -2.910851
-2.851025 -2.877715 -2.879288 -2.913039 -2.890173
-2.887132 -2.860217 -2.864369 -2.925964 -2.878962
-2.862221 -2.840603 -2.909714 -2.836608 -2.837855
-2.901107 -2.83753 -2.886462 -2.898921 -2.891832
-2.845811 -2.907424 -2.852871 -2.913325 -2.882414
-2.923096 -2.888892 -2.904436 -2.871398 -2.888536
-2.888807 -2.893042 -2.940082 -2.839346 -2.860167
-2.851829 -2.898134 -2.882171 -2.863689 -2.874026
-2.890244 -2.89124 -2.90776 -2.870556 -2.921702
-2.910384 -2.924832 -2.846614 -2.872558 -2.918727
-2.926133 -2.852699 -2.921595 -2.881222 -2.953796
-2.863988 -2.877642 -2.90744 -2.859678 -2.905326
-2.933272 -2.941416 -2.91951 -2.841576 -2.922167
-2.896086 -2.863853 -2.852624 -2.864899 -2.902858
-2.874784 -2.88804 -2.935124 -2.911928 -2.849421
-2.866135 -2.865128 -2.885418 -2.829953 -2.911978
-2.877549 -2.932222 -2.897855 -2.82659 -2.911691
-2.890871 -2.863526 -2.86623 -2.88514 -2.894539
-2.891035 -2.815154 -2.865283 -2.93389 -2.86228
-2.895157 -2.896986 -2.949414 -2.863136 -2.870421
-2.882394 -2.913987 -2.875684 -2.847297 -2.859088
-2.890966
