-2.848844 -2.878689 -2.870491 -2.79226 -2.853125
-2.809226 -2.869499 -2.813343 -2.804032 -2.881063
-2.852658 -2.76865 -2.805679 -2.831249 -2.825416
-2.843715 -2.813636 -2.802003 -2.857044 -2.823789
-2.858751 -2.788979 -2.884717 -2.841149 -2.815314
-2.834396 -2.839796 -2.805923 -2.874287 -2.843246
-2.851995 -2.835048 -2.842538 -2.879103 -2.859648
-2.862412 -2.830156 -2.812197 -2.856634 -2.802589
-2.854599 -2.759407 -2.849608 -2.845928 -2.841135
-2.900917 -2.814007 -2.911538 -2.847139 -2.857476
-2.884005 -2.801941 -2.818523 -2.84122 -2.836842
-2.82541 -2.834424 -2.839189 -2.900537 -2.824498
-2.817196 -2.882326 -2.818688 -2.790832 -2.832357
-2.86927 -2.849047 -2.862273 -2.862636 -2.825343
-2.802886 -2.81521 -2.89912 -2.837161 -2.855773
-2.816306 -2.824639 -2.860833 -2.775369 -2.852485
-2.815833 -2.770626 -2.863909 -2.853811 -2.842464
-2.814106 -2.822398 -2.860184 -2.812108 -2.837215
-2.859586 -2.85599 -2.824127 -2.867162 -2.841416
-2.852429 -2.819365 -2.86552 -2.843195 -2.839055
-2.845455 -2.824432 -2.810072 -2.791109 -2.839875
-2.902953 -2.824523 -2.81396 -2.865989 -2.814978
-2.836959 -2.822422 -2.83139 -2.826605 -2.889505
-2.836707 -2.850169 -2.836387 -2.850446 -2.795817
-2.824211 -2.853417 -2.841591 -2.896799 -2.915825
-2.85376 -2.841814 -2.798503 -2.884376 -2.804575
-2.832512 -2.854381 -2.8461 -2.892381 -2.898141
-2.894212 -2.824203 -2.844723 -2.844081 -2.839358
-2.872963 -2.951677 -2.839289 -2.850981 -2.852527
-2.834429 -2.859603 -2.839584 -2.881426 -2.848975
-2.834777 -2.826214 -2.858989 -2.842593 -2.8343
-2.815821 -2.876992 -2.844061 -2.843578 -2.850414
-2.81487 -2.826955 -2.864177 -2.844191 -2.799086
-2.823028 -2.912068 -2.835388 -2.821661 -2.87203
-2.871573 -2.847423 -2.863303 -2.840962 -2.848832
-2.899428 -2.835415 -2.873167 -2.829964 -2.85904
-2.846014 -2.845613 -2.831461 -2.837457 -2.854396
-2.872076 -2.840367 -2.83114 -2.847594 -2.739592
-2.842044 -2.811303 -2.856699 -2.838786 -2.847742
-2.890399 -2.843647 -2.831032 -2.86265 -2.833888
-2.818221
