-2.830662 -2.811157 -2.792023 -2.769631 -2.762731
-2.827926 -2.800726 -2.807137 -2.808468 -2.886939
-2.843181 -2.808909 -2.860039 -2.853824 -2.739101
-2.837739 -2.821589 -2.888566 -2.763362 -2.896592
-2.821939 -2.802806 -2.76564 -2.845906 -2.835759
-2.749365 -2.825179 -2.843408 -2.859885 -2.85533
-2.831018 -2.822832 -2.85208 -2.820647 -2.829208
-2.842172 -2.760854 -2.881029 -2.811213 -2.798998
-2.935763 -2.888869 -2.84999 -2.79343 -2.816728
-2.787853 -2.765107 -2.860419 -2.828967 -2.697644
-2.867494 -2.782112 -2.798433 -2.783556 -2.773684
-2.760627 -2.854196 -2.771828 -2.832658 -2.807484
-2.812889 -2.832409 -2.895129 -2.752869 -2.865768
-2.862364 -2.878575 -2.796456 -2.781659 -2.809722
-2.863496 -2.789938 -2.814699 -2.774821 -2.85757
-2.744609 -2.7309 -2.867507 -2.833399 -2.814104
-2.852809 -2.881356 -2.869048 -2.80554 -2.804378
-2.734595 -2.809255 -2.829425 -2.810926 -2.834147
-2.864352 -2.730644 -2.809987 -2.813191 -2.851742
-2.820342 -2.763989 -2.838262 -2.852386 -2.830227
-2.903506 -2.76567 -2.776732 -2.744217 -2.831912
-2.895169 -2.893395 -2.827953 -2.770728 -2.789182
-2.851767 -2.819911 -2.811652 -2.838883 -2.754815
-2.812923 -2.816833 -2.763596 -2.907017 -2.760654
-2.82066 -2.866269 -2.794409 -2.92124 -2.814584
-2.831898 -2.778967 -2.826346 -2.846044 -2.847748
-2.812909 -2.840843 -2.80275 -2.833154 -2.808736
-2.784989 -2.887976 -2.841255 -2.811073 -2.758439
-2.725544 -2.875688 -2.826023 -2.888086 -2.796649
-2.830103 -2.818242 -2.820219 -2.696807 -2.812293
-2.802113 -2.848157 -2.873946 -2.838133 -2.742534
-2.809316 -2.775268 -2.847633 -2.837168 -2.814377
-2.857001 -2.794427 -2.834192 -2.812605 -2.832978
-2.790828 -2.797254 -2.824336 -2.770037 -2.836933
-2.773642 -2.828358 -2.818612 -2.808453 -2.77541
-2.874582 -2.772872 -2.907769 -2.903247 -2.841196
-2.808534 -2.850012 -2.879485 -2.820259 -2.817452
-2.85445 -2.832328 -2.812566 -2.831143 -2.841959
-2.779616 -2.82316 -2.815484 -2.791363 -2.851316
-2.752445 -2.676553 -2.894653 -2.87428 -2.82836
-2.807864
