-2.828416 -2.845583 -2.87644 -2.843012 -2.81151
-2.837145 -2.839962 -2.740014 -2.763667 -2.753758
-2.827155 -2.822751 -2.872474 -2.836809 -2.923211
-2.842115 -2.877487 -2.823059 -2.827566 -2.825536
-2.796856 -2.748311 -2.830658 -2.789283 -2.756248
-2.792734 -2.886979 -2.780466 -2.798054 -2.858137
-2.816644 -2.770096 -2.84437 -2.788467 -2.850786
-2.795822 -2.750663 -2.802261 -2.853682 -2.8146
-2.78799 -2.819231 -2.844536 -2.838425 -2.865147
-2.832281 -2.768091 -2.804567 -2.84995 -2.799931
-2.81376 -2.812538 -2.819166 -2.75613 -2.853704
-2.846848 -2.815433 -2.847899 -2.834233 -2.864637
-2.869308 -2.84649 -2.815739 -2.84282 -2.843945
-2.80256 -2.843272 -2.931786 -2.86408 -2.844886
-2.824891 -2.775219 -2.806535 -2.817232 -2.893135
-2.788009 -2.84654 -2.80146 -2.845366 -2.820299
-2.790532 -2.813079 -2.872478 -2.844794 -2.819256
-2.870879 -2.867217 -2.849433 -2.856001 -2.780539
-2.823468 -2.879248 -2.872935 -2.816144 -2.770504
-2.8173 -2.838617 -2.789949 -2.800608 -2.772339
-2.867391 -2.792996 -2.773903 -2.89619 -2.825621
-2.828185 -2.781135 -2.836506 -2.842664 -2.819582
-2.782076 -2.78254 -2.861515 -2.768183 -2.873038
-2.806628 -2.823295 -2.846461 -2.795611 -2.768381
-2.771686 -2.815355 -2.785562 -2.848333 -2.802776
-2.831245 -2.838232 -2.808365 -2.89141 -2.848805
-2.830621 -2.833317 -2.861188 -2.8153 -2.819338
-2.808182 -2.825164 -2.853022 -2.847936 -2.777512
-2.816817 -2.835448 -2.838121 -2.781285 -2.851751
-2.810933 -2.821712 -2.751442 -2.820205 -2.856805
-2.778977 -2.847164 -2.78816 -2.854396 -2.840075
-2.832892 -2.833747 -2.872563 -2.822737 -2.784889
-2.890668 -2.77405 -2.870871 -2.847605 -2.822951
-2.759582 -2.808213 -2.85049 -2.809658 -2.831723
-2.804402 -2.871224 -2.808937 -2.750128 -2.857249
-2.791252 -2.87051 -2.854217 -2.822434 -2.79273
-2.809576 -2.838629 -2.840764 -2.817884 -2.744292
-2.722806 -2.833585 -2.781046 -2.85867 -2.859013
-2.797289 -2.841985 -2.831072 -2.82549 -2.772275
-2.821357 -2.782914 -2.823053 -2.844384 -2.830143
-2.830183
