-2.924694 -2.882729 -3.000888 -2.909996 -2.813693
-2.896267 -2.914293 -2.92128 -2.942132 -2.901256
-2.879688 -2.950089 -2.968051 -2.914114 -3.015132
-2.836926 -2.972835 -2.964441 -2.83715 -2.940917
-2.912502 -2.928271 -2.971449 -2.912583 -2.893454
-2.914136 -2.867544 -2.945434 -2.863636 -2.908802
-2.878035 -2.759874 -2.792762 -2.962589 -2.784774
-2.840161 -2.928905 -3.002039 -2.897719 -2.963338
-2.985749 -2.889567 -2.887532 -2.902644 -2.947704
-2.885274 -2.97464 -2.904641 -2.822071 -2.886453
-2.921935 -2.919809 -2.894568 -2.870341 -2.861757
-2.943421 -2.956586 -2.850473 -2.903372 -2.925674
-2.933855 -2.933719 -2.917684 -2.862845 -2.938203
-2.883999 -2.865497 -2.935214 -2.829673 -2.913293
-2.927232 -2.943044 -2.867833 -2.822316 -2.900442
-2.984006 -2.872704 -2.977398 -2.873527 -2.888848
-2.908432 -2.916144 -2.908792 -3.005692 -2.975933
-2.910382 -2.874083 -2.976801 -2.987415 -2.903825
-2.92933 -2.994384 -2.931031 -2.920376 -2.993344
-2.90339 -2.643052 -2.884536 -2.966972 -2.875436
-2.912869 -2.911895 -2.972742 -2.905466 -2.949981
-2.893898 -2.88238 -2.940542 -2.951641 -2.870716
-2.896261 -2.852416 -2.939877 -2.879144 -2.842339
-2.926882 -2.836168 -2.915039 -2.563197 -2.872737
-2.950922 -2.90941 -2.862397 -2.911698 -2.988573
-2.869007 -2.953324 -2.900161 -2.912688 -2.971026
-2.771038 -2.948021 -2.920478 -2.864407 -2.852667
-3.025626 -2.859656 -2.976313 -2.910666 -2.949219
-2.863698 -2.92512 -2.95284 -2.930354 -2.983239
-2.95155 -2.907685 -2.905566 -2.969494 -2.849816
-2.918226 -2.922444 -2.889458 -2.898312 -2.909226
-2.873108 -2.885529 -2.855204 -2.888215 -2.986919
-2.912302 -2.936135 -2.746738 -2.866177 -2.916573
-2.884309 -2.999096 -2.874524 -2.933231 -2.931429
-2.906098 -2.933301 -2.594852 -2.803526 -2.919496
-2.882703 -2.842917 -2.794864 -2.924695 -2.853296
-2.877824 -2.888003 -2.993479 -2.866181 -2.981238
-2.892303 -2.844851 -2.815871 -2.918621 -2.892725
-2.747752 -2.910818 -2.917224 -2.878792 -2.918668
-2.920941 -2.841131 -2.908453 -2.940352 -2.867791
-2.927868
