-2.860929 -2.849677 -2.886186 -2.903418 -2.871682
-2.944581 -2.786428 -2.804675 -2.813695 -2.867976
-2.817696 -2.866791 -2.875925 -2.83557 -2.794922
-2.864729 -2.894478 -2.821133 -2.8822 -2.786773
-2.81573 -2.828733 -2.791461 -2.830428 -2.901158
-2.847456 -2.909962 -2.820433 -2.820386 -2.74931
-2.763149 -2.748232 -2.801605 -2.943537 -2.773903
-2.853466 -2.824018 -2.813941 -2.857967 -2.809373
-2.621685 -2.895883 -2.847507 -2.84746 -2.923919
-2.895023 -2.904633 -2.961399 -2.84368 -2.689342
-2.888519 -2.853363 -2.803051 -2.797312 -2.639503
-2.839938 -2.819123 -2.682792 -2.798931 -2.923352
-2.851376 -2.859555 -2.861972 -2.789074 -2.954257
-2.863831 -2.882489 -2.859951 -2.848511 -2.719526
-2.815707 -2.935482 -2.855707 -2.78155 -2.86826
-2.812606 -2.862232 -2.804626 -2.84818 -2.939257
-2.846397 -2.834157 -2.827503 -2.822127 -2.942182
-2.923346 -2.864933 -2.804916 -2.850512 -2.848689
-2.878976 -2.816877 -2.857851 -2.905391 -2.7871
-2.854688 -2.791924 -2.952053 -2.855409 -2.857115
-2.882889 -2.796188 -2.952781 -2.763324 -2.917638
-2.783155 -2.849809 -2.933873 -2.869578 -2.916985
-2.879907 -2.903245 -2.854354 -2.87501 -2.850822
-2.803311 -2.841269 -2.971888 -2.854853 -2.837585
-2.744259 -2.970085 -2.90878 -2.834576 -2.799391
-2.844361 -2.850652 -2.85528 -2.8986 -2.76911
-2.869398 -2.593577 -2.898429 -2.875504 -2.973326
-2.976343 -2.880128 -2.860391 -2.899931 -2.811184
-2.886925 -2.837294 -2.915683 -2.842728 -2.837732
-2.86468 -2.82717 -2.942899 -2.888375 -2.834959
-2.8132 -2.838706 -2.859522 -2.792204 -2.775685
-2.838292 -2.841178 -2.888301 -2.801061 -2.849357
-2.74576 -2.456754 -2.833314 -2.847681 -2.856275
-2.879127 -2.821512 -2.92429 -2.799589 -2.776303
-2.871828 -2.704537 -2.767686 -2.74428 -2.874936
-2.815157 -2.812577 -2.766795 -2.816595 -2.868658
-2.814926 -2.814202 -2.861242 -2.856503 -2.956737
-2.817438 -2.950613 -2.761529 -2.761173 -2.999504
-2.845106 -2.835225 -2.779848 -2.929236 -2.812911
-2.933131 -2.741873 -2.873146 -2.815847 -2.987851
-2.80482
