-2.87303 -2.870241 -2.827108 -2.917951 -2.813589
-2.87964 -2.784052 -2.938844 -2.921043 -2.819772
-2.794776 -2.885499 -2.949105 -2.839742 -2.882424
-2.882123 -2.832857 -2.873087 -2.865072 -2.8626
-2.973745 -2.921265 -2.814878 -2.916241 -2.833093
-2.927389 -2.928339 -2.892479 -2.92885 -2.905986
-2.879738 -2.811796 -2.881216 -2.781899 -2.919673
-2.929099 -2.896503 -2.742531 -2.848012 -2.848628
-2.834256 -2.764948 -2.893196 -2.859148 -2.852572
-2.837082 -2.918048 -2.846876 -2.912983 -2.936048
-2.916296 -2.895948 -2.842876 -2.775665 -2.768837
-2.860364 -2.841803 -2.898628 -2.813624 -2.862623
-2.939822 -2.835122 -2.844015 -2.939132 -3.033298
-2.778948 -2.881422 -2.898823 -2.844804 -2.939121
-2.882062 -2.880613 -2.829384 -2.856111 -2.818317
-2.933114 -2.883828 -2.894681 -2.823655 -2.911318
-2.898906 -2.885983 -2.907768 -2.79616 -2.824241
-2.839445 -2.899064 -2.933231 -2.849318 -2.742058
-2.855892 -2.883684 -2.944459 -2.797391 -2.920261
-2.907415 -2.837367 -2.921846 -2.951606 -2.886415
-2.885201 -2.832082 -2.80011 -2.890782 -2.86937
-2.890702 -2.938904 -2.842816 -2.937593 -2.840992
-2.826857 -2.893393 -2.83086 -2.844773 -2.777721
-2.752612 -2.910438 -2.891034 -2.850386 -2.885693
-2.911755 -2.885992 -2.819707 -2.929725 -2.903789
-2.815219 -2.909947 -2.873403 -2.874656 -2.918336
-2.815371 -2.828369 -2.825575 -2.832276 -2.853535
-2.769727 -2.811413 -2.851155 -2.819008 -2.821034
-3.003336 -2.8467 -2.921205 -2.808737 -2.856244
-2.854727 -2.761402 -2.905707 -2.812149 -2.776936
-2.867242 -2.864337 -2.845013 -2.880952 -2.872368
-2.869134 -2.780406 -2.969808 -2.891063 -2.946427
-2.881687 -2.808551 -2.878226 -2.898394 -2.872332
-2.794017 -2.816933 -2.867925 -2.882792 -2.939804
-2.844924 -2.815393 -2.853457 -2.887977 -2.872857
-2.888204 -2.886172 -2.786554 -2.874371 -2.913349
-2.757876 -2.879806 -2.906649 -2.921794 -2.907576
-2.927798 -2.863246 -2.881713 -2.891392 -2.860709
-2.879609 -2.950301 -2.856168 -2.8911 -2.916897
-2.913995 -2.901053 -2.92652 -2.785023 -2.883583
-2.871719
