-2.885634 -2.834054 -2.81086 -2.886328 -2.811779
-2.863636 -2.795606 -2.87833 -2.859969 -2.892184
-2.903609 -2.898768 -2.935697 -2.888025 -2.846468
-2.859407 -2.895922 -2.896782 -2.908403 -2.798558
-2.853101 -2.903803 -2.848738 -2.842642 -2.897957
-2.837461 -2.849923 -2.813728 -2.89602 -2.938466
-2.913797 -2.843379 -2.86698 -2.932843 -2.834875
-2.894427 -2.814828 -2.941028 -2.833546 -2.883857
-2.879347 -2.823442 -2.874457 -2.855372 -2.841311
-2.863194 -2.849347 -2.878683 -2.863066 -2.911781
-2.860375 -2.855515 -2.889994 -2.909419 -2.893933
-2.985566 -2.885156 -2.925433 -2.922364 -2.804799
-2.938937 -2.866334 -2.800445 -2.832497 -2.843614
-2.873147 -2.899127 -2.830129 -2.863066 -2.847831
-2.842352 -2.869329 -2.867781 -2.83043 -2.835164
-2.865616 -2.850067 -2.906228 -2.874093 -2.86529
-2.879293 -2.873937 -2.890984 -2.847835 -2.926736
-2.861919 -2.857606 -2.943096 -2.906256 -2.840537
-2.852293 -2.832632 -2.858728 -2.884914 -2.85073
-2.904554 -2.819184 -2.888795 -2.885425 -2.858694
-2.895999 -2.875718 -2.875444 -2.958227 -2.911607
-2.901534 -2.895199 -2.867977 -2.877397 -2.846952
-2.821026 -2.906856 -2.870167 -2.863085 -2.822181
-2.940958 -2.815006 -2.921847 -2.941548 -2.871938
-2.835687 -2.854373 -2.830371 -2.889867 -2.903521
-2.888954 -2.854328 -2.932476 -2.82635 -2.874685
-2.811752 -2.886815 -2.823612 -2.910816 -2.843633
-2.897616 -2.89276 -2.903418 -2.820028 -2.851342
-2.874163 -2.912528 -2.834575 -2.855336 -2.978261
-2.852018 -2.855538 -2.901498 -2.839786 -2.88728
-2.770277 -2.91024 -2.805695 -2.831369 -2.951029
-2.918606 -2.867602 -2.905716 -2.858911 -2.828595
-2.886155 -2.871427 -2.938012 -2.890175 -2.846054
-2.870332 -2.875413 -2.89759 -2.882995 -2.929789
-2.875898 -2.828999 -2.869648 -2.836337 -2.835153
-2.829699 -2.883587 -2.858123 -2.803877 -2.946754
-2.851157 -2.815046 -2.84158 -2.900301 -2.812177
-2.907525 -2.96448 -2.859948 -2.882135 -2.832695
-2.8532 -2.885123 -2.918608 -2.928493 -2.881331
-2.881806 -2.878227 -2.885618 -2.849104 -2.919576
-2.967405
