-2.915844 -2.927553 -2.899766 -2.893182 -2.932305
-2.853834 -2.868594 -2.929948 -2.920467 -2.948482
-2.886834 -2.925837 -2.883427 -2.99813 -2.952688
-2.900339 -2.925368 -2.972501 -2.967021 -2.917007
-2.906133 -2.856831 -2.965383 -2.873104 -2.853171
-2.918815 -2.881988 -2.917582 -2.877239 -2.837914
-2.945059 -2.91812 -2.942156 -2.929434 -2.869617
-2.899595 -2.924576 -2.887422 -2.902001 -2.8852
-2.955838 -2.847231 -2.915168 -2.910365 -2.919144
-2.871324 -2.84841 -2.928886 -2.908919 -2.831752
-2.92534 -2.817419 -2.894563 -2.875531 -2.900821
-2.939885 -2.932652 -2.906379 -2.925906 -2.926889
-2.906286 -2.971858 -2.901769 -2.922925 -2.944013
-2.914905 -2.861061 -2.955229 -2.938299 -2.896829
-2.952486 -2.976514 -2.92755 -2.910238 -2.984636
-2.893966 -2.910912 -2.890944 -2.915912 -2.902875
-2.925497 -2.942436 -2.901959 -2.959485 -2.896627
-2.895962 -2.903907 -2.972142 -2.85429 -2.884035
-2.904296 -2.873967 -2.953109 -2.901527 -2.933641
-2.871058 -2.94385 -2.916759 -2.938641 -3.030678
-2.878399 -2.801338 -2.923807 -2.921097 -2.873178
-2.918203 -2.84957 -2.882691 -2.945307 -2.94553
-2.853466 -2.839743 -2.931189 -2.919119 -2.947447
-2.913571 -2.946176 -2.894255 -2.863429 -2.92968
-2.905575 -2.940951 -2.946458 -2.947851 -2.82369
-2.954634 -2.901884 -2.958608 -2.880377 -2.76301
-2.94916 -2.918538 -2.848652 -2.852238 -2.919187
-2.879895 -2.88423 -2.915795 -2.900479 -2.887743
-2.845848 -2.813388 -2.87837 -2.970364 -2.915053
-2.842875 -2.912103 -2.839502 -2.899682 -2.853303
-2.888049 -2.896619 -2.934428 -2.909409 -2.892059
-2.928191 -2.966818 -3.019648 -2.964578 -2.891836
-2.896343 -2.896894 -2.875481 -2.894617 -2.882057
-2.93536 -2.669159 -2.945215 -2.94166 -2.918021
-2.887166 -2.911511 -2.896829 -2.949182 -2.910133
-2.946252 -2.974923 -2.928065 -2.912652 -2.90893
-2.908157 -2.956768 -2.903598 -2.91371 -2.592978
-2.84326 -2.771164 -2.940999 -2.862826 -2.897167
-2.850655 -2.9325 -2.894646 -2.912905 -2.853313
-2.900993 -2.893031 -2.942429 -2.88625 -2.886747
-2.968784
