-2.889159 -2.889682 -2.918599 -2.903321 -2.888584
-2.92725 -2.900263 -2.891057 -2.876015 -2.854955
-2.828256 -2.946677 -2.95941 -2.864393 -2.862507
-2.892562 -2.906643 -2.832006 -2.836666 -2.806127
-2.932014 -2.843457 -2.973329 -2.875802 -2.868188
-2.904227 -2.952128 -2.920729 -2.875605 -2.892966
-2.899474 -2.911045 -2.836351 -2.861406 -2.836753
-2.788795 -2.909874 -2.918241 -2.847531 -2.862547
-2.85725 -2.881162 -2.880612 -2.957506 -2.875052
-2.886359 -2.932388 -2.872624 -2.868444 -2.860036
-2.883779 -2.863856 -2.884536 -2.840773 -2.907771
-2.859121 -2.829899 -2.872696 -2.818963 -2.913495
-2.835878 -2.901421 -2.901263 -2.835887 -2.859638
-2.902254 -2.948653 -2.886853 -2.918394 -2.909079
-2.857857 -2.883413 -2.823262 -2.931725 -2.925314
-2.95494 -2.81232 -2.7927 -2.863491 -2.891621
-2.852815 -2.929262 -2.915725 -2.913567 -2.829646
-2.865246 -2.866985 -2.891803 -2.901155 -2.783569
-2.848046 -2.827392 -2.843811 -2.847077 -2.91864
-2.897993 -2.920604 -2.930227 -2.890293 -2.941053
-2.91312 -2.871349 -2.849276 -2.815571 -2.890193
-2.876998 -2.818778 -2.884251 -2.869504 -2.966371
-2.94446 -2.864991 -2.905758 -2.879344 -2.789888
-2.856764 -2.942575 -2.890755 -2.874886 -2.915083
-2.888241 -2.864158 -2.913061 -2.87583 -2.857076
-2.984551 -2.896968 -2.915099 -2.937824 -2.924311
-2.913061 -2.938582 -2.918555 -2.957477 -2.800364
-2.906645 -2.858028 -2.911624 -2.857948 -2.894005
-2.886623 -2.833636 -2.823581 -2.898158 -2.861585
-2.854118 -2.924494 -2.874891 -2.931337 -2.943836
-2.81892 -2.879605 -2.888168 -2.941858 -2.865954
-2.922447 -2.8069 -2.890618 -2.853853 -2.85867
-2.810039 -2.866485 -2.895551 -2.900671 -2.88335
-2.938675 -2.902631 -2.911633 -2.956461 -2.894957
-2.845934 -2.838663 -2.892798 -2.876975 -2.89441
-2.90263 -2.794777 -2.825876 -2.863585 -2.76447
-2.893967 -2.893188 -2.895715 -2.920147 -2.911757
-2.90763 -2.938504 -2.806187 -2.851943 -2.825401
-2.952091 -2.850383 -2.89959 -2.893592 -2.850168
-2.882448 -2.919877 -2.855938 -2.917301 -2.872959
-2.938234
