-2.840329 -2.843632 -2.840877 -2.891682 -2.670067
-2.874778 -2.849684 -2.763782 -2.820564 -2.80344
-2.873082 -2.840262 -2.769955 -2.905961 -2.844352
-2.900063 -2.946952 -2.800589 -2.811336 -2.789459
-2.86331 -2.744529 -2.732304 -2.868482 -2.847153
-2.967902 -2.767478 -2.826297 -2.863273 -2.852445
-2.837991 -2.815771 -2.831211 -2.780879 -2.842024
-2.781492 -2.73948 -2.731977 -2.68818 -2.788436
-2.861523 -2.855947 -2.901682 -2.860483 -2.904116
-2.791201 -2.697957 -2.783032 -2.789547 -2.764126
-2.735702 -2.86551 -2.784652 -2.809433 -2.851051
-2.803706 -2.857035 -2.836026 -2.921761 -2.972344
-2.916552 -2.892837 -2.850864 -2.85625 -2.874725
-2.791672 -2.737507 -2.904525 -2.934801 -2.810666
-2.855286 -2.883294 -2.850242 -2.882115 -2.728906
-2.845196 -2.858021 -2.889551 -2.852675 -2.857048
-2.854209 -2.863843 -2.865605 -2.855576 -2.829179
-2.927097 -2.823251 -2.73274 -2.782842 -2.811525
-2.783545 -2.769956 -2.809238 -2.904147 -2.859571
-2.857305 -2.922957 -2.858499 -2.93885 -2.810437
-2.873463 -2.933359 -2.78929 -2.777052 -2.869205
-2.905275 -2.903996 -2.817365 -2.821736 -2.875695
-2.760355 -2.8422 -2.849107 -2.786745 -2.716493
-2.80788 -2.843389 -2.875877 -2.83862 -2.819996
-2.870462 -2.930964 -2.831771 -2.79612 -2.794899
-2.802266 -2.76181 -2.851589 -2.884128 -2.694228
-2.792638 -2.78151 -2.78068 -2.78557 -2.829813
-2.87808 -2.814047 -2.740093 -2.837956 -2.792168
-2.781269 -2.732039 -2.879151 -2.887949 -2.909067
-2.892259 -2.946096 -2.76534 -2.676784 -2.78838
-2.763053 -2.850749 -2.800832 -2.864823 -2.941266
-2.805842 -2.719461 -2.870873 -2.764915 -2.847912
-2.779724 -2.814554 -2.834607 -2.762401 -2.889033
-2.811235 -2.739822 -2.823558 -2.868522 -2.781962
-2.846088 -2.853848 -2.818091 -2.851749 -2.920403
-2.942488 -2.859567 -2.853713 -2.800868 -2.890507
-2.76044 -2.836737 -2.908623 -2.930105 -2.945388
-2.829943 -2.737998 -2.907017 -2.963414 -2.873296
-2.855977 -2.834245 -2.786036 -2.881634 -2.828247
-2.883418 -2.807351 -2.755358 -2.741961 -2.700958
-2.870859
