-2.890517 -2.96285 -2.876986 -2.844457 -2.940027
-2.861485 -2.87101 -2.961049 -2.818951 -2.930969
-2.857454 -2.852853 -2.962381 -2.828394 -2.884459
-2.830986 -2.916096 -2.914947 -2.888562 -2.838615
-2.967515 -2.826082 -2.840511 -2.898437 -2.880433
-2.896892 -2.82215 -2.903158 -2.936694 -2.886165
-2.871601 -2.878677 -2.858823 -2.898596 -2.911188
-2.875724 -2.820275 -2.87464 -2.945733 -2.880667
-2.830429 -2.89888 -2.8336 -2.929504 -2.841043
-2.902864 -2.79802 -2.924523 -2.891085 -2.895242
-2.895951 -2.835016 -2.846707 -2.987173 -2.860252
-2.949332 -2.86805 -2.905451 -2.8352 -2.863972
-2.929974 -2.890899 -2.904757 -2.911258 -2.901005
-2.934395 -2.866083 -2.828841 -2.87656 -2.770288
-2.872901 -2.845092 -2.815443 -2.812344 -2.903801
-2.889603 -2.872959 -2.859686 -2.913759 -2.935479
-2.991434 -2.83821 -2.834933 -2.884368 -2.894651
-2.802513 -2.969458 -2.868168 -2.942078 -2.838015
-2.855443 -2.855445 -2.947511 -2.835674 -2.873629
-2.917566 -2.997132 -2.9498 -2.828445 -2.907293
-2.871673 -2.928445 -2.932797 -2.899673 -2.92816
-2.804947 -2.907356 -2.943412 -3.006456 -2.866739
-2.898974 -2.932978 -2.895534 -2.922767 -2.903123
-2.916916 -2.922621 -2.849278 -2.898894 -2.88328
-2.828395 -2.868244 -2.874962 -2.800659 -2.877966
-2.947292 -2.932006 -2.798671 -2.93099 -2.960472
-2.792493 -2.851781 -2.916344 -2.818864 -2.893307
-2.800424 -2.897426 -2.784983 -2.887823 -2.803911
-2.949462 -2.894689 -2.937144 -2.857252 -2.881984
-2.863199 -2.866549 -2.915596 -2.971791 -2.875756
-2.834482 -2.836949 -2.930881 -2.838433 -2.844959
-2.890437 -2.790362 -2.872929 -2.85591 -2.875832
-2.857286 -2.883889 -2.954106 -2.860454 -2.899572
-2.784946 -2.910358 -2.807074 -2.925881 -2.890788
-2.868607 -2.928449 -2.822054 -2.946802 -2.86523
-2.892408 -2.80986 -2.798705 -2.864161 -2.844012
-2.855073 -2.868281 -2.937889 -2.977389 -2.944139
-2.876358 -2.926986 -2.879468 -2.832393 -2.9136
-2.947731 -2.911869 -2.870832 -2.872915 -2.873615
-2.926324 -2.850031 -2.919272 -2.912662 -2.836688
-2.975416
