-2.8575 -2.838315 -2.798217 -2.908667 -2.876095
-2.885298 -2.878204 -2.868506 -2.827499 -2.821009
-2.797228 -2.812542 -2.820074 -2.873356 -2.778597
-2.83156 -2.809049 -2.855597 -2.835491 -2.865203
-2.801178 -2.862485 -2.785396 -2.855729 -2.789035
-2.820816 -2.89858 -2.836121 -2.872574 -2.792609
-2.596428 -2.915667 -2.851752 -2.871867 -2.895013
-2.800599 -2.837752 -2.80495 -2.844244 -2.782234
-2.853335 -2.527565 -2.860586 -2.890589 -2.771996
-2.447702 -2.825349 -2.889791 -2.901966 -2.878813
-2.841769 -2.874865 -2.811365 -2.865697 -2.813167
-2.8856 -2.884835 -2.816891 -2.952586 -2.868453
-2.79642 -2.780976 -2.862566 -2.830282 -2.882104
-2.86313 -2.88611 -2.8484 -2.834249 -2.833223
-2.80758 -2.769168 -2.847447 -2.870889 -2.864557
-2.7632 -2.805153 -2.86263 -2.832643 -2.740959
-2.776338 -2.808066 -2.879609 -2.736306 -2.807539
-2.850392 -2.898201 -2.896909 -2.846637 -2.893031
-2.804423 -2.856944 -2.850772 -2.849497 -2.87757
-2.800495 -2.825313 -2.945119 -2.83219 -2.839262
-2.953893 -2.796235 -2.827391 -2.471521 -2.876822
-2.793834 -2.822974 -2.858498 -2.692907 -2.8795
-2.794065 -2.357473 -2.850389 -2.874912 -2.899531
-2.872476 -2.858164 -2.829497 -2.852939 -2.82782
-2.794662 -2.874387 -2.650262 -2.852036 -2.829632
-2.833494 -2.975478 -2.784222 -2.894191 -2.851144
-2.888771 -2.833405 -2.850058 -2.950214 -2.906993
-2.733355 -2.802519 -2.816265 -2.941754 -2.837517
-2.792146 -2.867299 -2.81325 -2.919274 -2.827228
-2.917498 -2.790047 -2.838422 -2.867615 -2.848376
-2.854543 -2.883301 -2.86861 -2.942881 -2.925667
-2.837036 -2.520193 -2.852037 -2.826718 -2.893836
-2.82979 -2.838936 -2.759415 -2.837194 -2.85646
-2.79367 -2.866238 -2.933824 -2.897287 -2.758408
-2.845887 -2.758152 -2.7433 -2.929657 -2.83177
-2.70724 -2.823942 -2.847316 -2.844718 -2.850105
-2.833416 -2.8763 -2.754703 -2.855831 -2.873005
-2.824368 -2.916002 -2.827766 -2.794276 -2.840673
-2.909229 -2.861426 -2.834927 -2.822949 -2.901657
-2.805749 -2.842148 -2.850032 -2.850412 -2.853501
-2.802836
