-2.908063 -2.808474 -2.834641 -2.942818 -2.809806
-2.864593 -2.880482 -2.911849 -2.853565 -2.884035
-2.845015 -2.99813 -2.920538 -2.899346 -2.911712
-2.900485 -2.823576 -2.906412 -2.918982 -2.92858
-2.883638 -2.905172 -2.912335 -2.860971 -2.773046
-3.022708 -2.979387 -2.904645 -2.973582 -2.987177
-2.82636 -2.915259 -2.661613 -2.945373 -2.905963
-2.979594 -2.890705 -2.907055 -2.966188 -2.881366
-2.857968 -2.934078 -2.807422 -2.771123 -2.750542
-2.98765 -2.919376 -2.904748 -2.839383 -2.992356
-2.912635 -2.88572 -2.825454 -2.9538 -2.913846
-2.897909 -3.023012 -2.962812 -2.926159 -2.967848
-2.944386 -2.934804 -2.851782 -2.876222 -2.906868
-2.829935 -2.932587 -2.822678 -2.883848 -2.939871
-2.958944 -2.799776 -2.799723 -2.83568 -2.908482
-2.945277 -2.887555 -2.908997 -2.882129 -2.881513
-3.013704 -2.791893 -2.886654 -2.956598 -2.677829
-2.74878 -2.929386 -2.847039 -2.875224 -2.863412
-2.941888 -2.915588 -2.90933 -2.849664 -2.543505
-2.899011 -2.825659 -2.894512 -2.857728 -2.922877
-2.898656 -2.866889 -2.86256 -2.800365 -2.705652
-2.882422 -2.855865 -2.988983 -2.846569 -2.785599
-3.00229 -2.76483 -2.792933 -2.911683 -2.902263
-2.862735 -2.887992 -2.864862 -2.871632 -2.896236
-2.767633 -2.848241 -2.829517 -2.950024 -2.820068
-2.871627 -2.850267 -2.827963 -2.885541 -2.880697
-2.898459 -2.819477 -2.945919 -2.824234 -2.816343
-3.012459 -2.987287 -2.650965 -2.896618 -2.884066
-2.880302 -2.962935 -2.901744 -2.930102 -2.855273
-2.819771 -2.90856 -2.765553 -2.787975 -2.75754
-2.66865 -2.878687 -2.85756 -2.944624 -2.9315
-2.988044 -2.879915 -2.976004 -2.941094 -2.831981
-2.860929 -2.945389 -2.913683 -2.814402 -2.860358
-2.890198 -2.680522 -2.881522 -2.825991 -2.80573
-2.933879 -2.958691 -2.737202 -2.983573 -3.103413
-2.634675 -2.961431 -2.909662 -2.912413 -2.623925
-2.894844 -2.825552 -2.880657 -3.002449 -2.976873
-2.893757 -2.893887 -3.005118 -2.965203 -3.000176
-2.890509 -2.900893 -2.934741 -2.978379 -2.903103
-2.72919 -2.8818 -2.855589 -2.951085 -2.987107
-2.8459
