-2.837144 -2.938933 -2.813709 -2.924893 -2.868922
-2.824054 -2.856857 -2.853983 -2.919122 -2.873923
-2.80278 -2.849494 -2.832297 -2.691285 -2.725203
-2.731162 -2.910618 -2.886573 -2.835343 -2.824346
-2.857745 -2.848249 -2.788488 -2.833974 -2.777224
-2.870349 -2.805697 -2.815555 -2.852414 -2.823151
-2.761905 -2.9649 -2.775317 -2.761311 -2.933529
-2.815886 -2.851014 -2.834695 -2.766124 -2.786705
-2.854991 -2.830682 -2.757414 -2.788626 -2.706073
-2.843111 -2.848869 -2.787308 -2.792909 -2.901353
-2.754941 -2.843055 -2.841804 -2.884433 -2.800954
-2.820022 -2.868482 -2.796417 -2.876336 -2.892883
-2.790416 -2.859348 -2.815612 -2.775183 -2.804283
-2.869629 -2.867865 -2.818438 -2.849846 -2.927169
-2.882612 -2.8434 -2.788412 -2.897221 -2.842073
-2.879233 -2.802792 -2.787446 -2.820992 -2.82579
-2.870009 -2.809144 -2.836428 -2.759006 -2.83638
-2.820614 -2.834058 -2.855464 -2.780936 -2.878475
-2.838395 -2.759471 -2.892263 -2.809271 -2.86774
-2.847366 -2.807641 -2.793488 -2.851493 -2.818676
-2.836522 -2.958155 -2.775712 -2.772359 -2.817614
-2.851645 -2.808814 -2.846649 -2.747702 -2.776719
-2.826418 -2.828722 -2.872246 -2.848403 -2.901842
-2.809339 -2.935585 -2.995885 -2.907662 -2.788459
-2.879749 -2.731501 -2.780242 -2.802493 -2.857499
-2.8894 -2.783071 -2.865344 -2.872526 -2.780224
-2.86078 -2.798651 -2.809933 -2.872543 -2.810502
-2.820642 -2.900507 -2.82528 -2.840705 -2.800437
-2.883381 -2.84673 -2.787848 -2.845756 -2.923588
-2.850214 -2.8863 -2.810529 -2.889609 -2.834001
-2.874046 -2.841538 -2.837135 -2.819367 -2.805898
-2.857869 -2.831137 -2.790411 -2.863859 -2.750451
-2.83253 -2.736659 -2.797268 -2.886078 -2.909332
-2.727051 -2.80442 -2.816737 -2.762752 -2.815493
-2.894521 -2.837182 -2.856352 -2.851071 -2.902537
-2.844989 -2.813153 -2.865937 -2.848644 -2.799167
-2.773274 -2.80528 -2.738265 -2.820954 -2.887477
-2.799601 -2.864068 -2.909748 -2.899443 -2.944989
-2.853987 -2.81311 -2.827235 -2.776522 -2.834149
-2.812935 -2.937008 -2.79756 -2.834602 -2.89357
-2.782951
