-2.924613 -2.923905 -2.910516 -2.895759 -2.883893
-2.922941 -2.94682 -2.926724 -2.925424 -2.763145
-2.903211 -2.941695 -2.904436 -2.906178 -2.930187
-2.920588 -2.910121 -2.901025 -2.868746 -2.913961
-2.959347 -2.908431 -2.921205 -2.856947 -2.846757
-2.914848 -2.754792 -2.937564 -2.92191 -2.958104
-2.93323 -2.861075 -2.893317 -2.882969 -2.926998
-2.937112 -2.920181 -2.904848 -2.941862 -2.97095
-2.93426 -2.909557 -2.882714 -2.953608 -2.777265
-2.9142 -2.933843 -2.917107 -2.914133 -2.951126
-2.917797 -2.910448 -2.925499 -2.934 -2.915393
-2.898055 -2.926434 -2.899712 -2.932327 -2.741023
-2.913414 -2.903106 -2.94601 -2.751873 -2.893591
-2.872497 -2.913924 -2.905798 -2.922643 -2.896683
-2.947789 -2.920443 -2.920007 -2.915439 -2.873696
-2.875195 -2.902012 -2.926952 -2.926198 -2.882561
-2.927576 -2.901235 -2.907137 -2.874253 -2.902061
-2.893275 -2.867646 -2.875044 -2.943328 -2.89197
-2.899954 -2.920298 -2.96734 -2.927452 -2.961915
-2.903468 -2.947815 -2.92443 -2.903342 -2.92455
-2.936082 -2.909382 -2.901211 -2.94526 -2.868042
-2.913698 -2.8909 -2.897119 -2.911357 -2.96664
-2.923796 -2.934492 -2.889824 -2.948262 -2.912541
-2.913594 -2.87287 -2.934837 -2.907702 -2.890965
-2.924341 -2.874897 -2.882248 -2.914753 -2.663484
-2.88873 -2.897562 -2.941939 -2.920662 -2.921382
-2.93608 -2.894012 -2.921998 -2.909022 -2.775056
-2.936156 -2.869502 -2.9079 -2.901613 -2.953767
-2.940585 -2.935923 -2.905644 -2.914743 -2.884061
-2.924078 -2.867026 -2.886591 -2.866924 -2.911242
-2.890611 -2.915771 -2.929126 -2.916661 -2.917331
-2.921312 -2.894018 -2.592344 -2.900797 -2.914629
-2.908457 -2.920637 -2.946884 -2.948467 -2.891467
-2.949754 -2.905585 -2.875347 -2.908175 -2.933043
-2.939591 -2.907984 -2.938861 -2.937943 -2.924042
-2.643142 -2.91316 -2.924664 -2.938687 -2.924446
-2.941009 -2.881938 -2.910046 -2.96364 -2.916924
-2.886009 -2.91936 -2.916216 -2.919546 -2.928643
-2.924457 -2.908042 -2.90627 -2.9411 -2.91706
-2.908572 -2.924707 -2.936455 -2.919497 -2.955333
-2.921172
