-2.864992 -2.833272 -2.838142 -2.883294 -2.622307
-2.859896 -2.825416 -2.879706 -2.746282 -2.863688
-2.801316 -2.850174 -2.789416 -2.78835 -2.783939
-2.861583 -2.779054 -2.906488 -2.83269 -2.851481
-2.872416 -2.855134 -2.862803 -2.930836 -2.901458
-2.882677 -2.848202 -2.914261 -2.830173 -2.876704
-2.788489 -2.845944 -2.871991 -2.865652 -2.887606
-2.808238 -2.753652 -2.841916 -2.91067 -2.792489
-2.872435 -2.866668 -2.909973 -2.806587 -2.820769
-2.877195 -2.91826 -2.856381 -2.842494 -2.822563
-2.845797 -2.824995 -2.824028 -2.901051 -2.844441
-2.86715 -2.881221 -2.875574 -2.901838 -2.877004
-2.824947 -2.876901 -2.837477 -2.850056 -2.791783
-2.827254 -2.863496 -2.845555 -2.837392 -2.827672
-2.807858 -2.78893 -2.822745 -2.880014 -2.884944
-2.857025 -2.783514 -2.808819 -2.881807 -2.812816
-2.873101 -2.788089 -2.84771 -2.847569 -2.819756
-2.885929 -2.873365 -2.545722 -2.856218 -2.816649
-2.879676 -2.877163 -2.871773 -2.739831 -2.881076
-2.882351 -2.856106 -2.762022 -2.830486 -2.783645
-2.825144 -2.867683 -2.855217 -2.858922 -2.803827
-2.814177 -2.86903 -2.878182 -2.807345 -2.880961
-2.843507 -2.812256 -2.871703 -2.812677 -2.832269
-2.849908 -2.883411 -2.883743 -2.810109 -2.894851
-2.894948 -2.912952 -2.852307 -2.889547 -2.832267
-2.859665 -2.870449 -2.908249 -2.812772 -2.813349
-2.900809 -2.840376 -2.849606 -2.887386 -2.864117
-2.90147 -2.938391 -2.876896 -2.929578 -2.786843
-2.880829 -2.751357 -2.858429 -2.833253 -2.915253
-2.868628 -2.868548 -2.832678 -2.886178 -2.890437
-2.836444 -2.841033 -2.861578 -2.852034 -2.855848
-2.812092 -2.792289 -2.840614 -2.879331 -2.861587
-2.88478 -2.844944 -2.841677 -2.847757 -2.801634
-2.858604 -2.785726 -2.832356 -2.79349 -2.7822
-2.842132 -2.814281 -2.821537 -2.84429 -2.823556
-2.893574 -2.844074 -2.875169 -2.87838 -2.852391
-2.796728 -2.883316 -2.857188 -2.82895 -2.879887
-2.831793 -2.812024 -2.828424 -2.87906 -2.878169
-2.862 -2.888547 -2.839356 -2.878998 -2.870456
-2.852332 -2.876282 -2.848464 -2.832403 -2.866958
-2.777692
