-2.87256 -2.946566 -2.933138 -2.922484 -2.87259
-2.843253 -2.875852 -2.845024 -2.802019 -2.883088
-2.90609 -2.817068 -2.900278 -2.910788 -2.90353
-2.81335 -2.831569 -2.823595 -2.858626 -2.862508
-2.918096 -2.900906 -2.966262 -2.82783 -2.854746
-2.967449 -2.845999 -2.89389 -2.911781 -2.881336
-2.95508 -2.939256 -2.870423 -2.895925 -2.843133
-2.904075 -2.84242 -2.883264 -2.860546 -2.941422
-2.899404 -2.860722 -2.877897 -2.864624 -2.893844
-2.871075 -2.849762 -2.914102 -2.844153 -2.754021
-2.788721 -2.852013 -2.860905 -2.88646 -2.894391
-2.804688 -2.91321 -2.87836 -2.916559 -2.881205
-2.77689 -2.908557 -2.853074 -2.810042 -2.827904
-2.823278 -2.889081 -2.980034 -2.962431 -2.83593
-2.900356 -2.814964 -2.885509 -2.817404 -2.767934
-2.903891 -2.924544 -2.889768 -2.935408 -2.908967
-2.84479 -2.852192 -2.840159 -2.932417 -2.867223
-2.858411 -2.823574 -2.878247 -2.882006 -2.875599
-2.820203 -2.910336 -2.848681 -2.846956 -2.851957
-2.936525 -2.87291 -2.803647 -2.919796 -2.912739
-2.8488 -2.940425 -2.78501 -2.795819 -2.832458
-2.850756 -2.844336 -2.855133 -2.816843 -2.871976
-2.910516 -2.875553 -2.810448 -2.859578 -2.80316
-2.884494 -2.846296 -2.901015 -2.936738 -2.851043
-2.868035 -2.826894 -2.796299 -2.774278 -2.936155
-2.882919 -2.865878 -2.882817 -2.87724 -2.812562
-2.874213 -2.891746 -2.856365 -2.814831 -2.851525
-2.780522 -2.882212 -2.906191 -2.805086 -2.863653
-2.862172 -2.826107 -2.830911 -2.823999 -2.960315
-2.881766 -2.883943 -2.916477 -2.898531 -2.738342
-2.904483 -2.835881 -2.853132 -2.888395 -2.900604
-2.842956 -2.877025 -2.912973 -2.857443 -2.931945
-2.862243 -2.86052 -2.895233 -2.868277 -2.901832
-2.89362 -2.876111 -2.895824 -2.748353 -2.827603
-2.808455 -2.841047 -2.84274 -2.812047 -2.855714
-2.922107 -2.860152 -2.824412 -2.778709 -2.896253
-2.899612 -2.886796 -2.931268 -2.90612 -2.903041
-2.886054 -2.882887 -2.820527 -2.884528 -2.962025
-2.935984 -2.796071 -2.830617 -2.849243 -2.883551
-2.867034 -2.941265 -2.836875 -2.898901 -2.906972
-2.99258
