-2.864144 -2.864556 -2.878022 -2.850144 -2.878032
-2.397452 -2.94059 -2.845618 -2.863169 -2.870358
-2.821963 -2.843827 -2.698061 -2.907536 -2.592543
-2.355401 -2.873747 -2.861228 -2.81129 -2.852853
-2.853446 -2.845342 -2.818293 -2.86269 -2.82067
-2.815753 -2.811231 -2.779592 -2.892926 -2.856625
-2.351851 -2.868266 -2.789493 -2.909132 -2.918656
-2.912644 -2.856499 -2.859494 -2.891067 -2.798499
-2.758913 -2.834492 -2.888926 -2.512374 -2.802549
-2.401254 -2.903647 -2.888058 -2.897718 -2.848054
-2.863893 -2.337396 -2.900229 -2.850466 -2.899703
-2.83393 -2.830702 -2.851513 -2.85869 -2.866711
-2.817783 -2.783016 -2.774157 -2.870496 -2.839709
-2.898781 -2.832273 -2.842995 -2.793445 -2.883719
-2.818953 -2.847055 -2.837494 -2.802124 -2.815778
-2.85595 -2.846384 -2.326958 -2.449159 -2.886049
-2.844589 -2.243988 -2.816636 -2.899981 -2.877726
-2.86078 -2.790769 -2.84496 -2.816881 -2.887434
-2.864114 -2.892382 -2.872537 -2.826474 -2.835004
-2.839482 -2.870442 -2.803621 -2.820724 -2.875389
-2.888903 -2.851591 -2.898481 -2.869713 -2.859013
-2.853831 -2.802751 -2.598085 -2.889514 -2.859346
-2.858007 -2.77392 -2.579812 -2.882525 -2.862984
-2.915455 -2.645659 -2.905428 -2.882035 -2.888556
-2.834843 -2.870226 -2.849959 -2.843502 -2.862732
-2.886124 -2.85029 -2.871833 -2.798118 -2.879908
-2.80935 -2.837434 -2.422699 -2.908876 -2.839883
-2.250802 -2.85708 -2.864211 -2.835766 -2.845941
-2.882567 -2.905104 -2.346166 -2.855559 -2.828016
-2.888147 -2.88531 -2.871694 -2.86075 -2.858905
-2.905148 -2.842838 -2.161433 -2.809483 -2.757646
-2.852085 -2.863916 -2.82609 -2.850198 -2.85826
-2.941724 -2.855375 -2.81823 -2.895003 -2.838373
-2.900484 -2.791442 -2.857743 -2.880392 -2.834152
-2.845069 -2.567966 -2.852809 -2.917813 -2.888161
-2.889079 -2.776233 -2.848906 -2.889557 -2.918864
-2.880335 -2.891091 -2.866442 -2.695487 -2.88079
-2.862115 -2.868631 -2.776937 -2.83916 -2.887138
-2.701018 -2.809151 -2.881561 -2.870361 -2.55407
-2.872585 -2.832501 -2.846304 -2.909882 -2.833151
-2.818233
