-2.804805 -2.775619 -2.759331 -2.787022 -2.85676
-2.765335 -2.793709 -2.762493 -2.738753 -2.843189
-2.695782 -2.820708 -2.761821 -2.83524 -2.860358
-2.780391 -2.787826 -2.767083 -2.78486 -2.783229
-2.776688 -2.844647 -2.772627 -2.77759 -2.828995
-2.775249 -2.824384 -2.8533 -2.78796 -2.822548
-2.786029 -2.790026 -2.798913 -2.743324 -2.828539
-2.778506 -2.782191 -2.765466 -2.84761 -2.771595
-2.86156 -2.77271 -2.739604 -2.764354 -2.699559
-2.826289 -2.81599 -2.700282 -2.77416 -2.782683
-2.861458 -2.749984 -2.819112 -2.795709 -2.809259
-2.626098 -2.776352 -2.743306 -2.782486 -2.464841
-2.6737 -2.780727 -2.680376 -2.81419 -2.814289
-2.840852 -2.747178 -2.800108 -2.811593 -2.709538
-2.812535 -2.795524 -2.844526 -2.826373 -2.710696
-2.859851 -2.82531 -2.776246 -2.754892 -2.759606
-2.776808 -2.817978 -2.781694 -2.814951 -2.82195
-2.755058 -2.81585 -2.802393 -2.727407 -2.792814
-2.82948 -2.751266 -2.822717 -2.735243 -2.784818
-2.842661 -2.755764 -2.855563 -2.792552 -2.737083
-2.792654 -2.821565 -2.801214 -2.779271 -2.768269
-2.791405 -2.74905 -2.814352 -2.789606 -2.866487
-2.756109 -2.801308 -2.783798 -2.755728 -2.849802
-2.849912 -2.753373 -2.772962 -2.768707 -2.754966
-2.756995 -2.816468 -2.831515 -2.836587 -2.759933
-2.792337 -2.740375 -2.800945 -2.874113 -2.783924
-2.816442 -2.780181 -2.796361 -2.769232 -2.5053
-2.74099 -2.550002 -2.790553 -2.80174 -2.779968
-2.773101 -2.842279 -2.87274 -2.792496 -2.761394
-2.804594 -2.854796 -2.758062 -2.805389 -2.750988
-2.800502 -2.780197 -2.725803 -2.839399 -2.770095
-2.780094 -2.818519 -2.816102 -2.815696 -2.822991
-2.698977 -2.789707 -2.802698 -2.782654 -2.789299
-2.824258 -2.805852 -2.811016 -2.797479 -2.778642
-2.804892 -2.843461 -2.782424 -2.758853 -2.775584
-2.82052 -2.794533 -2.805345 -2.754245 -2.800199
-2.639258 -2.810289 -2.808633 -2.853884 -2.831434
-2.790989 -2.823891 -2.584362 -2.749075 -2.820806
-2.794496 -2.791411 -2.780835 -2.543588 -2.772789
-2.788949 -2.815098 -2.779341 -2.804506 -2.591314
-2.759001
