-2.86956 -2.810606 -2.859784 -2.837437 -2.819869
-2.861551 -2.892545 -2.83181 -2.791991 -2.898853
-2.848904 -2.843872 -2.884457 -2.859712 -2.863018
-2.846355 -2.820026 -2.870524 -2.872853 -2.72868
-2.868721 -2.896321 -2.919913 -2.823442 -2.900172
-2.863931 -2.869081 -2.845154 -2.853926 -2.719019
-2.816077 -2.720533 -2.889387 -2.893953 -2.832392
-2.809063 -2.885239 -2.879065 -2.85171 -2.818561
-2.810498 -2.86748 -2.791593 -2.845231 -2.882119
-2.878635 -2.855518 -2.932715 -2.848168 -2.835626
-2.843392 -2.786958 -2.85807 -2.77416 -2.855119
-2.814813 -2.882167 -2.839337 -2.888336 -2.749899
-2.897665 -2.827275 -2.885991 -2.87479 -2.780818
-2.851902 -2.809017 -2.865064 -2.83485 -2.880532
-2.859182 -2.882885 -2.852137 -2.807749 -2.874832
-2.87399 -2.828199 -2.837666 -2.901113 -2.878139
-2.886585 -2.83001 -2.874026 -2.870985 -2.805329
-2.845424 -2.797881 -2.8827 -2.823457 -2.905675
-2.740827 -2.843005 -2.813844 -2.824628 -2.811331
-2.868381 -2.905827 -2.846446 -2.877863 -2.862126
-2.91567 -2.868372 -2.811311 -2.825441 -2.85796
-2.86784 -2.833444 -2.913318 -2.865503 -2.843956
-2.821194 -2.878078 -2.891395 -2.850149 -2.470307
-2.846207 -2.816253 -2.870785 -2.863052 -2.759872
-2.845622 -2.855931 -2.860042 -2.881087 -2.847052
-2.943351 -2.850086 -2.846184 -2.900345 -2.821267
-2.918686 -2.826529 -2.82861 -2.862684 -2.852018
-2.924636 -2.892167 -2.829756 -2.755018 -2.827047
-2.841229 -2.854336 -2.792084 -2.867851 -2.849413
-2.870877 -2.864705 -2.889294 -2.841405 -2.935429
-2.873756 -2.655559 -2.839633 -2.850912 -2.862661
-2.865267 -2.812569 -2.821884 -2.859529 -2.892339
-2.84357 -2.882748 -2.841482 -2.898811 -2.84977
-2.788433 -2.85136 -2.836299 -2.869018 -2.869853
-2.855854 -2.875045 -2.86334 -2.825915 -2.840284
-2.806254 -2.835224 -2.857191 -2.872747 -2.817455
-2.779381 -2.705862 -2.816127 -2.913378 -2.882202
-2.808893 -2.891779 -2.834317 -2.874991 -2.86614
-2.900171 -2.845523 -2.863571 -2.813151 -2.873849
-2.879642 -2.898238 -2.866538 -2.84742 -2.856063
-2.800781
