-2.832254 -2.850473 -2.860861 -2.814839 -2.79586
-2.863027 -2.796395 -2.839233 -2.780562 -2.825849
-2.827373 -2.792432 -2.783475 -2.804204 -2.819779
-2.84305 -2.916551 -2.83475 -2.818179 -2.796662
-2.873321 -2.788664 -2.894534 -2.828593 -2.871006
-2.822699 -2.850664 -2.83546 -2.794077 -2.750382
-2.799412 -2.819506 -2.834023 -2.898997 -2.771918
-2.828722 -2.902088 -2.92836 -2.782882 -2.8906
-2.904771 -2.798918 -2.865574 -2.819323 -2.776435
-2.812788 -2.814328 -2.786753 -2.836751 -2.835428
-2.848018 -2.863104 -2.78279 -2.717654 -2.826921
-2.76883 -2.855439 -2.857997 -2.83603 -2.823832
-2.868139 -2.842029 -2.90593 -2.855454 -2.817437
-2.809136 -2.769817 -2.842696 -2.821685 -2.858423
-2.751612 -2.864084 -2.861826 -2.902394 -2.776161
-2.809223 -2.719487 -2.946252 -2.824958 -2.830629
-2.834138 -2.834663 -2.899004 -2.789578 -2.806179
-2.890418 -2.800296 -2.886558 -2.843903 -2.802139
-2.820779 -2.816368 -2.807534 -2.85987 -2.863985
-2.850476 -2.817837 -2.792853 -2.846602 -2.826739
-2.872222 -2.850319 -2.810739 -2.830706 -2.793184
-2.773526 -2.812541 -2.774684 -2.854804 -2.780938
-2.872126 -2.707344 -2.788481 -2.834985 -2.783296
-2.784765 -2.801108 -2.781959 -2.814928 -2.898876
-2.823857 -2.777205 -2.84538 -2.84523 -2.823948
-2.807761 -2.804427 -2.836749 -2.824483 -2.869128
-2.882541 -2.860705 -2.842901 -2.901532 -2.738125
-2.865876 -2.788447 -2.820715 -2.798958 -2.814173
-2.791155 -2.826058 -2.861236 -2.827334 -2.83016
-2.817668 -2.869288 -2.823893 -2.821316 -2.842525
-2.90964 -2.865094 -2.864946 -2.785143 -2.833452
-2.820001 -2.883956 -2.8237 -2.875262 -2.825186
-2.809665 -2.851782 -2.866781 -2.83295 -2.802267
-2.815701 -2.836613 -2.801275 -2.852386 -2.839757
-2.804063 -2.847853 -2.775384 -2.852014 -2.763859
-2.87898 -2.790327 -2.823667 -2.878761 -2.809002
-2.916353 -2.791674 -2.800286 -2.762061 -2.743599
-2.827171 -2.771517 -2.900658 -2.767936 -2.836345
-2.773425 -2.842401 -2.804035 -2.795387 -2.827603
-2.772241 -2.826991 -2.822705 -2.783 -2.860944
-2.811938
