-2.861076 -2.829064 -2.861343 -2.822433 -2.899647
-2.902446 -2.869351 -2.922666 -2.840632 -2.86945
-2.873163 -2.834682 -2.895469 -2.835792 -2.823706
-2.828594 -2.911621 -2.826414 -2.822513 -2.836512
-2.766144 -2.878734 -2.762749 -2.822203 -2.843972
-2.854924 -2.821155 -2.906922 -2.89421 -2.875815
-2.847307 -2.839879 -2.782466 -2.866308 -2.461875
-2.828087 -2.923429 -2.871972 -2.826744 -2.913164
-2.793801 -2.912827 -2.850696 -2.835102 -2.844556
-2.888205 -2.829647 -2.826573 -2.858623 -2.839772
-2.876973 -2.861147 -2.88323 -2.840243 -2.806134
-2.854709 -2.843104 -2.822335 -2.918241 -2.909106
-2.848607 -2.829421 -2.848864 -2.86271 -2.693905
-2.869673 -2.827285 -2.87647 -2.829839 -2.918413
-2.851759 -2.863312 -2.825435 -2.838276 -2.85123
-2.839141 -2.845525 -2.846139 -2.815875 -2.754482
-2.819607 -2.831712 -2.87304 -2.831421 -2.891805
-2.857897 -2.881193 -2.884641 -2.855597 -2.836031
-2.877065 -2.828669 -2.836068 -2.855932 -2.904217
-2.44626 -2.853523 -2.823937 -2.786287 -2.852
-2.878819 -2.832185 -2.819144 -2.867896 -2.900409
-2.860575 -2.846083 -2.829425 -2.866561 -2.940966
-2.895913 -2.830485 -2.848561 -2.861477 -2.832795
-2.888693 -2.865102 -2.803879 -2.892169 -2.876252
-2.905167 -2.801846 -2.828514 -2.907705 -2.87206
-2.839836 -2.810169 -2.881373 -2.47123 -2.794542
-2.846606 -2.652651 -2.872164 -2.866742 -2.849566
-2.893037 -2.736396 -2.896696 -2.853522 -2.89275
-2.877532 -2.124096 -2.779832 -2.82851 -2.834911
-2.888386 -2.833163 -2.798025 -2.849697 -2.80282
-2.845182 -2.888704 -2.842108 -2.826111 -2.879306
-2.84858 -2.853628 -2.87373 -2.841063 -2.816456
-2.876573 -2.79825 -2.884788 -2.84483 -2.879392
-2.809244 -2.837982 -2.840916 -2.884589 -2.839451
-2.81245 -2.800386 -2.844962 -2.863422 -2.878963
-2.846397 -2.915801 -2.896888 -2.822098 -2.834786
-2.818568 -2.877447 -2.815481 -2.878724 -2.873058
-2.837024 -2.893302 -2.733023 -2.853862 -2.860938
-2.941666 -2.821027 -2.920824 -2.863575 -2.798905
-2.846341 -2.826473 -2.909738 -2.909427 -2.84704
-2.850284
