-2.858362 -2.835034 -2.213041 -2.80179 -2.814101
-2.842062 -2.83288 -2.718236 -2.833016 -2.809305
-2.876175 -2.871217 -2.775884 -2.807716 -2.820371
-2.817047 -2.842081 -2.891769 -2.899662 -2.73401
-2.89519 -2.815873 -2.842234 -2.834608 -2.792648
-2.896711 -2.911921 -2.875057 -2.900259 -2.807215
-2.815782 -2.886927 -2.838554 -2.804886 -2.91296
-2.910491 -2.860909 -2.893565 -2.508534 -2.848024
-2.808179 -2.831318 -2.794729 -2.826077 -2.371056
-2.890473 -2.88768 -2.834612 -2.807827 -2.874304
-2.820601 -2.843507 -2.892596 -2.815606 -2.921911
-2.862907 -2.844943 -2.883266 -2.934263 -2.859293
-2.88633 -2.808775 -2.883006 -2.848742 -2.794411
-2.897954 -2.874937 -2.843467 -2.846502 -2.782861
-2.825243 -2.753726 -2.754688 -2.898407 -2.853293
-2.937438 -2.884697 -2.627037 -2.888171 -2.902543
-2.810557 -2.768251 -2.822205 -2.841709 -2.69157
-2.873218 -2.802504 -2.832509 -2.805735 -2.821427
-2.804531 -2.881191 -2.904403 -2.841751 -2.807741
-2.790308 -2.883556 -2.848516 -2.834381 -2.751832
-2.814017 -2.858491 -2.93454 -2.855967 -2.804872
-2.917382 -2.823744 -2.872319 -2.864002 -2.821931
-2.843093 -2.790063 -2.830825 -2.819957 -2.874556
-2.823719 -2.892774 -2.835673 -2.847807 -2.792101
-2.813169 -2.803526 -2.851823 -2.899108 -2.855477
-2.846354 -2.850988 -2.841833 -2.816556 -2.838259
-2.820314 -2.922317 -2.913612 -2.806021 -2.875296
-2.849238 -2.838286 -2.849007 -2.834927 -2.816183
-2.936994 -2.828038 -2.863172 -2.778506 -2.834145
-2.89242 -2.854597 -2.837906 -2.424889 -2.87158
-2.908911 -2.817387 -2.861816 -2.78275 -2.80872
-2.849454 -2.816239 -2.799702 -2.87782 -2.762157
-2.849758 -2.818558 -2.703937 -2.812559 -2.866434
-2.7939 -2.816924 -2.851592 -2.835309 -2.826492
-2.85893 -2.877783 -2.834775 -2.825078 -2.822702
-2.777044 -2.955774 -2.875017 -2.805808 -2.764163
-2.923281 -2.861231 -2.899304 -2.836018 -2.917346
-2.839399 -2.865657 -2.831199 -2.871123 -2.841948
-2.865521 -2.843099 -2.744776 -2.808672 -2.81293
-2.836094 -2.822516 -2.794408 -2.791466 -2.689274
-2.854733
