-2.847369 -2.849837 -2.845168 -2.828718 -2.878386
-2.730341 -2.851978 -2.866693 -2.877968 -2.836839
-2.859149 -2.839343 -2.797864 -2.869853 -2.801105
-2.803158 -2.887001 -2.833888 -2.856843 -2.877054
-2.800188 -2.830791 -2.798301 -2.828892 -2.811222
-2.812498 -2.807727 -2.830109 -2.832157 -2.835136
-2.789752 -2.825812 -2.881277 -2.803885 -2.837299
-2.834567 -2.806356 -2.834982 -2.825341 -2.813143
-2.877289 -2.809859 -2.835111 -2.842724 -2.831735
-2.876858 -2.847084 -2.856159 -2.826111 -2.81216
-2.857891 -2.854655 -2.81619 -2.849759 -2.848242
-2.834066 -2.867115 -2.804799 -2.799982 -2.817932
-2.842455 -2.829967 -2.821126 -2.833848 -2.863077
-2.860636 -2.817072 -2.832022 -2.793273 -2.87548
-2.85809 -2.859849 -2.819442 -2.887466 -2.866388
-2.827263 -2.820141 -2.812596 -2.832603 -2.862801
-2.820451 -2.86689 -2.86712 -2.867168 -2.878386
-2.817725 -2.853953 -2.843749 -2.813368 -2.881849
-2.825476 -2.821835 -2.842699 -2.775315 -2.796593
-2.785165 -2.805488 -2.80152 -2.84723 -2.769569
-2.867315 -2.845671 -2.844251 -2.853952 -2.796518
-2.848707 -2.851269 -2.831447 -2.847302 -2.841396
-2.854627 -2.869959 -2.850252 -2.855357 -2.822214
-2.85522 -2.796829 -2.848255 -2.866729 -2.871746
-2.918244 -2.671449 -2.824977 -2.796067 -2.843103
-2.786 -2.792879 -2.882353 -2.823263 -2.61193
-2.855457 -2.814603 -2.825538 -2.845609 -2.918026
-2.78491 -2.858634 -2.823092 -2.833394 -2.762873
-2.800308 -2.791483 -2.847491 -2.802833 -2.807691
-2.844821 -2.848467 -2.796604 -2.849158 -2.798563
-2.82781 -2.847166 -2.849908 -2.833823 -2.817407
-2.821062 -2.835186 -2.822344 -2.831493 -2.902732
-2.816804 -2.834405 -2.821015 -2.852169 -2.849943
-2.869851 -2.820589 -2.859622 -2.856418 -2.832372
-2.863413 -2.797052 -2.834332 -2.850913 -2.837161
-2.868758 -2.820388 -2.806377 -2.86591 -2.779093
-2.824688 -2.838593 -2.815464 -2.844911 -2.855846
-2.826362 -2.846375 -2.844538 -2.813732 -2.840852
-2.858299 -2.837905 -2.8325 -2.83739 -2.868631
-2.765358 -2.833942 -2.880687 -2.828581 -2.785613
-2.8436
