-2.897316 -2.916612 -2.83905 -2.224817 -2.694374
-2.856865 -2.976454 -2.865129 -2.919327 -2.90148
-2.849716 -2.870249 -2.946181 -2.224345 -2.871166
-2.907775 -2.845764 -2.248096 -2.886314 -2.674161
-2.922686 -2.453034 -2.880112 -2.823708 -2.500392
-2.838357 -2.899772 -2.830643 -2.873495 -2.921251
-2.684411 -2.398841 -2.787237 -2.87703 -2.867046
-2.916641 -2.897732 -2.867396 -2.935188 -2.822775
-2.87918 -2.868118 -2.225468 -2.91315 -2.883542
-2.91087 -2.933245 -2.880179 -2.906582 -2.462649
-2.814279 -2.887878 -2.216701 -2.398749 -2.8462
-2.776095 -2.706067 -2.922921 -2.872081 -2.83404
-2.352617 -2.923094 -2.8548 -2.902022 -2.941686
-2.673295 -2.923023 -2.851637 -2.910816 -2.865156
-2.850025 -2.878204 -3.021801 -2.883898 -2.889922
-2.874045 -2.324199 -2.915354 -2.847224 -2.373095
-2.886882 -2.936607 -2.864042 -2.957396 -2.910074
-2.969193 -2.840789 -2.904057 -2.838534 -2.923927
-2.47898 -2.983743 -2.896373 -2.377 -2.796176
-2.89933 -2.84256 -2.905066 -2.80723 -2.346371
-2.823783 -2.911416 -2.864855 -2.825792 -2.849742
-2.921694 -2.88381 -2.960946 -2.915887 -2.903178
-2.718574 -2.844349 -2.389592 -2.874253 -2.882544
-2.622542 -2.855197 -2.870672 -2.800633 -2.390529
-2.816323 -2.819805 -2.885851 -2.870944 -2.903355
-2.83314 -2.848995 -2.241444 -2.619548 -2.8433
-2.633826 -2.353722 -2.933641 -2.651265 -2.972899
-2.830501 -2.816696 -2.945178 -2.905281 -2.906208
-2.90075 -2.382045 -2.931489 -2.276917 -2.878486
-2.845959 -2.88728 -2.715918 -2.318486 -2.199502
-2.774693 -2.902798 -2.594973 -2.901793 -2.843167
-2.856424 -2.880674 -2.961605 -2.909808 -2.972085
-2.523766 -2.855163 -2.901231 -2.216553 -2.917995
-2.788278 -2.908285 -2.896031 -2.889741 -2.910423
-2.833249 -2.906932 -2.349968 -2.887056 -2.453546
-2.928351 -2.512643 -2.860755 -2.754761 -2.862217
-2.796894 -2.80543 -2.944084 -2.886798 -2.305107
-2.900305 -2.881652 -2.886095 -2.930766 -2.940236
-2.92148 -2.815094 -2.91119 -2.879945 -2.863711
-2.85141 -2.646511 -2.834698 -2.658662 -2.893675
-2.847517
