-2.87925 -2.872266 -2.875893 -2.869477 -2.902605
-2.843415 -2.878978 -2.858656 -2.920545 -2.843277
-2.893428 -2.821303 -2.861829 -2.912218 -2.851169
-2.915518 -2.865159 -2.881186 -2.886691 -2.914913
-2.860666 -2.896944 -2.891417 -2.917044 -2.832218
-2.889774 -2.893392 -2.883972 -2.915031 -2.898508
-2.852583 -2.865727 -2.649143 -2.867791 -2.852035
-2.856841 -2.871725 -2.920795 -2.901972 -2.875387
-2.823144 -2.91866 -2.886941 -2.903295 -2.829821
-2.868928 -2.90083 -2.813345 -2.859481 -2.839162
-2.857871 -2.840597 -2.863109 -2.855254 -2.887117
-2.91965 -2.858275 -2.891583 -2.901703 -2.804274
-2.897435 -2.824667 -2.852583 -2.878873 -2.873398
-2.868608 -2.863125 -2.828781 -2.881646 -2.856558
-2.878141 -2.855773 -2.848567 -2.850425 -2.899534
-2.880676 -2.862779 -2.876356 -2.838974 -2.900942
-2.912465 -2.839668 -2.860039 -2.861174 -2.910876
-2.884014 -2.881597 -2.914523 -2.86246 -2.907781
-2.862107 -2.92935 -2.838484 -2.86744 -2.904834
-2.881245 -2.854523 -2.909524 -2.880037 -2.904453
-2.861431 -2.894347 -2.873711 -2.825773 -2.8594
-2.856886 -2.885826 -2.883293 -2.786764 -2.819624
-2.870339 -2.868688 -2.884745 -2.862226 -2.877791
-2.873674 -2.924255 -2.85912 -2.882037 -2.898313
-2.89773 -2.869615 -2.833756 -2.891653 -2.883931
-2.913742 -2.887125 -2.880003 -2.808074 -2.868288
-2.892895 -2.917359 -2.850052 -2.869499 -2.893487
-2.872695 -2.893806 -2.854211 -2.856096 -2.879786
-2.874041 -2.899413 -2.877196 -2.913606 -2.859424
-2.880178 -2.861112 -2.883222 -2.879897 -2.867182
-2.832625 -2.866882 -2.858086 -2.826223 -2.870702
-2.904296 -2.921376 -2.82153 -2.858983 -2.864708
-2.89429 -2.913598 -2.886222 -2.874536 -2.866822
-2.862753 -2.857584 -2.880038 -2.910198 -2.863231
-2.858267 -2.881156 -2.886654 -2.888682 -2.89448
-2.851282 -2.903055 -2.850224 -2.827571 -2.825312
-2.908587 -2.890986 -2.896374 -2.902834 -2.900768
-2.878751 -2.884378 -2.894641 -2.86358 -2.872762
-2.849521 -2.826048 -2.905191 -2.856326 -2.844097
-2.856403 -2.894321 -2.85555 -2.859077 -2.875219
-2.868467
