-2.910359 -2.859218 -2.887209 -2.872537 -2.883325
-2.974653 -2.84694 -2.832529 -2.89204 -2.864273
-2.839621 -2.886149 -2.933677 -2.840268 -2.934192
-2.948907 -2.916533 -2.909743 -2.910869 -2.892191
-2.973111 -2.851285 -2.93039 -2.871099 -2.864787
-2.956732 -2.922715 -2.895527 -2.970656 -2.928683
-2.925674 -2.960118 -2.91711 -2.821977 -2.872481
-2.910916 -2.889196 -2.916388 -2.901209 -2.92925
-2.895496 -2.946907 -2.982136 -2.870634 -2.931973
-2.92173 -2.868593 -2.859004 -2.87796 -2.891623
-2.855382 -2.877634 -2.902306 -2.965322 -2.926535
-2.901682 -2.852193 -2.932588 -2.846214 -2.996021
-2.896762 -2.960493 -2.998347 -2.947285 -2.810035
-3.025494 -2.927165 -2.875141 -2.937693 -2.892162
-2.937279 -2.897953 -2.990592 -3.006476 -2.889555
-2.893952 -2.874519 -2.884873 -2.882967 -2.857465
-2.945223 -2.938294 -2.823594 -2.93764 -2.862052
-2.923828 -2.896852 -2.841021 -2.910407 -2.971931
-2.924686 -3.009751 -2.928219 -2.858047 -2.859154
-2.87828 -2.886552 -2.905263 -2.910619 -2.864336
-2.893199 -2.794944 -2.922811 -2.846131 -2.931673
-2.86208 -2.871556 -2.91754 -2.992628 -2.954156
-2.855752 -2.935696 -2.925096 -2.881556 -2.903237
-2.993529 -2.927029 -2.896864 -2.885889 -2.895481
-2.921234 -2.931419 -2.981578 -2.8699 -2.921159
-2.918685 -2.910723 -2.9915 -2.929921 -2.88973
-2.926298 -2.825674 -2.89325 -2.91231 -2.947056
-2.869522 -2.903967 -2.925383 -2.838437 -2.857586
-2.855688 -2.853154 -2.877828 -2.927019 -2.87403
-2.85681 -2.818861 -2.885374 -2.960508 -2.859211
-2.948436 -2.852059 -2.890865 -2.819431 -2.899397
-2.943609 -2.864175 -2.934279 -2.937742 -2.908728
-2.900911 -2.876603 -2.862675 -2.922183 -2.990944
-2.8432 -2.866105 -2.922528 -2.939091 -2.923143
-2.802732 -2.925231 -2.928222 -2.852848 -2.861872
-2.921613 -2.867717 -2.913769 -2.918871 -2.94913
-2.899224 -2.889544 -2.89525 -2.991776 -2.862484
-2.890312 -2.921168 -2.845464 -2.869517 -2.835588
-2.887922 -2.906932 -2.916176 -2.911265 -2.948722
-2.935639 -2.886562 -2.898917 -2.812572 -2.97789
-2.965765
