-2.852788 -2.824432 -2.836327 -2.850849 -2.874584
-2.857288 -2.817678 -2.90258 -2.845701 -2.880636
-2.892121 -2.822277 -2.769663 -2.876818 -2.820788
-2.833378 -2.82659 -2.730197 -2.876878 -2.859099
-2.86331 -2.771807 -2.818979 -2.806963 -2.807315
-2.738635 -2.787386 -2.851091 -2.838726 -2.906654
-2.7912 -2.842773 -2.852628 -2.869991 -2.928568
-2.874446 -2.91397 -2.776406 -2.844954 -2.906454
-2.850808 -2.902051 -2.913174 -2.789246 -2.856421
-2.844448 -2.876508 -2.845798 -2.813764 -2.837833
-2.821517 -2.86183 -2.876559 -2.86265 -2.879082
-2.832889 -2.807751 -2.831414 -2.892161 -2.920569
-2.869895 -2.924036 -2.842756 -2.811057 -2.767384
-2.748576 -2.85995 -2.804451 -2.807125 -2.820609
-2.840951 -2.814899 -2.815914 -2.91795 -2.91911
-2.822996 -2.894076 -2.873562 -2.846365 -2.843263
-2.851735 -2.906939 -2.773094 -2.856401 -2.832266
-2.891162 -2.883993 -2.84579 -2.848845 -2.909539
-2.876473 -2.834796 -2.779655 -2.899837 -2.95269
-2.834249 -2.752747 -2.823457 -2.863909 -2.833985
-2.954641 -2.940337 -2.843577 -2.924195 -2.847348
-2.986138 -2.848297 -2.901183 -2.890086 -2.903
-2.876234 -2.815848 -2.838441 -2.872392 -2.879394
-2.844418 -2.904851 -2.872042 -2.803111 -2.9102
-2.830937 -2.857934 -2.811324 -2.823847 -2.817251
-2.817778 -2.872746 -2.927648 -2.845235 -2.854246
-2.820118 -2.803698 -2.804804 -2.76562 -2.772332
-2.865409 -2.83688 -2.943395 -2.844632 -2.785709
-2.856293 -2.826244 -2.847415 -2.869721 -2.90814
-2.901088 -2.841156 -2.86116 -2.895093 -2.788378
-2.793459 -2.868679 -2.831897 -2.922827 -2.89587
-2.907456 -2.858466 -2.827507 -2.866277 -2.914653
-2.839513 -2.818664 -2.81303 -2.842021 -2.76992
-2.898128 -2.776303 -2.797344 -2.849856 -2.912497
-2.79117 -2.848225 -2.806931 -2.842404 -2.912741
-2.774061 -2.794336 -2.879077 -2.844367 -2.76438
-2.792821 -2.780868 -2.866478 -2.817823 -2.807339
-2.883151 -2.879893 -2.826094 -2.789824 -2.763291
-2.800097 -2.866478 -2.879087 -2.858873 -2.838921
-2.857048 -2.852096 -2.760576 -2.881608 -2.918459
-2.781423
