-2.900322 -2.095539 -2.6211 -2.858282 -2.45843
-2.873867 -2.788791 -2.91942 -2.135189 -2.787649
-2.679622 -2.54326 -2.716841 -2.279946 -2.654676
-2.776786 -2.543517 -2.175625 -2.891471 -2.484019
-2.881913 -2.504681 -2.791182 -2.247059 -2.081536
-2.843547 -2.444308 -2.754058 -2.899352 -2.30083
-2.806261 -2.898816 -2.513081 -2.859093 -2.762667
-2.195355 -2.754193 -2.853237 -2.857211 -2.88248
-2.877982 -2.922676 -2.892405 -2.459182 -2.756059
-2.642217 -2.913282 -2.817648 -2.588259 -2.407496
-2.501144 -2.890034 -2.416518 -2.8959 -2.24566
-2.89786 -2.510845 -2.083316 -2.660465 -2.740887
-2.886673 -2.43429 -2.329013 -2.186706 -2.929861
-2.422461 -2.086944 -2.854833 -2.078581 -2.741123
-2.431949 -2.830864 -2.077278 -2.666352 -2.881434
-2.13608 -2.315806 -2.890251 -2.921443 -2.846639
-2.392842 -2.902145 -2.464053 -2.350811 -2.51414
-2.786366 -2.364748 -2.912868 -2.869537 -2.875416
-2.495304 -2.053709 -2.473109 -2.854643 -2.474219
-2.088931 -2.761485 -2.178586 -2.902196 -2.10541
-2.259863 -2.855151 -2.745615 -2.408929 -2.869938
-2.871709 -2.919541 -2.094048 -2.745308 -2.107555
-2.941226 -2.441404 -2.910822 -2.18889 -2.608289
-2.658578 -2.90947 -2.889277 -2.834889 -2.911618
-2.808109 -2.83693 -2.145024 -2.539414 -2.572878
-2.88137 -2.922444 -2.92029 -2.89434 -2.524712
-2.839242 -2.78985 -2.151286 -2.874188 -2.878339
-2.07113 -2.668743 -2.08428 -2.89085 -2.847869
-2.18961 -2.721602 -2.877678 -2.847595 -2.62922
-2.092072 -2.143665 -2.364765 -2.888045 -2.883514
-2.80976 -2.183697 -2.825337 -2.871805 -2.894454
-2.503623 -2.157899 -2.847349 -2.897546 -2.890597
-2.846199 -2.670699 -2.69836 -2.922276 -2.111546
-2.874435 -2.692253 -2.028305 -2.843971 -2.611267
-2.135485 -2.881183 -2.798246 -2.191678 -2.901425
-2.870559 -2.912359 -2.729217 -2.911104 -2.894928
-2.57934 -2.844922 -2.128879 -2.697478 -2.310106
-2.91735 -2.869726 -2.092575 -2.482586 -2.178899
-2.805973 -2.516236 -2.090886 -2.181475 -2.807941
-2.370911 -2.066441 -2.8723 -2.868026 -2.056617
-2.871565
