-2.799372 -2.770702 -2.766248 -2.772154 -2.784138
-2.840133 -2.816033 -2.744053 -2.683004 -2.799236
-2.787579 -2.810177 -2.795422 -2.76752 -2.784175
-2.851875 -2.78037 -2.793375 -2.810675 -2.769493
-2.785778 -2.804302 -2.807462 -2.749041 -2.775152
-2.763207 -2.75598 -2.857886 -2.78123 -2.767648
-2.808506 -2.822043 -2.721042 -2.801043 -2.801316
-2.772898 -2.778217 -2.828679 -2.822296 -2.785239
-2.777928 -2.771557 -2.773118 -2.750254 -2.767588
-2.8329 -2.760916 -2.820211 -2.756943 -2.753624
-2.755046 -2.865077 -2.829248 -2.748551 -2.803758
-2.800575 -2.800042 -2.804479 -2.763907 -2.795271
-2.792465 -2.80822 -2.778424 -2.780662 -2.82396
-2.842057 -2.799248 -2.787939 -2.825148 -2.788748
-2.801121 -2.845524 -2.826353 -2.788714 -2.803209
-2.791752 -2.796256 -2.801243 -2.801881 -2.796931
-2.823218 -2.810438 -2.820199 -2.772898 -2.786669
-2.841236 -2.779268 -2.797639 -2.794589 -2.774661
-2.75158 -2.72226 -2.767425 -2.862092 -2.78552
-2.751175 -2.849991 -2.833766 -2.812382 -2.834061
-2.84829 -2.818996 -2.772975 -2.807675 -2.767458
-2.782261 -2.781964 -2.816402 -2.844804 -2.729733
-2.811171 -2.796226 -2.798632 -2.820474 -2.822422
-2.798664 -2.824279 -2.774056 -2.860454 -2.824556
-2.801677 -2.855046 -2.775827 -2.769331 -2.802731
-2.805356 -2.821154 -2.727715 -2.810647 -2.8274
-2.784014 -2.783095 -2.782993 -2.73134 -2.819316
-2.821733 -2.810107 -2.727242 -2.80044 -2.819233
-2.757098 -2.775596 -2.759282 -2.794964 -2.85388
-2.814114 -2.728106 -2.776007 -2.765546 -2.786208
-2.77564 -2.800875 -2.776379 -2.863168 -2.818045
-2.741075 -2.815869 -2.783427 -2.850601 -2.765619
-2.774579 -2.768984 -2.75843 -2.778126 -2.85158
-2.768533 -2.8264 -2.800127 -2.799299 -2.851599
-2.749347 -2.744392 -2.80137 -2.786371 -2.798777
-2.833214 -2.803526 -2.830185 -2.781802 -2.801608
-2.814129 -2.751368 -2.773635 -2.787864 -2.797598
-2.83322 -2.760002 -2.779695 -2.795626 -2.807113
-2.785351 -2.794673 -2.802969 -2.855164 -2.836942
-2.793908 -2.803715 -2.792419 -2.816526 -2.841392
-2.804579
