-2.828143 -2.763536 -2.757206 -2.820409 -2.873301
-2.892291 -2.828323 -2.753315 -2.513338 -2.876434
-2.842752 -2.811747 -2.833155 -2.832069 -2.722975
-2.799107 -2.859252 -2.947831 -2.592311 -2.841525
-2.891885 -2.859413 -2.815733 -2.767725 -2.872071
-2.731711 -2.876078 -2.796961 -2.82307 -2.801299
-2.764159 -2.716963 -2.843016 -2.795825 -2.787594
-2.841185 -2.800988 -2.774151 -2.696561 -2.868388
-2.826792 -2.830869 -2.882431 -2.868319 -2.802871
-2.81758 -2.828064 -2.908355 -2.815289 -2.841744
-2.777313 -2.773547 -2.748917 -2.806162 -2.937018
-2.817161 -2.839615 -2.766887 -2.823971 -2.824956
-2.780542 -2.766387 -2.789869 -2.807157 -2.80285
-2.799688 -2.880593 -2.779249 -2.807239 -2.769554
-2.851131 -2.801643 -2.829992 -2.823568 -2.820035
-2.774612 -2.812609 -2.807225 -2.802898 -2.79342
-2.822065 -2.810941 -2.82903 -2.82632 -2.793641
-2.74761 -2.809077 -2.775575 -2.782576 -2.778064
-2.885102 -2.864813 -2.784542 -2.676498 -2.82932
-2.815146 -2.67045 -2.791908 -2.799309 -2.71447
-2.850145 -2.86925 -2.798364 -2.770016 -2.827954
-2.90949 -2.840988 -2.814864 -2.821863 -2.813379
-2.774401 -2.867809 -2.786245 -2.641638 -2.849033
-2.857071 -2.87793 -2.81408 -2.81006 -2.756562
-2.819998 -2.790443 -2.823076 -2.82792 -2.735238
-2.762114 -2.770438 -2.761442 -2.847284 -2.826121
-2.765246 -2.779725 -2.82412 -2.884797 -2.82515
-2.818237 -2.802659 -2.78863 -2.836546 -2.754744
-2.820992 -2.786509 -2.786117 -2.850607 -2.846048
-2.850258 -2.786907 -2.769774 -2.763882 -2.793524
-2.860547 -2.886596 -2.805078 -2.858248 -2.815913
-2.890982 -2.809486 -2.798746 -2.808641 -2.851623
-2.903237 -2.800158 -2.794618 -2.791063 -2.822105
-2.798524 -2.85052 -2.842963 -2.796577 -2.870047
-2.767822 -2.82291 -2.772806 -2.833906 -2.698317
-2.865733 -2.892859 -2.786269 -2.87228 -2.764917
-2.860502 -2.853785 -2.843471 -2.768964 -2.845588
-2.848736 -2.781912 -2.848547 -2.844165 -2.809625
-2.911976 -2.767663 -2.794202 -2.831221 -2.872067
-2.817345 -2.843464 -2.794582 -2.753063 -2.788838
-2.850796
