-2.835575 -2.838415 -2.797034 -2.831244 -2.818708
-2.782314 -2.872353 -2.805523 -2.581899 -2.835004
-2.796604 -2.817132 -2.84664 -2.838616 -2.875374
-2.820438 -2.830803 -2.80838 -2.867681 -2.622126
-2.808146 -2.880809 -2.86744 -2.797803 -2.854572
-2.868667 -2.871386 -2.857487 -2.832533 -2.8578
-2.831901 -2.856232 -2.837191 -2.811989 -2.865933
-2.82768 -2.810118 -2.706864 -2.848404 -2.88065
-2.819877 -2.880615 -2.875318 -2.815421 -2.627051
-2.824755 -2.686328 -2.878343 -2.818242 -2.866007
-2.819243 -2.806454 -2.630069 -2.800971 -2.525402
-2.813834 -2.84568 -2.835105 -2.821768 -2.807909
-2.801441 -2.867409 -2.366496 -2.84073 -2.880307
-2.816627 -2.799189 -2.853088 -2.64555 -2.816748
-2.76724 -2.851195 -2.840074 -2.8567 -2.680277
-2.798273 -2.839629 -2.809378 -2.803187 -2.811701
-2.808994 -2.811554 -2.80187 -2.832286 -2.808934
-2.834065 -2.845922 -2.736569 -2.788323 -2.8056
-2.833611 -2.648997 -2.821692 -2.763383 -2.811033
-2.706439 -2.818396 -2.817815 -2.851734 -2.845698
-2.818278 -2.824872 -2.832307 -2.836971 -2.825387
-2.826988 -2.792708 -2.819231 -2.800983 -2.844994
-2.85187 -2.844278 -2.816114 -2.84456 -2.843306
-2.744697 -2.303008 -2.8469 -2.81773 -2.818812
-2.815809 -2.805956 -2.832277 -2.787116 -2.619807
-2.363499 -2.829115 -2.72981 -2.773649 -2.806894
-2.637087 -2.846525 -2.856021 -2.806177 -2.871279
-2.827128 -2.819334 -2.792675 -2.849949 -2.834694
-2.806274 -2.710835 -2.808013 -2.770241 -2.858851
-2.820573 -2.814471 -2.808629 -2.800778 -2.850036
-2.860477 -2.706256 -2.821355 -2.524625 -2.867199
-2.630926 -2.837013 -2.819122 -2.453619 -2.826568
-2.816316 -2.829413 -2.794497 -2.815304 -2.812829
-2.774276 -2.843559 -2.806571 -2.837335 -2.846819
-2.85649 -2.829577 -2.832016 -2.850392 -2.837615
-2.795015 -2.803775 -2.835533 -2.848154 -2.855959
-2.846097 -2.84391 -2.823329 -2.853948 -2.767999
-2.465531 -2.86899 -2.605721 -2.854741 -2.82471
-2.809529 -2.847744 -2.660203 -2.819395 -2.733207
-2.879084 -2.804213 -2.832394 -2.794372 -2.859983
-2.809272
