-2.862109 -2.830315 -2.844117 -2.848731 -2.873392
-2.90393 -2.857149 -2.848518 -2.785687 -2.868398
-2.865585 -2.915153 -2.796947 -2.849288 -2.860598
-2.879872 -2.859892 -2.834653 -2.871604 -2.868533
-2.842772 -2.872815 -2.859431 -2.865049 -2.801537
-2.861531 -2.907271 -2.83304 -2.90441 -2.822397
-2.897342 -2.854671 -2.858558 -2.836518 -2.895372
-2.879974 -2.809394 -2.821579 -2.859743 -2.806175
-2.886195 -2.807955 -2.858225 -2.811356 -2.879081
-2.889116 -2.849102 -2.847812 -2.880981 -2.830634
-2.849918 -2.927496 -2.884053 -2.890015 -2.855147
-2.855044 -2.833421 -2.881258 -2.834557 -2.805613
-2.880398 -2.857851 -2.861742 -2.833319 -2.797206
-2.834107 -2.928434 -2.881409 -2.878875 -2.890836
-2.897604 -2.771682 -2.867903 -2.782188 -2.824665
-2.836405 -2.806215 -2.824114 -2.840088 -2.828322
-2.82004 -2.798039 -2.837629 -2.765035 -2.878677
-2.836842 -2.873706 -2.829221 -2.87518 -2.838573
-2.835825 -2.818973 -2.860003 -2.855891 -2.861397
-2.874544 -2.908565 -2.848572 -2.909932 -2.806704
-2.85927 -2.88359 -2.866908 -2.841632 -2.804891
-2.879426 -2.868257 -2.82617 -2.883333 -2.83942
-2.858248 -2.897065 -2.825572 -2.810838 -2.836362
-2.790554 -2.801783 -2.832463 -2.809311 -2.892049
-2.835747 -2.911212 -2.817374 -2.88235 -2.859672
-2.828099 -2.850302 -2.866257 -2.881256 -2.848745
-2.831264 -2.8699 -2.841829 -2.760404 -2.860673
-2.848801 -2.839847 -2.89387 -2.837107 -2.785142
-2.879553 -2.922982 -2.882904 -2.775167 -2.880086
-2.879067 -2.855254 -2.82475 -2.861633 -2.88497
-2.912247 -2.789523 -2.830294 -2.898609 -2.835008
-2.89721 -2.86359 -2.793245 -2.868519 -2.822202
-2.881338 -2.808884 -2.82897 -2.863875 -2.88019
-2.866942 -2.797576 -2.853994 -2.877134 -2.888034
-2.891996 -2.84369 -2.93791 -2.862415 -2.811554
-2.905163 -2.89455 -2.877453 -2.860324 -2.906563
-2.802891 -2.735043 -2.8592 -2.836227 -2.841538
-2.817658 -2.860273 -2.869878 -2.888473 -2.890991
-2.844245 -2.84102 -2.825305 -2.792482 -2.803169
-2.838988 -2.833246 -2.872508 -2.923699 -2.816039
-2.844382
