-2.81458 -2.810516 -2.73525 -2.808754 -2.831394
-2.762964 -2.801938 -2.790776 -2.823936 -2.844628
-2.79373 -2.773324 -2.79303 -2.78923 -2.822846
-2.770187 -2.804283 -2.794857 -2.783203 -2.769544
-2.801224 -2.789086 -2.781302 -2.824051 -2.829171
-2.794165 -2.766441 -2.842257 -2.808594 -2.853259
-2.786776 -2.805822 -2.753737 -2.836609 -2.792372
-2.823069 -2.791896 -2.816591 -2.763389 -2.770401
-2.803128 -2.796768 -2.809929 -2.840194 -2.779045
-2.807446 -2.810552 -2.842148 -2.820736 -2.785429
-2.820806 -2.799124 -2.790301 -2.811248 -2.811669
-2.834133 -2.810903 -2.776426 -2.83733 -2.790119
-2.759928 -2.782531 -2.85455 -2.820586 -2.766688
-2.784274 -2.786939 -2.879698 -2.814304 -2.83163
-2.836397 -2.800924 -2.813311 -2.773424 -2.81455
-2.800942 -2.802357 -2.768299 -2.813749 -2.756957
-2.794027 -2.781784 -2.813031 -2.851749 -2.844228
-2.843483 -2.825595 -2.795131 -2.728064 -2.718063
-2.798106 -2.807482 -2.814022 -2.791813 -2.842092
-2.782036 -2.801442 -2.817573 -2.821785 -2.835424
-2.779834 -2.799598 -2.819211 -2.783772 -2.810541
-2.799395 -2.807548 -2.761745 -2.822435 -2.805611
-2.81296 -2.801468 -2.808556 -2.774814 -2.818697
-2.804263 -2.82534 -2.856886 -2.840149 -2.777013
-2.793996 -2.782563 -2.798411 -2.811319 -2.799428
-2.847621 -2.813941 -2.827059 -2.804046 -2.804024
-2.785894 -2.804762 -2.791091 -2.757172 -2.786733
-2.842681 -2.789555 -2.788134 -2.861538 -2.807533
-2.796802 -2.794002 -2.777273 -2.800543 -2.791648
-2.854014 -2.805901 -2.79074 -2.840132 -2.806906
-2.82678 -2.802484 -2.827763 -2.821636 -2.784326
-2.791016 -2.760733 -2.80089 -2.767173 -2.799899
-2.77599 -2.798717 -2.805346 -2.823313 -2.785857
-2.763083 -2.826754 -2.802313 -2.787757 -2.768755
-2.813624 -2.807655 -2.717227 -2.844954 -2.815005
-2.84374 -2.812469 -2.774725 -2.84844 -2.808274
-2.786538 -2.752506 -2.753075 -2.802981 -2.780016
-2.797149 -2.81593 -2.795594 -2.778556 -2.824739
-2.851073 -2.820922 -2.819889 -2.807964 -2.805047
-2.76457 -2.794783 -2.82392 -2.797085 -2.815329
-2.818706
