-2.864819 -2.839782 -2.82773 -2.867792 -2.848295
-2.847118 -2.894895 -2.859994 -2.841789 -2.846277
-2.874487 -2.825939 -2.849299 -2.865686 -2.875724
-2.841793 -2.870276 -2.827386 -2.872428 -2.872953
-2.849348 -2.871617 -2.84394 -2.847944 -2.875895
-2.815259 -2.860059 -2.869625 -2.869588 -2.827363
-2.861404 -2.83139 -2.858607 -2.844108 -2.871568
-2.854638 -2.868806 -2.840865 -2.82939 -2.865716
-2.877437 -2.857527 -2.832852 -2.887076 -2.851268
-2.85013 -2.83137 -2.859592 -2.878236 -2.887076
-2.870471 -2.849928 -2.861431 -2.873217 -2.875292
-2.879331 -2.859704 -2.866896 -2.843691 -2.85351
-2.868771 -2.805279 -2.882169 -2.854 -2.855954
-2.827306 -2.892202 -2.863602 -2.847582 -2.861991
-2.880258 -2.847587 -2.849333 -2.843244 -2.832486
-2.830916 -2.847741 -2.872665 -2.857235 -2.84089
-2.814968 -2.859074 -2.829873 -2.891118 -2.863854
-2.846728 -2.899224 -2.877453 -2.861035 -2.885346
-2.84777 -2.904225 -2.859721 -2.882534 -2.910716
-2.854629 -2.866562 -2.832396 -2.853839 -2.840063
-2.888776 -2.892087 -2.857224 -2.828305 -2.841818
-2.868509 -2.905842 -2.854306 -2.829507 -2.853114
-2.845474 -2.879902 -2.859229 -2.843301 -2.852922
-2.83536 -2.842674 -2.82941 -2.850979 -2.829743
-2.85431 -2.8829 -2.871473 -2.838098 -2.838795
-2.883148 -2.861038 -2.806346 -2.860728 -2.853763
-2.852143 -2.848527 -2.851194 -2.845946 -2.851165
-2.847125 -2.858277 -2.884812 -2.880861 -2.881617
-2.828387 -2.861971 -2.877645 -2.846259 -2.86545
-2.869943 -2.846021 -2.848758 -2.848287 -2.849155
-2.87948 -2.862208 -2.856588 -2.871332 -2.851031
-2.862535 -2.866758 -2.867171 -2.886712 -2.857746
-2.834611 -2.839075 -2.851038 -2.879724 -2.848628
-2.817427 -2.847057 -2.861885 -2.871437 -2.855766
-2.819646 -2.849793 -2.825144 -2.855481 -2.862617
-2.855855 -2.832142 -2.859141 -2.866284 -2.874092
-2.860027 -2.84261 -2.857747 -2.856431 -2.888118
-2.864194 -2.861094 -2.850577 -2.83861 -2.871093
-2.861228 -2.872615 -2.865338 -2.859719 -2.884475
-2.883095 -2.889182 -2.850913 -2.881329 -2.870074
-2.838968
