-2.856692 -2.745413 -2.876313 -2.754687 -2.095515
-2.762146 -2.356496 -2.856447 -2.866835 -2.147536
-2.835882 -2.242404 -2.761354 -2.605698 -2.865717
-2.785402 -2.88893 -2.754323 -2.896232 -2.882216
-2.164211 -2.866348 -2.830454 -2.890938 -2.760158
-2.44227 -2.801583 -2.199767 -2.255824 -2.259732
-2.283346 -2.814733 -2.831579 -2.855672 -2.796198
-2.858588 -2.833347 -2.271069 -2.580599 -2.813108
-2.219998 -2.221608 -2.814861 -2.777593 -2.222664
-2.223843 -2.367801 -2.805814 -2.786326 -2.674079
-2.671325 -2.899261 -2.896284 -2.406591 -2.465955
-2.581684 -2.301895 -2.810013 -2.799485 -2.265519
-2.200864 -2.279937 -2.594722 -2.797626 -2.805363
-2.809302 -2.498934 -2.807204 -2.208576 -2.624961
-2.833335 -2.166356 -2.8656 -2.705381 -2.821401
-2.861589 -2.782184 -2.198791 -2.48431 -2.765721
-2.568346 -2.242741 -2.793474 -2.801387 -2.332627
-2.25906 -2.919799 -2.290068 -2.340373 -2.842948
-2.859423 -2.87592 -2.388045 -2.798357 -2.825144
-2.180482 -2.276693 -2.852045 -2.25703 -2.830227
-2.671216 -2.591048 -2.549126 -2.855494 -2.731934
-2.302438 -2.44881 -2.193671 -2.675021 -2.335114
-2.294558 -2.770387 -2.556142 -2.602494 -2.799026
-2.79221 -2.896714 -2.249559 -2.295139 -2.814646
-2.841878 -2.473728 -2.568224 -2.202007 -2.80328
-2.464936 -2.833012 -2.586516 -2.829723 -2.874601
-2.861076 -2.549355 -2.338264 -2.30593 -2.847218
-2.586194 -2.376085 -2.347787 -2.414383 -2.791137
-2.557673 -2.828673 -2.294743 -2.824561 -2.894351
-2.151083 -2.377764 -2.88894 -2.585712 -2.663942
-2.338466 -2.895535 -2.322413 -2.632391 -2.82833
-2.830885 -2.80171 -2.623114 -2.220426 -2.751263
-2.893784 -2.416801 -2.440636 -2.114976 -2.866838
-2.408501 -2.25902 -2.186463 -2.33383 -2.767969
-2.360003 -2.907777 -2.89177 -2.354261 -2.844359
-2.84583 -2.326403 -2.87097 -2.336185 -2.787617
-2.324973 -2.31071 -2.718448 -2.833165 -2.416382
-2.542419 -2.415278 -2.835936 -2.836313 -2.911067
-2.426247 -2.664357 -2.818651 -2.767283 -2.693654
-2.778538 -2.226931 -2.82983 -2.800606 -2.834057
-2.414002
