-2.82831 -2.80277 -2.807751 -2.804178 -2.793535
-2.814612 -2.809174 -2.85569 -2.848882 -2.789644
-2.845401 -2.819709 -2.836386 -2.793889 -2.816078
-2.779539 -2.763954 -2.898125 -2.812245 -2.820271
-2.79997 -2.850171 -2.682472 -2.832597 -2.747805
-2.798605 -2.830252 -2.830977 -2.809131 -2.83853
-2.818108 -2.826076 -2.818975 -2.82445 -2.817544
-2.770729 -2.839979 -2.839215 -2.850033 -2.826148
-2.80182 -2.830073 -2.834978 -2.81626 -2.788215
-2.859465 -2.830634 -2.811888 -2.80209 -2.830958
-2.846764 -2.810901 -2.826026 -2.846682 -2.828897
-2.841702 -2.825978 -2.875794 -2.81239 -2.845238
-2.838755 -2.788532 -2.804316 -2.779726 -2.687951
-2.79591 -2.807648 -2.808651 -2.844509 -2.818932
-2.791298 -2.829213 -2.77919 -2.681801 -2.827137
-2.836435 -2.811872 -2.821212 -2.810304 -2.827707
-2.795041 -2.821822 -2.849159 -2.855789 -2.837279
-2.813474 -2.848044 -2.81248 -2.831327 -2.809034
-2.802405 -2.830094 -2.799895 -2.83186 -2.793368
-2.836516 -2.810357 -2.790163 -2.824476 -2.843427
-2.876037 -2.821524 -2.847112 -2.793013 -2.828666
-2.72301 -2.827646 -2.577535 -2.798369 -2.800464
-2.825726 -2.841717 -2.858612 -2.847544 -2.824323
-2.796147 -2.844784 -2.825562 -2.815473 -2.807688
-2.814335 -2.842886 -2.82416 -2.800939 -2.774032
-2.771364 -2.823535 -2.829189 -2.832241 -2.816032
-2.785164 -2.784941 -2.791051 -2.792859 -2.810648
-2.809198 -2.800251 -2.810156 -2.833475 -2.78846
-2.847725 -2.792319 -2.83462 -2.789645 -2.818311
-2.797406 -2.834173 -2.748917 -2.860433 -2.843909
-2.830571 -2.80161 -2.806879 -2.811702 -2.792867
-2.808684 -2.862973 -2.871861 -2.846883 -2.833178
-2.793739 -2.799252 -2.816821 -2.826984 -2.797573
-2.806209 -2.815776 -2.785973 -2.819308 -2.819739
-2.760981 -2.8029 -2.827765 -2.834673 -2.85521
-2.770817 -2.820331 -2.803995 -2.836738 -2.763573
-2.807983 -2.830403 -2.855095 -2.574365 -2.80759
-2.821437 -2.847848 -2.851596 -2.841673 -2.760877
-2.845579 -2.828316 -2.819939 -2.831188 -2.78742
-2.673401 -2.854895 -2.830895 -2.814913 -2.713782
-2.806187
