-2.926703 -2.915924 -2.934146 -2.893805 -2.930309
-2.883801 -2.921211 -2.938879 -2.88673 -2.915324
-2.939421 -2.876112 -2.917145 -2.894874 -2.894192
-2.923966 -2.758622 -2.919281 -2.91873 -2.927853
-2.906663 -2.928731 -2.825378 -2.903197 -2.925468
-2.90135 -2.9005 -2.906173 -2.906513 -2.745163
-2.913093 -2.888171 -2.923602 -2.920941 -2.915852
-2.936668 -2.924969 -2.923149 -2.927738 -2.888348
-2.894928 -2.90201 -2.920597 -2.925507 -2.879159
-2.885376 -2.962088 -2.883575 -2.908378 -2.906502
-2.949011 -2.89831 -2.952153 -2.92507 -2.900875
-2.881386 -2.802482 -2.924935 -2.918034 -2.925064
-2.921682 -2.902879 -2.911046 -2.921784 -2.939301
-2.935978 -2.925223 -2.919819 -2.799918 -2.910395
-2.915398 -2.894927 -2.937578 -2.925284 -2.868298
-2.899321 -2.974964 -2.951449 -2.934167 -2.906596
-2.943774 -2.880998 -2.924886 -2.938596 -2.922935
-2.904361 -2.943615 -2.930843 -2.770128 -2.980767
-2.878591 -2.883238 -2.91573 -2.931991 -2.887799
-2.882924 -2.901402 -2.927034 -2.93539 -2.924724
-2.933042 -2.914139 -2.942959 -2.925963 -2.961998
-2.937746 -2.915465 -2.91332 -2.879453 -2.925432
-2.915835 -2.882457 -2.909447 -2.920919 -2.912818
-2.894805 -2.913029 -2.928052 -3.002449 -2.883984
-2.949707 -2.958831 -2.960749 -2.886382 -2.879658
-2.853683 -2.891348 -2.937266 -2.887008 -2.931588
-2.929785 -2.963044 -2.880181 -2.887445 -2.922439
-2.797543 -2.974692 -2.893886 -2.912191 -2.940134
-2.91223 -2.865435 -2.871514 -2.87606 -2.968168
-2.905293 -2.895175 -2.924086 -2.93424 -2.934959
-2.940641 -2.892833 -2.907159 -2.908819 -2.894474
-2.916098 -2.902678 -2.768655 -2.900245 -2.925077
-2.966319 -2.918676 -2.935072 -2.900129 -2.935957
-2.914418 -2.960794 -2.913226 -2.933633 -2.934945
-2.903309 -2.923054 -2.886134 -2.914544 -2.954637
-2.92115 -2.929552 -2.917411 -2.971107 -2.94342
-2.8853 -2.916753 -2.926608 -2.970593 -2.931619
-2.940832 -2.915056 -2.92598 -2.957799 -2.931321
-2.913645 -2.909768 -2.91608 -2.907256 -2.921908
-2.902278 -2.870424 -2.939603 -2.793429 -2.876113
-2.90582
