-2.840043 -2.789771 -2.763873 -2.15555 -2.646069
-2.800263 -2.74988 -2.797907 -2.55808 -2.778753
-2.802786 -2.941786 -2.634039 -2.826076 -2.14678
-2.555401 -2.476163 -2.368218 -2.544306 -2.844064
-2.562843 -2.900425 -2.453183 -2.758883 -2.788457
-2.650093 -2.847537 -2.961383 -2.480326 -2.806476
-2.559489 -2.776027 -2.494822 -2.666945 -2.61046
-2.761922 -2.813878 -2.893092 -2.864767 -2.886087
-2.826876 -2.736476 -2.410168 -2.607726 -2.837054
-2.768013 -2.728147 -2.835527 -2.636051 -2.702391
-2.423036 -2.632119 -2.845482 -2.616533 -2.565431
-2.477374 -2.871089 -2.581069 -2.815821 -2.46158
-2.847494 -2.790801 -2.730541 -2.526494 -2.431526
-2.752986 -2.766907 -2.707677 -2.701894 -2.77806
-2.881149 -2.587034 -2.858187 -2.873096 -2.853778
-2.584564 -2.851435 -2.542646 -2.839174 -2.845756
-2.738944 -2.427076 -2.81696 -2.903309 -2.780625
-2.818809 -2.61552 -2.375036 -2.884887 -2.69404
-2.422988 -2.744591 -2.85455 -2.834542 -2.496647
-2.810158 -2.777525 -2.385273 -2.77148 -2.45519
-2.752561 -2.302771 -2.36197 -2.742591 -2.700567
-2.811987 -2.880135 -2.384731 -2.81502 -2.488528
-2.781662 -2.833792 -2.4478 -2.616985 -2.355991
-2.615037 -2.835481 -2.563837 -2.501806 -2.705583
-2.837735 -2.688352 -2.275082 -2.2154 -2.869206
-2.422395 -2.870037 -2.529937 -2.860581 -2.537746
-2.737576 -2.647115 -2.863199 -2.808219 -2.804736
-2.256137 -2.537716 -2.634022 -2.723046 -2.671715
-2.450763 -2.859798 -2.440673 -2.240435 -2.86603
-2.488262 -2.442028 -2.703808 -2.809323 -2.737672
-2.479862 -2.542815 -2.763243 -2.797449 -2.696992
-2.78053 -2.835936 -2.577244 -2.76742 -2.335052
-2.884394 -2.846893 -2.472197 -2.468605 -2.410511
-2.826459 -2.692795 -2.480767 -2.798447 -2.399976
-2.739188 -2.565771 -2.552761 -2.817828 -2.828943
-2.86401 -2.731479 -2.843726 -2.511602 -2.771836
-2.461822 -2.791584 -2.826024 -2.620419 -2.851206
-2.860994 -2.838859 -2.744369 -2.851557 -2.648672
-2.760945 -2.816504 -2.841678 -2.845442 -2.872566
-2.57634 -2.752041 -2.872425 -2.787042 -2.776998
-2.898015
