-2.826575 -2.841877 -2.759436 -2.886823 -2.848318
-2.743244 -2.859156 -2.84797 -2.823255 -2.893445
-2.802869 -2.82578 -2.850423 -2.75885 -2.759784
-2.794642 -2.750982 -2.811929 -2.804369 -2.836502
-2.860247 -2.71286 -2.803383 -2.856311 -2.726679
-2.847891 -2.795378 -2.801408 -2.799801 -2.79637
-2.781746 -2.82901 -2.781721 -2.896021 -2.773902
-2.784129 -2.817744 -2.792585 -2.76117 -2.853191
-2.887169 -2.884301 -2.839114 -2.857729 -2.759205
-2.777548 -2.826757 -2.87445 -2.760554 -2.85187
-2.830646 -2.832512 -2.840976 -2.782836 -2.720759
-2.71684 -2.727338 -2.726651 -2.757421 -2.71087
-2.933708 -2.855723 -2.832125 -2.831025 -2.721222
-2.857455 -2.799984 -2.82329 -2.813189 -2.863424
-2.806957 -2.772024 -2.814328 -2.794618 -2.808672
-2.849063 -2.82311 -2.679959 -2.710792 -2.917888
-2.786145 -2.806025 -2.732794 -2.825537 -2.84003
-2.777451 -2.847447 -2.811688 -2.809597 -2.779982
-2.739361 -2.800336 -2.831739 -2.810892 -2.830862
-2.767261 -2.754513 -2.90532 -2.828458 -2.890885
-2.86846 -2.820709 -2.859014 -2.775606 -2.805506
-2.885521 -2.841635 -2.843939 -2.875927 -2.927592
-2.782763 -2.784171 -2.802897 -2.762808 -2.704099
-2.79321 -2.768995 -2.913162 -2.751865 -2.799417
-2.862235 -2.814704 -2.828866 -2.796843 -2.879919
-2.896241 -2.921021 -2.955968 -2.813596 -2.840185
-2.841647 -2.920696 -2.77836 -2.799938 -2.906847
-2.838881 -2.851367 -2.75006 -2.851997 -2.794454
-2.863905 -2.77525 -2.838898 -2.778179 -2.826302
-2.809401 -2.792551 -2.758445 -2.788708 -2.813225
-2.691482 -2.792025 -2.753892 -2.810302 -2.754418
-2.788747 -2.819234 -2.7805 -2.782894 -2.851776
-2.845891 -2.847829 -2.784616 -2.819841 -2.838643
-2.805699 -2.810461 -2.811625 -2.765639 -2.775788
-2.862137 -2.75333 -2.935225 -2.840625 -2.805897
-2.838627 -2.889411 -2.879786 -2.792707 -2.936299
-2.880899 -2.844516 -2.827198 -2.755934 -2.782364
-2.854493 -2.867851 -2.819733 -2.889201 -2.794379
-2.776692 -2.872139 -2.82522 -2.7878 -2.865109
-2.663801 -2.806582 -2.778216 -2.72165 -2.801693
-2.740577
