-2.79681 -2.760264 -2.79612 -2.645587 -2.753574
-2.751904 -2.820209 -2.762926 -2.760362 -2.804897
-2.853423 -2.839533 -2.831933 -2.799351 -2.813266
-2.838012 -2.766466 -2.768507 -2.760504 -2.782184
-2.641698 -2.785578 -2.773338 -2.757566 -2.743843
-2.774972 -2.749707 -2.786721 -2.818844 -2.777227
-2.764353 -2.760912 -2.766257 -2.701849 -2.805886
-2.767719 -2.80501 -2.770891 -2.852278 -2.805601
-2.843199 -2.802002 -2.75343 -2.783229 -2.738707
-2.798955 -2.82473 -2.746934 -2.750954 -2.759174
-2.757384 -2.828898 -2.754435 -2.758502 -2.750497
-2.846766 -2.603556 -2.82969 -2.797581 -2.832065
-2.715113 -2.722139 -2.737315 -2.849461 -2.703782
-2.750129 -2.847036 -2.840291 -2.784069 -2.832718
-2.796832 -2.808109 -2.841625 -2.780568 -2.76829
-2.754566 -2.765127 -2.78772 -2.693394 -2.750412
-2.79747 -2.804216 -2.788326 -2.738276 -2.736336
-2.765988 -2.756487 -2.691263 -2.755262 -2.76987
-2.819688 -2.790071 -2.753922 -2.784601 -2.758288
-2.58733 -2.747333 -2.488361 -2.731001 -2.849108
-2.810734 -2.723443 -2.823353 -2.765177 -2.776109
-2.863352 -2.814191 -2.816362 -2.837053 -2.684718
-2.859303 -2.807027 -2.818614 -2.743182 -2.323487
-2.789071 -2.807521 -2.719893 -2.834936 -2.757967
-2.808418 -2.75415 -2.790918 -2.819406 -2.830667
-2.790477 -2.87377 -2.744538 -2.780454 -2.756746
-2.812763 -2.763888 -2.747262 -2.917378 -2.86156
-2.732486 -2.789188 -2.798584 -2.821979 -2.753707
-2.734344 -2.837371 -2.760755 -2.764512 -2.862977
-2.749832 -2.56972 -2.712 -2.796383 -2.769869
-2.77673 -2.780087 -2.81862 -2.849041 -2.845383
-2.776077 -2.826368 -2.716819 -2.719649 -2.779189
-2.79577 -2.795919 -2.841433 -2.812899 -2.717958
-2.381294 -2.771551 -2.756646 -2.772925 -2.892515
-2.783898 -2.846474 -2.770493 -2.718144 -2.767026
-2.72682 -2.823853 -2.738025 -2.775725 -2.849589
-2.789031 -2.739041 -2.81361 -2.715942 -2.806159
-2.86322 -2.771707 -2.857816 -2.775047 -2.750703
-2.779072 -2.797746 -2.798994 -2.78956 -2.832315
-2.822423 -2.705545 -2.807956 -2.73004 -2.742705
-2.779248
