-2.890103 -2.88404 -2.857658 -2.801364 -2.833549
-2.874205 -2.500132 -2.85734 -2.859115 -2.8855
-2.90097 -2.841957 -2.826942 -2.848209 -2.868524
-2.878397 -2.674268 -2.535685 -2.862145 -2.449737
-2.671862 -2.779164 -2.849681 -2.875126 -2.867704
-2.858153 -2.868285 -2.822018 -2.886411 -2.901687
-2.81807 -2.878817 -2.686135 -2.833429 -2.899362
-2.751263 -2.87642 -2.852166 -2.888641 -2.267472
-2.855757 -2.880907 -2.500972 -2.907121 -2.828964
-2.578998 -2.832479 -2.89424 -2.781828 -2.890628
-2.843923 -2.853499 -2.797366 -2.485531 -2.434272
-2.859427 -2.873046 -2.832122 -2.826788 -2.874759
-2.618823 -2.90741 -2.857328 -2.83955 -2.864273
-2.865825 -2.844653 -2.807903 -2.926167 -2.831306
-2.86352 -2.878475 -2.93392 -2.629795 -2.876398
-2.881595 -2.8537 -2.711811 -2.853641 -2.868014
-2.936356 -2.817714 -2.487955 -2.847312 -2.406591
-2.325078 -2.870012 -2.890377 -2.738169 -2.87769
-2.900559 -2.667516 -2.886214 -2.764134 -2.869624
-2.529897 -2.751655 -2.589299 -2.336996 -2.866074
-2.858494 -2.853421 -2.871618 -2.933612 -2.862232
-2.832403 -2.858448 -2.905955 -2.862381 -2.859517
-2.856698 -2.880266 -2.848435 -2.618664 -2.843904
-2.819712 -2.548499 -2.908528 -2.915343 -2.852542
-2.530764 -2.776703 -2.862575 -2.576218 -2.513671
-2.751987 -2.895809 -2.838794 -2.879032 -2.862689
-2.645907 -2.782228 -2.891073 -2.849643 -2.626918
-2.846609 -2.659674 -2.910067 -2.801017 -2.8603
-2.909644 -2.888497 -2.863665 -2.861823 -2.880734
-2.883112 -2.927099 -2.842929 -2.818459 -2.863586
-2.801795 -2.934524 -2.874968 -2.871313 -2.886948
-2.775785 -2.891647 -2.879053 -2.858994 -2.874851
-2.857942 -2.770519 -2.797961 -2.712341 -2.866951
-2.885263 -2.88896 -2.879137 -2.92293 -2.845521
-2.596334 -2.679534 -2.825519 -2.814391 -2.831207
-2.715306 -2.913897 -2.878598 -2.776999 -2.929362
-2.847276 -2.893716 -2.62416 -2.890607 -2.869066
-2.865403 -2.74335 -2.815826 -2.854506 -2.670583
-2.87516 -2.718601 -2.88799 -2.259217 -2.86333
-2.850147 -2.795425 -2.880645 -2.843087 -2.876238
-2.869887
