-2.844324 -2.859924 -2.873741 -2.855451 -2.816124
-2.873693 -2.901346 -2.882665 -2.857709 -2.830691
-2.84685 -2.81788 -2.88673 -2.80239 -2.749045
-2.846424 -2.89914 -2.900915 -2.807476 -2.823639
-2.873567 -2.838593 -2.859877 -2.846404 -2.878785
-2.869211 -2.928918 -2.864299 -2.869337 -2.817108
-2.873643 -2.827664 -2.830482 -2.757852 -2.888545
-2.831667 -2.828284 -2.830875 -2.775337 -2.862791
-2.790901 -2.829164 -2.897663 -2.85386 -2.847908
-2.814798 -2.797409 -2.87084 -2.827602 -2.855216
-2.870182 -2.888731 -2.776834 -2.872117 -2.818982
-2.911678 -2.857653 -2.787924 -2.847404 -2.927519
-2.930593 -2.807308 -2.859599 -2.824723 -2.810555
-2.821158 -2.780415 -2.919623 -2.807087 -2.7989
-2.841465 -2.810729 -2.85358 -2.83273 -2.860345
-2.838677 -2.82529 -2.778277 -2.84315 -2.824534
-2.798517 -2.782457 -2.853122 -2.89458 -2.842539
-2.801774 -2.943935 -2.804443 -2.851775 -2.855866
-2.834079 -2.798665 -2.81817 -2.804174 -2.776365
-2.828325 -2.850324 -2.906421 -2.792549 -2.870503
-2.85497 -2.850094 -2.926091 -2.838634 -2.769207
-2.842139 -2.85099 -2.84818 -2.840552 -2.932065
-2.812737 -2.84808 -2.820779 -2.891886 -2.75338
-2.847477 -2.821884 -2.872534 -2.836508 -2.837373
-2.909528 -2.931873 -2.855115 -2.851809 -2.836195
-2.878197 -2.881686 -2.8157 -2.841265 -2.855459
-2.825192 -2.84068 -2.844017 -2.842309 -2.863168
-2.847639 -2.775041 -2.880176 -2.842697 -2.876314
-2.868557 -2.915482 -2.800397 -2.775402 -2.920629
-2.85266 -2.786016 -2.79657 -2.945705 -2.899501
-2.808448 -2.867078 -2.780152 -2.885459 -2.892706
-2.825349 -2.848557 -2.801902 -2.835431 -2.757516
-2.854021 -2.869647 -2.862645 -2.75779 -2.844069
-2.846129 -2.835969 -2.894919 -2.867704 -2.831775
-2.911969 -2.932191 -2.835971 -2.742182 -2.847653
-2.939515 -2.865853 -2.774188 -2.891813 -2.870003
-2.909844 -2.873432 -2.830791 -2.787888 -2.854772
-2.913119 -2.857978 -2.833138 -2.869368 -2.909054
-2.824636 -2.893759 -2.896622 -2.878181 -2.878859
-2.809369 -2.830559 -2.816634 -2.824061 -2.842489
-2.82173
