-2.861031 -2.847096 -2.837165 -2.902426 -2.820697
-2.902695 -2.810042 -2.894302 -2.862615 -2.899137
-2.830974 -2.86978 -2.899155 -2.848859 -2.884941
-2.820843 -2.875874 -2.884808 -2.870272 -2.8567
-2.885676 -2.809997 -2.866528 -2.86371 -2.880456
-2.848065 -2.892599 -2.846258 -2.833616 -2.801094
-2.906794 -2.896986 -2.793543 -2.84077 -2.92163
-2.908934 -2.852373 -2.882835 -2.820836 -2.831048
-2.840042 -2.878973 -2.845611 -2.847907 -2.875175
-2.847792 -2.827306 -2.887602 -2.887814 -2.816031
-2.815833 -2.872712 -2.814504 -2.834597 -2.74348
-2.829398 -2.817369 -2.852445 -2.909414 -2.845492
-2.868754 -2.890064 -2.902706 -2.845888 -2.924226
-2.86784 -2.896146 -2.879684 -2.873349 -2.846617
-2.805509 -2.836256 -2.805196 -2.860625 -2.898817
-2.867396 -2.80832 -2.855311 -2.841083 -2.852752
-2.844803 -2.898883 -2.814176 -2.85101 -2.808135
-2.871704 -2.863714 -2.828093 -2.861402 -2.898306
-2.822268 -2.843052 -2.913994 -2.84634 -2.832468
-2.888916 -2.85107 -2.872518 -2.842426 -2.813408
-2.86839 -2.87096 -2.842106 -2.947826 -2.86734
-2.865466 -2.748082 -2.830344 -2.882639 -2.851864
-2.797163 -2.855307 -2.780456 -2.823626 -2.871177
-2.85897 -2.822202 -2.889044 -2.924863 -2.87056
-2.920847 -2.889644 -2.823013 -2.891971 -2.911811
-2.787386 -2.880233 -2.89787 -2.89509 -2.801137
-2.842154 -2.932411 -3.012229 -2.866341 -2.790133
-2.883788 -2.877145 -2.809582 -2.750781 -2.791177
-2.883555 -2.871052 -2.934015 -2.864236 -2.87428
-2.883318 -2.867491 -2.839276 -2.863896 -2.859335
-2.831449 -2.874405 -2.855926 -2.860992 -2.930403
-2.842871 -2.877503 -2.814443 -2.87726 -2.883536
-2.852965 -2.858479 -2.87534 -2.861 -2.866533
-2.846741 -2.829487 -2.821958 -2.785317 -2.831172
-2.836009 -2.827917 -2.909861 -2.864046 -2.83268
-2.906189 -2.846229 -2.898851 -2.823896 -2.849347
-2.872224 -2.887561 -2.908022 -2.882567 -2.862571
-2.856617 -2.877238 -2.900493 -2.846616 -2.854582
-2.856362 -2.829881 -2.800389 -2.832168 -2.843281
-2.875273 -2.874738 -2.854259 -2.820832 -2.934423
-2.873621
