-2.938512 -2.911122 -2.929709 -2.896601 -2.964027
-2.922072 -2.907747 -2.956433 -2.959313 -2.971081
-2.915289 -2.87533 -2.947262 -2.896455 -2.911275
-2.968847 -2.971852 -2.917375 -2.907982 -2.91696
-2.993375 -2.943763 -2.882636 -2.941491 -2.909856
-2.919023 -2.971547 -2.951716 -2.934686 -2.903505
-2.879222 -2.955775 -2.93506 -2.929762 -2.912145
-2.927941 -2.925611 -2.943802 -2.8762 -2.905404
-2.924525 -2.902135 -2.952347 -2.916189 -2.954928
-2.922329 -2.943953 -2.96559 -2.993604 -2.904951
-2.905193 -2.979628 -2.865256 -2.923302 -2.847388
-2.892829 -2.99357 -2.91562 -2.899569 -2.888697
-2.951139 -2.937198 -2.899575 -2.909082 -2.986243
-2.900929 -2.91131 -2.92729 -2.903289 -2.869001
-2.905727 -2.919606 -2.963291 -2.859489 -2.913002
-2.983811 -2.915811 -2.875159 -2.911017 -2.972823
-2.891467 -2.960336 -2.929567 -2.890459 -2.914479
-2.898485 -2.928684 -2.916544 -2.864194 -2.937316
-2.895789 -2.92577 -2.889345 -2.879491 -2.92492
-2.92627 -2.915185 -2.897652 -2.929102 -2.907836
-2.943622 -2.866837 -2.944269 -2.903213 -3.00267
-2.895112 -2.926655 -2.88465 -2.942961 -2.971131
-2.924379 -2.913744 -2.944784 -2.976533 -2.875589
-2.958412 -2.857751 -2.911622 -3.000874 -2.902662
-2.915836 -2.96654 -2.922536 -2.869494 -2.931858
-2.904416 -2.897935 -2.930091 -2.942952 -2.908948
-2.881628 -2.957695 -2.938872 -2.930902 -2.950036
-2.90785 -2.926908 -2.886852 -2.945007 -2.923361
-2.896315 -2.95168 -2.985826 -2.942438 -2.97182
-2.918313 -2.922448 -2.968312 -2.94112 -2.885323
-2.934175 -2.959202 -2.87947 -2.909018 -2.938885
-2.946738 -2.920293 -2.857452 -2.935493 -2.885197
-2.912343 -2.975455 -2.922154 -2.882044 -2.957017
-2.959917 -2.960053 -2.904159 -2.908989 -2.939413
-2.971774 -2.993574 -2.966369 -2.896986 -2.900017
-2.915249 -2.936599 -2.867652 -2.896078 -2.942373
-2.947443 -2.935466 -2.931819 -2.897821 -2.915415
-2.959729 -2.946654 -2.900111 -2.933522 -2.955356
-2.914474 -2.960256 -2.860686 -2.952698 -2.890678
-2.785768 -2.753519 -2.953071 -2.897011 -2.895706
-2.944861
