-2.904379 -2.867106 -2.941969 -2.869734 -2.853764
-2.957561 -2.834928 -2.872523 -2.905494 -2.539302
-2.850247 -2.887147 -2.893795 -2.575702 -2.533718
-2.945658 -2.451366 -2.854809 -2.907232 -2.981206
-2.909507 -2.870199 -2.908619 -2.895694 -2.916197
-2.891849 -2.914758 -2.966268 -2.915783 -2.86701
-2.843764 -2.861495 -2.919513 -2.673696 -2.883113
-2.917141 -2.902771 -2.88395 -2.535566 -2.342368
-2.892401 -2.88116 -2.771323 -2.942063 -2.842105
-2.847976 -2.943444 -2.912404 -2.872507 -2.470685
-2.923112 -2.897218 -2.866871 -2.95637 -2.913925
-2.939438 -2.901367 -2.613276 -2.862507 -2.851523
-2.900257 -2.921097 -2.934938 -2.897957 -2.849548
-2.938401 -2.900227 -2.799909 -2.738405 -2.873694
-2.942635 -2.448156 -2.503927 -2.853586 -2.707154
-2.836918 -2.850346 -2.551667 -2.538035 -2.864739
-2.932995 -2.829788 -2.861279 -2.823762 -2.889901
-2.883521 -2.843818 -2.89482 -2.742762 -2.864785
-2.937578 -2.869948 -2.908136 -2.681536 -2.945912
-2.848565 -2.921153 -2.899848 -2.918134 -2.890255
-2.906157 -2.834239 -2.923563 -2.921974 -2.854038
-2.888865 -2.899938 -2.305642 -2.924211 -2.735659
-2.931126 -2.873481 -2.700789 -2.511734 -2.911523
-2.863953 -2.944128 -2.852026 -2.87139 -2.913822
-2.932352 -2.922003 -2.911575 -2.931917 -2.778465
-2.433726 -2.902045 -2.852269 -2.885868 -2.47653
-2.901295 -2.961416 -2.372461 -2.411251 -2.89556
-2.85448 -2.909766 -2.357028 -2.85967 -2.904523
-2.937489 -2.893555 -2.493357 -2.884549 -2.81095
-2.786323 -2.911912 -2.577878 -2.889045 -2.880051
-2.834064 -2.854388 -2.903062 -2.924839 -2.894489
-2.805418 -2.386201 -2.870719 -2.940079 -2.267431
-2.593813 -2.888089 -2.883163 -2.831074 -2.374627
-2.985725 -2.902552 -2.805946 -2.895744 -2.903517
-2.917271 -2.890551 -2.6203 -2.906048 -2.849599
-2.912519 -2.916893 -2.378731 -2.933981 -2.864625
-2.524338 -2.915235 -2.926844 -2.895501 -2.315946
-2.940391 -2.840581 -2.539149 -2.925903 -2.886585
-2.888918 -2.433079 -2.948871 -2.960251 -2.933433
-2.92947 -2.889927 -2.942309 -2.458341 -2.894592
-2.927858
