-2.883759 -2.865039 -2.884721 -2.87241 -2.875758
-2.839125 -2.903289 -2.872521 -2.853116 -2.876861
-2.874254 -2.889261 -2.870134 -2.826565 -2.894637
-2.822246 -2.908481 -2.837207 -2.88774 -2.90003
-2.889411 -2.887723 -2.850761 -2.869315 -2.857841
-2.840898 -2.833601 -2.910923 -2.900774 -2.869968
-2.871242 -2.860774 -2.867537 -2.832797 -2.810213
-2.854284 -2.912822 -2.854812 -2.893278 -2.866559
-2.855445 -2.921287 -2.812469 -2.848706 -2.858127
-2.835094 -2.934026 -2.862637 -2.856188 -2.845068
-2.897924 -2.857268 -2.867213 -2.836137 -2.845672
-2.867837 -2.847463 -2.909258 -2.856099 -2.804911
-2.881515 -2.867973 -2.804668 -2.901008 -2.935971
-2.823842 -2.890966 -2.856959 -2.820637 -2.865343
-2.863 -2.895682 -2.826766 -2.87251 -2.872849
-2.862592 -2.887512 -2.871809 -2.833981 -2.902205
-2.964654 -2.851699 -2.879095 -2.83803 -2.915828
-2.93588 -2.873108 -2.915838 -2.846084 -2.829784
-2.967373 -2.850783 -2.863995 -2.870949 -2.843999
-2.914264 -2.828138 -2.828847 -2.888451 -2.769398
-2.918784 -2.886216 -2.867328 -2.892696 -2.892329
-2.867808 -2.933444 -2.922108 -2.791083 -2.845677
-2.860627 -2.791841 -2.833727 -2.879247 -2.867701
-2.904637 -2.764706 -2.842311 -2.862423 -2.872493
-2.840206 -2.908176 -2.895446 -2.855432 -2.821879
-2.837864 -2.873212 -2.888104 -2.853891 -2.812043
-2.848606 -2.868637 -2.854941 -2.860308 -2.817215
-2.921747 -2.848339 -2.867242 -2.882063 -2.847268
-2.791984 -2.893603 -2.823496 -2.895783 -2.891821
-2.905671 -2.96415 -2.883257 -2.818625 -2.83722
-2.886683 -2.86113 -2.85555 -2.780587 -2.916283
-2.789808 -2.860117 -2.874005 -2.84495 -2.883906
-2.865801 -2.838 -2.827441 -2.79303 -2.899084
-2.887736 -2.918238 -2.87748 -2.899295 -2.834124
-2.89122 -2.866966 -2.740832 -2.888846 -2.821133
-2.870898 -2.875802 -2.829895 -2.86494 -2.867813
-2.861185 -2.814026 -2.863218 -2.779616 -2.906308
-2.866198 -2.790791 -2.86124 -2.845725 -2.852953
-2.885069 -2.861598 -2.836189 -2.842674 -2.759248
-2.802006 -2.869 -2.883846 -2.935408 -2.94138
-2.890394
