-2.837196 -2.817363 -2.827721 -2.888984 -2.885563
-2.839304 -2.88542 -2.889784 -2.859901 -2.876819
-2.824669 -2.756285 -2.831974 -2.864439 -2.75618
-3.024546 -2.794197 -2.77962 -2.874429 -2.676745
-2.75442 -2.859742 -2.775648 -2.859395 -2.790141
-2.786529 -2.778454 -2.819254 -2.765422 -2.805162
-2.82643 -2.822725 -2.806575 -2.838961 -2.823169
-2.803715 -2.806007 -3.005242 -2.795824 -2.771999
-2.815354 -2.824568 -2.83136 -2.924291 -2.888385
-2.841893 -2.807518 -2.860152 -2.716807 -2.826981
-2.849817 -2.876424 -2.811177 -2.815578 -2.895592
-2.883011 -2.857029 -2.781246 -2.861625 -2.918121
-2.813054 -2.833655 -2.810637 -2.772117 -2.764965
-2.846489 -2.745681 -2.804243 -2.833943 -2.838315
-2.834851 -2.881753 -2.837935 -2.879848 -2.816065
-2.903511 -2.750369 -2.802764 -2.815848 -2.827367
-2.846041 -2.844033 -2.86261 -2.866791 -2.841455
-2.876223 -2.96471 -2.800398 -2.743479 -2.8674
-2.883794 -2.778371 -2.828237 -2.815919 -2.772358
-2.765201 -2.808776 -2.867699 -2.861544 -2.876843
-2.811517 -2.79496 -2.865529 -2.864616 -2.759176
-2.828097 -2.759968 -2.862692 -2.776399 -2.75304
-2.775339 -2.81733 -2.854563 -2.935991 -2.832679
-2.795136 -2.869012 -2.800001 -2.862321 -2.790056
-2.816591 -2.855852 -2.765602 -2.853462 -2.822018
-2.925843 -2.85123 -2.807198 -2.852409 -2.885972
-2.76774 -2.868179 -2.817176 -2.82021 -2.856565
-2.76124 -2.747361 -2.905362 -2.883766 -2.890633
-2.829822 -2.84479 -2.779286 -2.830314 -2.75639
-2.853441 -2.812392 -2.843117 -2.812786 -2.920593
-2.828979 -2.804387 -2.811877 -2.778939 -2.863989
-2.771997 -2.823518 -2.886581 -2.919253 -2.819324
-2.761793 -2.827701 -2.825268 -2.848075 -2.95519
-2.825539 -2.896514 -2.791861 -2.823529 -2.767125
-2.855041 -2.724771 -2.874275 -2.803763 -2.815312
-2.862124 -2.742675 -2.795592 -2.8494 -2.835983
-2.919895 -2.792562 -2.841352 -2.822801 -2.862139
-2.817072 -2.868545 -2.76099 -2.843052 -2.761279
-2.840848 -2.856821 -2.784889 -2.861661 -2.705374
-2.75832 -2.854787 -2.919671 -2.819362 -2.834782
-2.825588
