-2.855002 -2.836889 -2.806802 -2.871359 -2.868248
-2.848626 -2.811372 -2.908413 -2.909351 -2.810894
-2.840992 -2.786594 -2.859545 -2.876797 -2.783164
-2.803078 -2.859579 -2.58518 -2.849085 -2.837842
-2.891079 -2.801757 -2.732656 -2.859431 -2.798961
-2.852715 -2.845933 -2.874424 -2.750229 -2.847027
-2.457941 -2.831892 -2.802565 -2.82102 -2.828316
-2.804123 -2.809861 -2.88134 -2.820869 -2.826613
-2.799491 -2.842871 -2.844199 -2.842188 -2.778448
-2.783034 -2.75928 -2.8592 -2.8528 -2.825918
-2.813745 -2.666722 -2.889284 -2.867904 -2.847596
-2.826033 -2.85025 -2.795059 -2.86363 -2.856974
-2.821666 -2.847604 -2.876981 -2.873195 -2.935331
-2.867791 -2.872604 -2.831729 -2.808998 -2.780125
-2.854314 -2.827406 -2.932185 -2.892866 -2.865776
-2.838503 -2.891281 -2.906936 -2.835419 -2.786572
-2.795735 -2.846134 -2.931565 -2.818953 -2.821004
-2.846624 -2.845082 -2.846881 -2.895448 -2.880643
-2.8791 -2.806133 -2.584111 -2.785914 -2.872477
-2.8373 -2.916031 -2.808226 -2.842669 -2.85502
-2.827856 -2.793901 -2.880273 -2.892969 -2.798958
-2.808733 -2.851398 -2.892072 -2.784295 -2.823574
-2.89766 -2.870273 -2.906219 -2.851471 -2.843818
-2.833487 -2.893939 -2.842454 -2.872546 -2.877536
-2.866845 -2.900896 -2.797454 -2.703549 -2.808013
-2.817426 -2.874185 -2.841596 -2.80965 -2.85746
-2.897423 -2.829234 -2.877217 -2.853002 -2.828384
-2.841049 -2.821005 -2.880315 -2.746203 -2.81836
-2.900071 -2.827057 -2.944732 -2.815696 -2.830412
-2.823112 -2.839232 -2.890451 -2.830628 -2.900067
-2.887354 -2.842451 -2.778719 -2.807994 -2.853881
-2.614698 -2.721562 -2.879913 -2.870807 -2.897818
-2.897484 -2.815903 -2.77309 -2.85469 -2.848111
-2.8559 -2.881421 -2.337187 -2.85172 -2.827127
-2.88187 -2.862911 -2.80721 -2.83444 -2.873803
-2.783116 -2.853781 -2.876755 -2.807155 -2.881336
-2.802852 -2.873843 -2.809738 -2.766648 -2.876042
-2.789775 -2.950191 -2.913179 -2.865654 -2.798331
-2.853715 -2.844123 -2.85337 -2.827475 -2.859763
-2.899285 -2.84572 -2.791934 -2.811648 -2.799205
-2.8517
