-2.894624 -2.955107 -2.900962 -2.897825 -2.925383
-2.965132 -2.864823 -2.837475 -2.865705 -2.865065
-2.968349 -2.857985 -2.926041 -2.879435 -2.898185
-2.830322 -2.879923 -2.81983 -2.901369 -2.880777
-2.881927 -2.942763 -2.879127 -2.837002 -2.906172
-2.904722 -2.908259 -2.905023 -2.931198 -2.94118
-2.841783 -2.878549 -2.845463 -2.914695 -2.957137
-2.903689 -3.006649 -2.867459 -2.858844 -2.87953
-2.918453 -2.961837 -2.944399 -2.941226 -2.902259
-2.921016 -2.855123 -2.887677 -2.94612 -2.85462
-2.835632 -2.906012 -2.875163 -2.960784 -2.917718
-2.946278 -2.901892 -2.89669 -2.848494 -2.913098
-2.876987 -2.83861 -2.904207 -2.910842 -2.906949
-2.861553 -2.873935 -2.936771 -2.857032 -2.876148
-2.930025 -2.90738 -2.886393 -2.85596 -2.905569
-2.932241 -2.878866 -2.947918 -2.881947 -2.886186
-2.925606 -2.926189 -2.866028 -2.88742 -2.805424
-2.928427 -2.86378 -2.830662 -2.886221 -2.911276
-2.963722 -2.843821 -2.882175 -2.92527 -2.882632
-2.785477 -2.96348 -2.909535 -2.873682 -2.872582
-2.838524 -2.834886 -2.891655 -2.949081 -2.893982
-2.882577 -2.869838 -2.907036 -2.851218 -2.914091
-2.94104 -2.863862 -2.859124 -2.896931 -2.890141
-2.888698 -2.912891 -2.956803 -2.88465 -2.876777
-2.864715 -2.930291 -2.948469 -2.87013 -2.952753
-2.941925 -2.815617 -2.826868 -2.976509 -2.921425
-2.854924 -2.943694 -2.925568 -2.858228 -2.865526
-3.00365 -2.90557 -2.87642 -2.940354 -2.877971
-2.873954 -2.858145 -2.882139 -2.826691 -2.868465
-2.915631 -2.875087 -2.893544 -2.930427 -2.898495
-2.899976 -2.854787 -2.881126 -2.9287 -2.870218
-2.868393 -2.879556 -2.904327 -2.868142 -2.914534
-2.901427 -2.856174 -2.877318 -2.929663 -2.961715
-2.854746 -2.895285 -2.893912 -2.83729 -2.922604
-2.926778 -2.841277 -2.936978 -2.926141 -2.837129
-2.906609 -2.838951 -2.884709 -2.884585 -2.897643
-2.879287 -2.832842 -2.848903 -2.830171 -2.88908
-2.931764 -2.82493 -2.882151 -2.870088 -2.935463
-2.89979 -2.901644 -2.922546 -2.875774 -2.872061
-2.887957 -2.939059 -2.947411 -2.846692 -2.915949
-2.915084
