-2.836563 -2.819389 -2.858349 -2.899282 -2.789263
-2.892683 -2.778266 -2.903306 -2.831868 -2.797604
-2.835453 -2.815899 -2.887069 -2.923617 -2.764282
-2.721593 -2.798029 -2.871692 -2.840489 -2.857374
-2.843162 -2.678795 -2.845741 -2.813318 -2.917575
-2.838325 -2.831275 -2.840375 -2.888605 -2.827874
-2.785474 -2.804352 -2.80857 -2.857473 -2.775082
-2.849112 -2.868158 -2.9295 -2.77438 -2.824667
-2.874568 -2.863526 -2.805948 -2.843731 -2.711712
-2.850858 -2.810025 -2.924183 -2.861977 -2.820157
-2.880426 -2.848681 -2.755324 -2.797589 -2.878759
-2.833344 -2.9096 -2.762236 -2.827052 -2.835731
-2.749631 -2.840249 -2.804665 -2.837974 -2.813071
-2.765634 -2.754391 -2.839965 -2.794702 -2.743432
-2.801642 -2.825223 -2.887715 -2.904116 -2.860233
-2.863529 -2.861688 -2.761711 -2.80849 -2.829401
-2.81477 -2.817642 -2.809194 -2.818914 -2.738373
-2.824262 -2.879242 -2.827288 -2.784516 -2.853844
-2.834492 -2.800119 -2.817099 -2.767492 -2.893721
-2.8708 -2.884756 -2.848468 -2.917255 -2.838174
-2.77108 -2.78841 -2.799627 -2.831914 -2.87874
-2.899971 -2.89725 -2.888133 -2.816638 -2.882816
-2.878115 -2.934394 -2.722718 -2.801079 -2.820571
-2.81502 -2.797636 -2.735415 -2.777834 -2.772631
-2.796088 -2.813496 -2.799304 -2.764924 -2.846914
-2.759023 -2.764549 -2.837904 -2.782233 -2.819926
-2.69633 -2.806907 -2.780889 -2.822069 -2.864865
-2.88886 -2.792486 -2.906409 -2.799712 -2.844356
-2.775268 -2.858009 -2.823206 -2.695202 -2.915594
-2.942095 -2.792985 -2.787293 -2.795135 -2.855621
-2.846213 -2.910283 -2.95759 -2.841453 -2.856355
-2.815192 -2.777747 -2.871632 -2.938788 -2.754669
-2.74821 -2.828152 -2.843051 -2.852285 -2.853478
-2.801362 -2.844937 -2.848506 -2.952136 -2.815801
-2.937896 -2.790561 -2.821855 -2.834062 -2.816028
-2.829874 -2.83004 -2.833374 -2.825892 -2.680445
-2.912416 -2.834998 -2.733635 -2.869058 -2.85463
-2.824136 -2.855432 -2.766258 -2.778826 -2.793536
-2.881137 -2.851776 -2.914167 -2.913178 -2.780953
-2.784172 -2.798922 -2.748417 -2.879345 -2.778615
-2.876989
