-2.819352 -2.81928 -2.818167 -2.800978 -2.824069
-2.810727 -2.84858 -2.816824 -2.845572 -2.800586
-2.854635 -2.840331 -2.83726 -2.722586 -2.667176
-2.80459 -2.779255 -2.779381 -2.802784 -2.798919
-2.826741 -2.802747 -2.65217 -2.617615 -2.64656
-2.804182 -2.797208 -2.791289 -2.841173 -2.774039
-2.721166 -2.748603 -2.815872 -2.845336 -2.809672
-2.844775 -2.7675 -2.776373 -2.840492 -2.79317
-2.751447 -2.795511 -2.819971 -2.848295 -2.783611
-2.780962 -2.873002 -2.837252 -2.873923 -2.841389
-2.832207 -2.838683 -2.536742 -2.803861 -2.875453
-2.867468 -2.837466 -2.787257 -2.766899 -2.742598
-2.898738 -2.733974 -2.78971 -2.817941 -2.8408
-2.64957 -2.773498 -2.834359 -2.841685 -2.694389
-2.791719 -2.809095 -2.72806 -2.753701 -2.86912
-2.802344 -2.889077 -2.837791 -2.759453 -2.795438
-2.836049 -2.837846 -2.759713 -2.692124 -2.853624
-2.72038 -2.780771 -2.831006 -2.748303 -2.856956
-2.90194 -2.762797 -2.694165 -2.708089 -2.770319
-2.875761 -2.778995 -2.795061 -2.827292 -2.8622
-2.786179 -2.818248 -2.828362 -2.790038 -2.817541
-2.797778 -2.821369 -2.793449 -2.801182 -2.791234
-2.8556 -2.753158 -2.711979 -2.721603 -2.863867
-2.600215 -2.760351 -2.811614 -2.844371 -2.833521
-2.810896 -2.808902 -2.815611 -2.822423 -2.656183
-2.84635 -2.771183 -2.853695 -2.803027 -2.775485
-2.742091 -2.835051 -2.797454 -2.905007 -2.860712
-2.76681 -2.831917 -2.775118 -2.807936 -2.80471
-2.808428 -2.744848 -2.775312 -2.866288 -2.819528
-2.756593 -2.853359 -2.799203 -2.828075 -2.740165
-2.784101 -2.793298 -2.828211 -2.778401 -2.833451
-2.792009 -2.797377 -2.775928 -2.79071 -2.81387
-2.848789 -2.786821 -2.76087 -2.799516 -2.836393
-2.78853 -2.861328 -2.763231 -2.808684 -2.802982
-2.750368 -2.875585 -2.794626 -2.82458 -2.820779
-2.830287 -2.796485 -2.783522 -2.857795 -2.764734
-2.8331 -2.835968 -2.776554 -2.801396 -2.515528
-2.786924 -2.756584 -2.755212 -2.884085 -2.642582
-2.834297 -2.77909 -2.777805 -2.836222 -2.799857
-2.7997 -2.837696 -2.749139 -2.814502 -2.803139
-2.825085
