-2.848308 -2.862867 -2.86356 -2.864366 -2.802614
-2.944805 -2.929102 -2.846436 -2.798022 -2.926939
-2.807357 -2.898576 -2.866925 -2.790303 -2.86101
-2.856606 -2.824015 -2.835709 -2.773339 -2.648127
-2.822485 -2.805811 -2.725556 -2.781652 -2.793784
-2.884034 -2.740594 -2.792178 -2.773703 -2.746703
-2.829777 -2.807596 -2.877128 -2.75126 -2.733913
-2.822457 -2.81066 -2.78485 -2.867329 -2.917356
-2.940944 -2.930305 -2.820869 -2.928888 -2.787572
-2.883122 -2.788091 -2.855715 -2.812732 -2.913428
-2.727055 -2.775174 -2.834675 -2.909273 -2.884107
-2.838885 -2.875417 -2.823206 -2.818489 -2.873402
-2.787072 -2.846877 -2.808272 -2.767965 -2.82547
-2.839265 -2.973957 -2.871447 -2.993904 -2.866216
-2.802827 -2.826174 -2.947953 -2.801036 -2.905484
-2.692486 -2.529593 -2.884146 -2.863272 -2.823351
-2.858499 -2.822546 -2.900439 -2.838901 -2.919287
-2.815661 -2.691184 -2.932032 -2.86969 -2.855953
-2.809474 -3.000713 -2.965046 -2.920322 -2.875645
-2.92667 -2.882152 -2.876865 -2.893782 -2.919006
-2.843681 -2.779677 -2.722994 -2.754737 -2.878841
-2.879163 -2.876807 -2.91474 -2.840536 -2.91638
-2.765804 -2.891063 -2.834796 -2.812443 -2.77551
-2.832443 -2.824536 -2.771062 -2.789632 -2.8826
-2.775913 -2.852515 -2.785911 -2.826411 -2.868298
-2.764372 -2.837104 -2.898283 -2.894525 -2.870174
-2.736771 -2.787511 -2.830839 -2.791699 -2.874096
-2.896404 -2.803993 -2.785153 -2.842463 -2.76677
-2.857077 -2.909687 -2.837241 -2.855557 -2.806693
-2.817979 -2.752682 -2.73753 -2.824035 -2.578601
-2.815008 -2.927903 -2.770831 -2.840382 -2.82767
-2.770436 -2.829106 -2.855188 -2.8767 -2.744305
-2.850832 -2.813785 -2.877727 -2.835577 -2.803716
-2.806956 -2.758277 -2.775875 -2.810163 -2.863378
-2.788167 -2.83767 -2.879553 -2.718708 -2.85789
-2.87328 -2.802259 -2.920162 -2.926645 -2.908512
-2.87602 -2.904516 -2.805287 -2.916685 -2.858139
-2.886326 -2.762079 -2.839818 -2.803135 -2.874212
-2.88375 -2.879124 -2.924777 -2.863181 -2.801347
-2.831974 -2.736661 -2.850852 -2.772756 -2.85571
-2.834836
