-2.851155 -2.796472 -2.817058 -2.87549 -2.841144
-2.791608 -2.836794 -2.899622 -2.853328 -2.819346
-2.78474 -2.846095 -2.84561 -2.865011 -2.809227
-2.840173 -2.834222 -2.910264 -2.758543 -2.867123
-2.837058 -2.904057 -2.856662 -2.841057 -2.820433
-2.892393 -2.824617 -2.778698 -2.824099 -2.825597
-2.851525 -2.841387 -2.851609 -2.880646 -2.826314
-2.819251 -2.772086 -2.835191 -2.830526 -2.745306
-2.855378 -2.786192 -2.887229 -2.861347 -2.80967
-2.781691 -2.823507 -2.838612 -2.818645 -2.834378
-2.806551 -2.348336 -2.821621 -2.896663 -2.815748
-2.716017 -2.885006 -2.810026 -2.783801 -2.844159
-2.872424 -2.81547 -2.813425 -2.788073 -2.861296
-2.805506 -2.854349 -2.740805 -2.82175 -2.815577
-2.861441 -2.849399 -2.836045 -2.816583 -2.799158
-2.843155 -2.854507 -2.848553 -2.904537 -2.852142
-2.813175 -2.811007 -2.779353 -2.79966 -2.861084
-2.887948 -2.862191 -2.821265 -2.775623 -2.842085
-2.857606 -2.818761 -2.857901 -2.827923 -2.887925
-2.8527 -2.803188 -2.812469 -2.79436 -2.837427
-2.833332 -2.801334 -2.868588 -2.776295 -2.833577
-2.849338 -2.872543 -2.834282 -2.845824 -2.844413
-2.842088 -2.844056 -2.834375 -2.820175 -2.88521
-2.879777 -2.86277 -2.898685 -2.847881 -2.838439
-2.80489 -2.831581 -2.8346 -2.809135 -2.90034
-2.867565 -2.847068 -2.8424 -2.843548 -2.854867
-2.881608 -2.869517 -2.823521 -2.873113 -2.830325
-2.819012 -2.920733 -2.843935 -2.811641 -2.827555
-2.845446 -2.902279 -2.896401 -2.823113 -2.816752
-2.83489 -2.780636 -2.924552 -2.841242 -2.630531
-2.876465 -2.841429 -2.838473 -2.797142 -2.848255
-2.784546 -2.876937 -2.607745 -2.799486 -2.803879
-2.850481 -2.830682 -2.860711 -2.861541 -2.846473
-2.845543 -2.8095 -2.808969 -2.791769 -2.837666
-2.83627 -2.84443 -2.818056 -2.882292 -2.83743
-2.818513 -2.893337 -2.812969 -2.657202 -2.865835
-2.79754 -2.812567 -2.876059 -2.564157 -2.892784
-2.847921 -2.864375 -2.833166 -2.798528 -2.809656
-2.809001 -2.81798 -2.840344 -2.860615 -2.865405
-2.431401 -2.815112 -2.825653 -2.872328 -2.825471
-2.790687
