-2.829014 -2.797064 -2.872565 -2.812397 -2.82198
-2.803504 -2.811407 -2.845623 -2.821251 -2.879055
-2.860266 -2.889757 -2.817291 -2.7948 -2.728274
-2.846459 -2.847941 -2.880137 -2.893404 -2.812022
-2.820102 -2.832089 -2.823729 -2.822286 -2.756272
-2.837472 -2.812992 -2.800544 -2.780608 -2.881766
-2.791942 -2.846438 -2.79581 -2.802147 -2.717579
-2.731978 -2.853482 -2.83026 -2.775376 -2.747165
-2.724446 -2.830926 -2.765321 -2.795171 -2.848147
-2.887018 -2.848159 -2.922527 -2.821246 -2.729698
-2.836878 -2.802141 -2.868224 -2.842309 -2.830821
-2.881405 -2.801163 -2.838155 -2.827138 -2.920391
-2.843335 -2.80685 -2.824306 -2.812861 -2.886464
-2.862983 -2.754094 -2.86824 -2.923486 -2.829409
-2.824739 -2.789848 -2.810289 -2.803112 -2.763439
-2.843672 -2.810057 -2.8373 -2.82564 -2.895645
-2.857052 -2.748913 -2.864482 -2.735875 -2.791081
-2.821673 -2.797307 -2.849596 -2.900212 -2.900661
-2.891844 -2.806931 -2.809963 -2.830015 -2.752903
-2.924919 -2.815054 -2.784912 -2.751867 -2.841868
-2.687418 -2.880475 -2.858448 -2.837353 -2.833771
-2.854452 -2.889496 -2.802357 -2.868446 -2.743324
-2.800862 -2.865283 -2.858531 -2.929196 -2.821026
-2.876837 -2.853527 -2.930434 -2.822095 -2.702105
-2.838786 -2.799739 -2.819813 -2.830661 -2.914945
-2.858401 -2.900515 -2.84363 -2.789553 -2.900998
-2.799266 -2.757832 -2.904644 -2.93571 -2.882954
-2.811329 -2.905269 -2.792048 -2.87032 -2.815602
-2.805037 -2.863268 -2.719159 -2.741756 -2.858051
-2.809302 -2.922255 -2.866306 -2.803024 -2.824364
-2.839298 -2.86395 -2.794191 -2.786923 -2.949629
-2.814225 -2.79735 -2.860482 -2.80071 -2.779356
-2.71267 -2.71948 -2.919913 -2.842272 -2.786977
-2.844031 -2.799556 -2.829512 -2.81783 -2.855547
-2.851981 -2.81015 -2.878222 -2.841965 -2.87601
-2.809506 -2.818003 -2.847122 -2.881934 -2.804904
-2.890166 -2.833789 -2.756097 -2.813343 -2.871957
-2.801808 -2.731256 -2.849379 -2.868578 -2.825266
-2.830353 -2.821589 -2.918325 -2.775299 -2.795254
-2.837046 -2.705541 -2.947377 -2.741748 -2.81652
-2.850033
