-2.850198 -2.821946 -2.828812 -2.788244 -2.858109
-2.846071 -2.82685 -2.804319 -2.80929 -2.824335
-2.74167 -2.855953 -2.832035 -2.823249 -2.826887
-2.833627 -2.827897 -2.83267 -2.882098 -2.833783
-2.861514 -2.84895 -2.820093 -2.869052 -2.894862
-2.823035 -2.8232 -2.866372 -2.865355 -2.848955
-2.800458 -2.800833 -2.90138 -2.856637 -2.833032
-2.814241 -2.832773 -2.822501 -2.854025 -2.839261
-2.757061 -2.849496 -2.828816 -2.837067 -2.85829
-2.766015 -2.830778 -2.842414 -2.832673 -2.86328
-2.846356 -2.789127 -2.798951 -2.816299 -2.907068
-2.838799 -2.843201 -2.866426 -2.88057 -2.857412
-2.841592 -2.806162 -2.798967 -2.900001 -2.833594
-2.872123 -2.843764 -2.852876 -2.819677 -2.819502
-2.842611 -2.856957 -2.818996 -2.826545 -2.830479
-2.825101 -2.836896 -2.763198 -2.751899 -2.830804
-2.871592 -2.812148 -2.765651 -2.839197 -2.817332
-2.85495 -2.849199 -2.841941 -2.782292 -2.846466
-2.861304 -2.783953 -2.831982 -2.839816 -2.842994
-2.802425 -2.808263 -2.836755 -2.809295 -2.84376
-2.80636 -2.877258 -2.832062 -2.826575 -2.796569
-2.835059 -2.886705 -2.858408 -2.883675 -2.790602
-2.805893 -2.898711 -2.839664 -2.808402 -2.818063
-2.811216 -2.745779 -2.842381 -2.81816 -2.837366
-2.907758 -2.853982 -2.869753 -2.814834 -2.860665
-2.840519 -2.830829 -2.897418 -2.876903 -2.792435
-2.774775 -2.886402 -2.813532 -2.825781 -2.822955
-2.824783 -2.875069 -2.829341 -2.877402 -2.874759
-2.808663 -2.815852 -2.824759 -2.877503 -2.879502
-2.813606 -2.843179 -2.803771 -2.79428 -2.89495
-2.778401 -2.864216 -2.881531 -2.832685 -2.844761
-2.812478 -2.847886 -2.931985 -2.828131 -2.872715
-2.871468 -2.812015 -2.822205 -2.833621 -2.771948
-2.836938 -2.896318 -2.845958 -2.819996 -2.833649
-2.835995 -2.911822 -2.823781 -2.852356 -2.885756
-2.835035 -2.830794 -2.806694 -2.785197 -2.85407
-2.901817 -2.862852 -2.874029 -2.852189 -2.818914
-2.864009 -2.80432 -2.838254 -2.836038 -2.866386
-2.845558 -2.834189 -2.888864 -2.832984 -2.81354
-2.799126 -2.806088 -2.862883 -2.861618 -2.83352
-2.823572
