-2.876975 -2.75331 -2.597995 -2.863256 -2.721777
-2.796292 -2.88098 -2.564173 -2.887516 -2.855971
-2.460119 -2.746618 -2.833833 -2.886235 -2.917243
-2.867078 -2.894544 -2.89275 -2.875281 -2.525572
-2.847567 -2.465554 -2.934651 -2.851982 -2.746326
-2.929279 -2.835123 -2.837737 -2.390239 -2.8225
-2.83547 -2.83086 -2.848739 -2.798533 -2.665771
-2.598438 -2.402648 -2.59213 -2.715216 -2.571389
-2.827974 -2.806025 -2.792378 -2.455738 -2.504537
-2.915451 -2.739049 -2.850873 -2.872576 -2.865717
-2.799964 -2.440708 -2.858452 -2.847241 -2.875624
-2.327322 -2.892584 -2.826264 -2.871725 -2.365682
-2.567267 -2.676422 -2.928952 -2.841358 -2.724005
-2.866232 -2.684749 -2.822038 -2.86458 -2.509329
-2.456726 -2.906157 -2.530699 -2.905781 -2.86553
-2.622395 -2.308168 -2.878571 -2.885529 -2.420431
-2.834616 -2.487115 -2.838881 -2.886935 -2.848459
-2.878044 -2.840418 -2.836945 -2.868975 -2.765133
-2.86012 -2.827747 -2.788616 -2.385039 -2.288377
-2.876206 -2.811575 -2.918484 -2.892427 -2.831902
-2.914667 -2.878922 -2.188297 -2.531979 -2.821588
-2.872516 -2.44849 -2.41014 -2.382973 -2.592431
-2.86343 -2.760761 -2.874411 -2.429388 -2.887408
-2.877876 -2.379937 -2.624329 -2.680227 -2.381169
-2.912483 -2.877046 -2.415458 -2.881315 -2.882587
-2.893459 -2.832733 -2.806794 -2.565708 -2.847127
-2.894939 -2.459043 -2.875265 -2.851812 -2.920586
-2.842993 -2.553322 -2.832864 -2.858651 -2.739315
-2.848985 -2.858382 -2.758295 -2.540421 -2.853383
-2.72106 -2.869255 -2.846166 -2.897357 -2.430979
-2.872665 -2.863287 -2.854817 -2.865697 -2.871604
-2.903056 -2.876663 -2.557178 -2.811712 -2.786202
-2.706127 -2.631758 -2.810909 -2.859842 -2.912028
-2.877156 -2.862899 -2.667305 -2.927462 -2.938323
-2.70309 -2.844333 -2.85631 -2.828619 -2.836019
-2.27149 -2.868422 -2.790981 -2.854867 -2.898613
-2.878443 -2.832146 -2.461134 -2.848447 -2.308027
-2.882876 -2.853769 -2.884274 -2.855715 -2.900067
-2.813109 -2.441295 -2.835164 -2.841885 -2.879727
-2.890271 -2.292128 -2.481308 -2.520794 -2.603738
-2.84354
