-2.798082 -2.76404 -2.799973 -2.752656 -2.796432
-2.784924 -2.861198 -2.78278 -2.824098 -2.724259
-2.80677 -2.800798 -2.826545 -2.785854 -2.372712
-2.788435 -2.751587 -2.831575 -2.74593 -2.739239
-2.808129 -2.47091 -2.766493 -2.720528 -2.75233
-2.750173 -2.810778 -2.816496 -2.831978 -2.78243
-2.787468 -2.575532 -2.797351 -2.803396 -2.802801
-2.794475 -2.795186 -2.791552 -2.601978 -2.723978
-2.814687 -2.789864 -2.824471 -2.706372 -2.736222
-2.756552 -2.805236 -2.799402 -2.719936 -2.773988
-2.776684 -2.840491 -2.795891 -2.845465 -2.782601
-2.777986 -2.784518 -2.763329 -2.750809 -2.78203
-2.730173 -2.750506 -2.798765 -2.802064 -2.767857
-2.828158 -2.798007 -2.805612 -2.805097 -2.811486
-2.650359 -2.716878 -2.741359 -2.780091 -2.794388
-2.764953 -2.713314 -2.744177 -2.764709 -2.75365
-2.692989 -2.721244 -2.786333 -2.795433 -2.80588
-2.818091 -2.782686 -2.810118 -2.794634 -2.783803
-2.746931 -2.825961 -2.816241 -2.78772 -2.816291
-2.737323 -2.782484 -2.78157 -2.752107 -2.762617
-2.805937 -2.780016 -2.822062 -2.768517 -2.808704
-2.829571 -2.73071 -2.79005 -2.807619 -2.774854
-2.782394 -2.739904 -2.800234 -2.676926 -2.753426
-2.82511 -2.79205 -2.8061 -2.773864 -2.775755
-2.782949 -2.733489 -2.838293 -2.760212 -2.797952
-2.796185 -2.803608 -2.776916 -2.841006 -2.590968
-2.784583 -2.766103 -2.785125 -2.796802 -2.72355
-2.691574 -2.838723 -2.77802 -2.774735 -2.798437
-2.815434 -2.803898 -2.789649 -2.807819 -2.821021
-2.81037 -2.767628 -2.750477 -2.823867 -2.841858
-2.814516 -2.790145 -2.812344 -2.820301 -2.798604
-2.806055 -2.755125 -2.848148 -2.780117 -2.819701
-2.790098 -2.768862 -2.799405 -2.771923 -2.808168
-2.830823 -2.808865 -2.75948 -2.821676 -2.745196
-2.792002 -2.768669 -2.744534 -2.799411 -2.828432
-2.667355 -2.841855 -2.758304 -2.8069 -2.795012
-2.778029 -2.772985 -2.828042 -2.800541 -2.795287
-2.786081 -2.783444 -2.813266 -2.737151 -2.779279
-2.783595 -2.766564 -2.778108 -2.423372 -2.76799
-2.777796 -2.816077 -2.801875 -2.788416 -2.867764
-2.790668
