-2.858157 -2.798225 -2.845473 -2.907398 -2.834602
-2.817298 -2.851992 -2.848024 -2.866492 -2.864921
-2.857742 -2.877402 -2.885855 -2.806803 -2.823164
-2.782554 -2.785762 -2.799523 -2.858343 -2.800817
-2.864027 -2.827351 -2.867387 -2.842581 -2.828468
-2.850271 -2.758051 -2.870357 -2.887141 -2.825524
-2.828596 -2.654079 -2.820627 -2.809027 -2.877688
-2.78824 -2.836948 -2.369527 -2.81992 -2.840902
-2.905844 -2.861676 -2.819555 -2.842223 -2.828503
-2.926188 -2.856281 -2.854304 -2.84148 -2.809862
-2.909378 -2.890511 -2.924541 -2.876159 -2.657921
-2.841677 -2.801282 -2.835989 -2.818947 -2.850594
-2.899044 -2.894572 -2.867027 -2.872868 -2.843113
-2.914576 -2.812459 -2.837046 -2.889837 -2.878339
-2.89458 -2.871081 -2.759862 -2.31338 -2.815645
-2.855464 -2.841476 -2.882789 -2.865891 -2.879503
-2.872368 -2.893595 -2.840149 -2.870932 -2.876908
-2.824007 -2.802783 -2.754253 -2.856299 -2.918572
-2.840604 -2.906583 -2.913073 -2.717357 -2.84335
-2.928556 -2.819777 -2.792424 -2.717772 -2.89359
-2.827286 -2.807544 -2.877214 -2.826456 -2.433561
-2.832741 -2.837123 -2.831291 -2.790828 -2.908277
-2.818572 -2.671407 -2.745828 -2.677011 -2.866551
-2.897358 -2.821982 -2.881532 -2.908216 -2.890187
-2.873841 -2.829526 -2.902443 -2.922099 -2.833034
-2.704387 -2.86108 -2.842215 -2.878286 -2.868825
-2.803337 -2.836073 -2.853549 -2.895393 -2.810282
-2.80756 -2.827236 -2.495606 -2.910703 -2.818878
-2.795573 -2.850752 -2.50363 -2.727212 -2.850533
-2.881046 -2.659828 -2.881492 -2.38621 -2.817758
-2.76358 -2.828467 -2.867482 -2.854326 -2.874011
-2.876343 -2.86653 -2.721858 -2.864348 -2.834439
-2.876185 -2.71739 -2.866015 -2.849762 -2.903997
-2.660187 -2.845163 -2.7625 -2.823803 -2.769065
-2.891 -2.717918 -2.789051 -2.773366 -2.821303
-2.834921 -2.791407 -2.870921 -2.854808 -2.832602
-2.791664 -2.830383 -2.627552 -2.78577 -2.861932
-2.880572 -2.877208 -2.884545 -2.884314 -2.913902
-2.873478 -2.765106 -2.916719 -2.881311 -2.847162
-2.853655 -2.805586 -2.860149 -2.81751 -2.913636
-2.762086
