-2.83753 -2.858141 -2.863011 -2.797272 -2.827915
-2.841578 -2.863729 -2.843667 -2.839466 -2.819075
-2.857727 -2.863215 -2.833128 -2.844114 -2.812572
-2.879746 -2.848906 -2.806543 -2.876439 -2.836028
-2.835375 -2.838443 -2.823118 -2.833127 -2.898981
-2.851419 -2.782 -2.81053 -2.7831 -2.782496
-2.909787 -2.811261 -2.832925 -2.777373 -2.835251
-2.76408 -2.885387 -2.786199 -2.866015 -2.857836
-2.809503 -2.89355 -2.877687 -2.795293 -2.798651
-2.850939 -2.802471 -2.859784 -2.85064 -2.802187
-2.765287 -2.85957 -2.802596 -2.742089 -2.913808
-2.788986 -2.824696 -2.87008 -2.757781 -2.846084
-2.852615 -2.80887 -2.834205 -2.807242 -2.819324
-2.791993 -2.829354 -2.7898 -2.866541 -2.846455
-2.876491 -2.810717 -2.870075 -2.815987 -2.850374
-2.798931 -2.824786 -2.838585 -2.886348 -2.858143
-2.815192 -2.732945 -2.832813 -2.904706 -2.792334
-2.798448 -2.781479 -2.755062 -2.810693 -2.850679
-2.868175 -2.770518 -2.824126 -2.852462 -2.821653
-2.841183 -2.773226 -2.762526 -2.785047 -2.780284
-2.785787 -2.834622 -2.907106 -2.773413 -2.78975
-2.792705 -2.875705 -2.76832 -2.859952 -2.808402
-2.825632 -2.780538 -2.795899 -2.915649 -2.792088
-2.798806 -2.824313 -2.876711 -2.782864 -2.825289
-2.735471 -2.829828 -2.835432 -2.821014 -2.835544
-2.858382 -2.819083 -2.799969 -2.908651 -2.83908
-2.832041 -2.8569 -2.718684 -2.883602 -2.87474
-2.840682 -2.826493 -2.841144 -2.867409 -2.880436
-2.789187 -2.843553 -2.814153 -2.842777 -2.856887
-2.778868 -2.836715 -2.745464 -2.825452 -2.854656
-2.793852 -2.850087 -2.855012 -2.770259 -2.826546
-2.771842 -2.797871 -2.801604 -2.794202 -2.805778
-2.80761 -2.762131 -2.835032 -2.832282 -2.769557
-2.868034 -2.872156 -2.834915 -2.840708 -2.86893
-2.894964 -2.814636 -2.832096 -2.795163 -2.811495
-2.816598 -2.828997 -2.828931 -2.872502 -2.938234
-2.848741 -2.864903 -2.745262 -2.822256 -2.911539
-2.847108 -2.745204 -2.846372 -2.822194 -2.804932
-2.825787 -2.858628 -2.810463 -2.911982 -2.82452
-2.819053 -2.808831 -2.818159 -2.862637 -2.711389
-2.773208
