-2.908594 -2.861905 -2.862567 -2.820009 -2.955913
-2.936654 -2.804158 -2.846186 -2.919969 -2.904057
-2.881171 -2.968319 -2.867575 -2.86719 -2.841537
-2.932719 -2.919864 -2.249748 -2.736037 -2.912209
-2.919433 -2.967199 -2.90305 -2.810184 -2.903254
-2.661098 -2.917007 -2.942322 -2.784222 -2.926768
-2.812555 -2.944565 -2.61773 -2.962983 -2.904392
-2.93882 -2.911358 -2.93359 -2.794523 -2.916895
-2.947058 -2.758847 -2.92761 -2.829424 -2.889277
-2.910553 -2.87108 -2.905793 -2.98607 -2.979839
-2.898214 -2.86889 -2.959729 -2.852413 -2.885159
-2.839782 -2.972865 -2.922709 -2.901791 -2.70918
-2.938887 -2.853758 -2.865873 -2.932898 -2.94687
-2.976968 -2.944059 -2.847893 -2.974977 -2.957448
-2.836693 -2.855513 -2.86826 -2.90189 -2.959444
-2.960511 -2.919307 -2.961088 -2.892905 -2.995732
-2.902841 -2.759284 -2.624114 -2.798984 -2.881678
-2.899992 -2.904288 -2.895652 -2.734937 -2.965835
-2.911366 -2.879529 -3.001281 -2.858485 -2.950433
-2.987939 -2.858698 -2.890901 -2.938423 -2.748831
-2.932468 -3.030949 -2.956801 -2.893819 -2.910516
-2.890036 -2.896512 -2.8401 -2.93565 -2.776577
-2.896208 -2.885906 -2.891076 -2.998573 -2.880915
-2.980423 -2.918908 -2.894888 -2.866603 -2.923896
-2.865357 -2.903199 -2.934665 -2.87383 -2.931217
-2.851602 -2.94926 -2.887337 -2.879783 -2.950904
-2.864517 -2.988976 -2.939492 -2.808526 -2.887609
-2.837413 -2.89401 -2.900036 -2.800474 -2.921315
-2.972244 -2.882794 -2.949807 -2.873559 -2.849637
-2.239745 -2.980588 -2.834339 -2.882393 -2.972906
-2.987357 -2.909355 -2.871223 -2.850972 -2.887142
-2.824658 -2.844389 -2.846775 -2.891076 -2.877939
-2.616278 -2.830332 -2.90539 -2.97456 -2.42704
-2.966751 -2.907067 -2.911193 -2.947987 -2.88574
-2.94212 -2.36556 -2.979632 -2.877029 -2.862302
-2.933564 -2.871482 -2.932527 -2.962598 -2.856463
-2.9221 -2.922592 -2.913036 -2.9339 -2.852534
-2.881168 -2.644355 -2.881915 -2.584037 -2.869391
-2.849885 -2.694756 -2.869963 -2.860455 -2.828333
-2.855441 -2.901652 -2.881922 -2.852233 -2.907424
-2.866462
