-2.840099 -2.792014 -2.833068 -2.7199 -2.883208
-2.86301 -2.763914 -2.916655 -2.85913 -2.771239
-2.837518 -2.71177 -2.914836 -2.755443 -2.864768
-2.776434 -2.872577 -2.798489 -2.863872 -2.803759
-2.817674 -2.792399 -2.696253 -2.83973 -2.799883
-2.750569 -2.844084 -2.751666 -2.813904 -2.826785
-2.874479 -2.855394 -2.845357 -2.872016 -2.899257
-2.765977 -2.829428 -2.947675 -2.899118 -2.844953
-2.744318 -2.924078 -2.852976 -2.84573 -2.726544
-2.866403 -2.796969 -2.763443 -2.94118 -2.804506
-2.795181 -2.908873 -2.744366 -2.782097 -2.817801
-2.887604 -2.756022 -2.908726 -2.837906 -2.883632
-2.892403 -2.799704 -2.852301 -2.903677 -2.838967
-2.867914 -2.807873 -2.669351 -2.824734 -2.822934
-2.759317 -2.792214 -2.787359 -2.814549 -2.840299
-2.838321 -2.815425 -2.826342 -2.776672 -2.831074
-2.752228 -2.827118 -2.819268 -2.881508 -2.653524
-2.831408 -2.783416 -2.799742 -2.865813 -2.817521
-2.651104 -2.807356 -2.916667 -2.818362 -2.921365
-2.774149 -2.936187 -2.790804 -2.816674 -2.899499
-2.871781 -2.795553 -2.806991 -2.844941 -2.745805
-2.809094 -2.84822 -2.789923 -2.915675 -2.855822
-3.020076 -2.706904 -2.888784 -2.833773 -2.896109
-2.775939 -2.83842 -2.838945 -2.729297 -2.687842
-2.791583 -2.846078 -2.812349 -2.87244 -2.806777
-2.903156 -2.823451 -2.704076 -2.83609 -2.88419
-2.811256 -2.891241 -2.902363 -2.810649 -2.841667
-2.816737 -2.839718 -2.812394 -2.836843 -2.740697
-2.870145 -2.830109 -2.853964 -2.869369 -2.74428
-2.782578 -2.898352 -2.883741 -2.90079 -2.739001
-2.797027 -2.851189 -2.768817 -2.84553 -2.776794
-2.803745 -2.862806 -2.849856 -2.83045 -2.885703
-2.787161 -2.898547 -2.721856 -2.856588 -2.791155
-2.830061 -2.855881 -2.762982 -2.755978 -2.807578
-2.795436 -2.828703 -2.892718 -2.909061 -2.795347
-2.875018 -2.851348 -2.833657 -2.803211 -2.795595
-2.863372 -2.870512 -2.759345 -2.894837 -2.869624
-2.846083 -2.96688 -2.806991 -2.591612 -2.815661
-2.833607 -2.880288 -2.816185 -2.793661 -2.881421
-2.789766 -2.876411 -2.858195 -2.850422 -2.87249
-2.839023
