-2.981202 -2.958869 -2.98013 -2.92831 -2.955345
-2.946198 -3.005447 -2.99693 -2.990264 -3.038147
-3.003489 -2.936504 -2.95751 -2.961994 -2.981995
-2.979117 -2.947467 -2.933247 -2.95932 -2.864004
-2.978801 -2.976536 -2.973477 -2.996046 -2.973992
-2.987493 -2.954286 -2.969163 -2.996189 -2.973453
-2.975659 -2.927922 -2.976 -2.95393 -2.949113
-2.962269 -2.953923 -2.96153 -2.981122 -3.017027
-2.95382 -3.024653 -3.000764 -2.968843 -3.007577
-2.960929 -2.928996 -2.975782 -2.990086 -2.968692
-2.980575 -2.887462 -2.993043 -3.011795 -2.992676
-2.989926 -2.96046 -2.912797 -2.981882 -2.974304
-2.86204 -2.943387 -2.966569 -2.948305 -3.027923
-3.02694 -2.969316 -3.001151 -2.93686 -2.971282
-3.004604 -2.937229 -2.936612 -2.995778 -2.977059
-2.987073 -2.952773 -2.988586 -2.989484 -2.967221
-2.964447 -2.985741 -2.983078 -2.916671 -2.965605
-2.969967 -2.897064 -2.933077 -2.961242 -2.937239
-2.88781 -2.994813 -2.953504 -2.950873 -2.983203
-2.97382 -2.960007 -3.026699 -2.979055 -2.923126
-2.988931 -2.996605 -2.973825 -2.972044 -2.974734
-2.969172 -2.998827 -2.971317 -2.939389 -2.970636
-3.032804 -2.97302 -2.963333 -2.940356 -2.974673
-2.986356 -2.952945 -2.970339 -3.032682 -2.985163
-2.935965 -2.988484 -2.908446 -2.970866 -3.002503
-2.9544 -2.945962 -2.964719 -2.991072 -2.936691
-2.9132 -2.967918 -2.977462 -2.948912 -2.939296
-2.975922 -2.944858 -3.008983 -2.964657 -2.940757
-2.989307 -2.961045 -2.964974 -3.018928 -2.962229
-2.981646 -2.962713 -2.813384 -3.005029 -2.983152
-2.988456 -2.955466 -2.966684 -2.984811 -2.941116
-2.962434 -2.985373 -2.990746 -2.964466 -2.938859
-2.942399 -2.96447 -2.97703 -2.990404 -2.980139
-3.016961 -2.952731 -2.942571 -2.984264 -2.991784
-3.004878 -2.978846 -3.004228 -3.013798 -2.969577
-2.972658 -2.980248 -2.995153 -3.006679 -2.980269
-2.97157 -2.959652 -2.974332 -2.961966 -2.974825
-2.959706 -2.974903 -2.855502 -2.966879 -3.017905
-3.021407 -2.976679 -2.995411 -2.953946 -2.884734
-2.947048 -2.988506 -2.950259 -2.977859 -2.88505
-2.972222
