-2.880361 -2.88094 -2.788521 -2.898865 -2.867965
-2.851892 -2.844009 -2.79781 -2.879355 -2.916232
-2.824235 -2.881358 -2.894607 -2.874782 -2.902806
-2.863273 -2.935486 -2.864766 -2.893348 -2.912694
-2.901427 -2.878605 -2.880476 -2.941941 -2.8757
-2.862534 -2.851031 -2.887862 -2.882651 -2.893405
-2.914191 -2.853785 -2.853525 -2.910368 -2.939006
-2.879143 -2.894673 -2.834319 -2.90941 -2.869703
-2.845077 -2.87782 -2.874296 -2.853429 -2.895672
-2.874005 -2.919166 -2.862677 -2.859322 -2.909761
-2.849591 -2.848949 -2.86885 -2.928245 -2.857885
-2.842855 -2.870549 -2.882468 -2.866283 -2.894399
-2.930717 -2.879622 -2.86056 -2.840438 -2.871026
-2.895272 -2.838396 -2.902652 -2.873934 -2.883582
-2.90071 -2.856314 -2.849573 -2.870154 -2.895915
-2.915464 -2.855692 -2.855589 -2.860344 -2.876752
-2.901555 -2.88502 -2.887566 -2.85962 -2.906688
-2.888544 -2.887958 -2.891358 -2.838007 -2.882203
-2.849918 -2.919639 -2.878818 -2.876986 -2.870445
-2.849809 -2.878257 -2.903727 -2.853883 -2.877009
-2.917498 -2.871035 -2.886581 -2.883807 -2.862986
-2.908392 -2.880573 -2.877139 -2.861294 -2.893255
-2.809061 -2.851481 -2.81172 -2.91563 -2.859906
-2.85487 -2.873093 -2.922811 -2.887875 -2.874198
-2.866192 -2.886237 -2.874348 -2.900087 -2.836034
-2.848088 -2.851423 -2.824437 -2.874371 -2.855058
-2.815863 -2.835203 -2.881634 -2.879608 -2.884923
-2.879806 -2.890883 -2.838321 -2.899536 -2.818303
-2.857431 -2.87608 -2.916369 -2.782385 -2.894983
-2.891508 -2.875703 -2.913593 -2.840909 -2.869463
-2.907545 -2.883997 -2.901716 -2.862 -2.896156
-2.882993 -2.845573 -2.839978 -2.864001 -2.887208
-2.892309 -2.919135 -2.941793 -2.885164 -2.882823
-2.868378 -2.876808 -2.845721 -2.883757 -2.894046
-2.82874 -2.917986 -2.86356 -2.847304 -2.801797
-2.867009 -2.867839 -2.89298 -2.888173 -2.880532
-2.872962 -2.866447 -2.849488 -2.874952 -2.936965
-2.841126 -2.914839 -2.873981 -2.897956 -2.901298
-2.864845 -2.838543 -2.892617 -2.900262 -2.894016
-2.898213 -2.908616 -2.942209 -2.827877 -2.898161
-2.939031
