-2.867297 -2.929075 -2.859985 -2.841557 -2.80537
-2.820584 -2.852011 -2.831331 -2.828542 -2.828653
-2.895363 -2.90974 -2.840123 -2.925249 -2.854332
-2.84603 -2.850307 -2.769557 -2.829839 -2.843261
-2.839543 -2.902554 -2.865593 -2.808934 -2.867221
-2.858228 -2.905009 -2.87903 -2.857147 -2.882637
-2.88559 -2.859624 -2.810613 -2.825225 -2.831189
-2.810984 -2.759915 -2.882738 -2.855402 -2.753072
-2.779589 -2.872062 -2.91277 -2.86195 -2.902808
-2.865087 -2.883441 -2.877893 -2.841168 -2.852554
-2.855798 -2.822058 -2.817442 -2.851948 -2.882891
-2.792008 -2.85384 -2.872719 -2.85496 -2.828331
-2.889097 -2.826618 -2.869203 -2.931707 -2.869601
-2.863329 -2.87623 -2.959197 -2.861291 -2.907334
-2.792222 -2.817353 -2.832055 -2.807649 -2.819754
-2.844146 -2.856713 -2.924219 -2.858774 -2.887338
-2.893414 -2.933958 -2.923461 -2.88927 -2.929301
-2.774389 -2.807573 -2.703658 -2.811366 -2.85155
-2.82315 -2.787984 -2.856431 -2.867909 -2.834441
-2.905573 -2.844956 -2.792476 -2.901666 -2.820241
-2.896966 -2.826381 -2.85253 -2.812177 -2.860868
-2.792412 -2.835633 -2.891875 -2.937 -2.909879
-2.903078 -2.842259 -2.86639 -2.900271 -2.875974
-2.848839 -2.879315 -2.814252 -2.917661 -2.867954
-2.789097 -2.86718 -2.854393 -2.932939 -2.88424
-2.868732 -2.857065 -2.894415 -2.892628 -2.882753
-2.849912 -2.840076 -2.845181 -2.867926 -2.907136
-2.770538 -2.876068 -2.856104 -2.838529 -2.862448
-2.877126 -2.825806 -2.856751 -2.893237 -2.830284
-2.85366 -2.842068 -2.864471 -2.892257 -2.87626
-2.861005 -2.868333 -2.885984 -2.790768 -2.832855
-2.821035 -2.828546 -2.858793 -2.78252 -2.846134
-2.921221 -2.855592 -2.841338 -2.727433 -2.840121
-2.892912 -2.858038 -2.871971 -2.783105 -2.861085
-2.823269 -2.848146 -2.877776 -2.785793 -2.879684
-2.869007 -2.821764 -2.835911 -2.89979 -2.850239
-2.897205 -2.917835 -2.86848 -2.844306 -2.868729
-2.750238 -2.844488 -2.745321 -2.86146 -2.878968
-2.894916 -2.887638 -2.842999 -2.862778 -2.785163
-2.802432 -2.875261 -2.84107 -2.786264 -2.855863
-2.827151
