-2.922172 -2.908451 -2.938787 -2.931089 -2.850011
-2.908869 -2.918509 -2.908597 -2.949468 -2.910794
-2.937162 -2.878869 -2.912947 -2.92188 -2.92768
-2.94647 -2.926408 -2.916218 -2.907151 -2.930982
-2.982162 -2.966221 -2.959186 -2.940195 -2.999656
-2.926377 -2.910248 -2.883952 -2.88888 -2.970125
-2.865099 -2.935498 -2.872301 -2.9556 -2.916252
-2.936242 -2.863807 -2.913971 -2.929859 -2.889702
-2.966737 -2.877622 -2.92596 -2.894359 -2.909052
-2.932504 -2.927446 -2.94698 -2.877084 -2.962744
-2.924699 -2.899092 -2.929922 -2.915969 -2.906305
-2.922432 -2.88845 -2.939233 -2.883023 -2.930667
-2.93188 -2.940646 -2.971485 -2.945943 -2.89971
-2.982524 -2.897931 -2.877215 -2.974083 -2.9036
-2.960028 -2.931932 -2.897972 -2.910161 -2.883648
-2.963881 -2.905033 -2.898304 -2.93091 -2.844387
-2.938027 -2.898591 -2.930138 -2.929923 -2.959765
-2.957605 -2.93326 -2.877572 -2.94963 -2.899082
-2.881457 -2.923689 -2.851961 -2.94565 -2.915337
-2.928887 -2.923743 -2.902381 -2.876393 -2.944189
-2.886313 -2.868113 -2.919581 -2.924023 -2.930706
-2.872975 -2.928612 -2.96903 -2.872566 -2.956829
-2.946887 -2.89866 -2.89666 -2.877405 -2.885537
-2.95844 -2.905743 -2.931085 -2.965164 -2.963485
-2.990634 -2.916392 -2.876179 -2.917172 -2.993157
-2.916888 -2.97368 -2.930816 -2.94695 -2.947659
-2.88009 -2.901089 -2.928623 -2.876471 -2.841175
-2.903116 -2.887487 -2.921761 -2.950513 -2.822228
-2.936254 -2.914744 -2.892653 -2.89132 -2.912028
-2.858804 -2.813335 -2.912597 -2.995133 -2.91042
-2.874307 -2.939607 -2.931993 -2.899802 -2.896095
-2.878601 -2.955781 -2.930912 -2.901947 -2.904256
-2.936229 -2.903704 -2.926521 -2.953821 -2.938903
-2.910339 -2.940147 -2.910372 -2.88711 -2.886194
-2.965642 -2.871966 -2.90738 -2.882034 -2.922698
-2.918761 -2.940859 -2.910245 -2.92166 -2.982246
-2.932102 -2.883768 -2.951524 -2.924177 -3.023698
-2.957001 -2.948964 -2.928489 -2.948611 -2.926917
-2.885249 -2.923126 -2.916039 -2.864804 -2.935052
-2.908689 -2.998305 -2.888201 -2.928891 -2.99576
-2.905009
