-2.836173 -2.80471 -2.837635 -2.844806 -2.921838
-2.789868 -2.795304 -2.868345 -2.7955 -2.819245
-2.856445 -2.828006 -2.864252 -2.875336 -2.828517
-2.851771 -2.799547 -2.931742 -2.826749 -2.873705
-2.84351 -2.821234 -2.866949 -2.802828 -2.850891
-2.870394 -2.851812 -2.781946 -2.863076 -2.810644
-2.916406 -2.805075 -2.777717 -2.798196 -2.846193
-2.753739 -2.864961 -2.825035 -2.842355 -2.731719
-2.855091 -2.773094 -2.819462 -2.851889 -2.788206
-2.737763 -2.854145 -2.813934 -2.864732 -2.81298
-2.821541 -2.873048 -2.819557 -2.741709 -2.810105
-2.770438 -2.825617 -2.832422 -2.799096 -2.819497
-2.85923 -2.856776 -2.815496 -2.770322 -2.799095
-2.84723 -2.834091 -2.812448 -2.814664 -2.855195
-2.771795 -2.825905 -2.845056 -2.824887 -2.86105
-2.91046 -2.813975 -2.846573 -2.733711 -2.818357
-2.820124 -2.855181 -2.888015 -2.814269 -2.837137
-2.835258 -2.857127 -2.859292 -2.834816 -2.795644
-2.803626 -2.821238 -2.851817 -2.82952 -2.808645
-2.826635 -2.800698 -2.924907 -2.801109 -2.81067
-2.848804 -2.902225 -2.807645 -2.840397 -2.792462
-2.857244 -2.816362 -2.83701 -2.795639 -2.824584
-2.78079 -2.868251 -2.837491 -2.785033 -2.877892
-2.919494 -2.877867 -2.819966 -2.842245 -2.845298
-2.769341 -2.794658 -2.821618 -2.814473 -2.88885
-2.825791 -2.868747 -2.854524 -2.855715 -2.785127
-2.844417 -2.79848 -2.756931 -2.930752 -2.811792
-2.776489 -2.832209 -2.851696 -2.80065 -2.83848
-2.889023 -2.857647 -2.761428 -2.847949 -2.834901
-2.952869 -2.8466 -2.919868 -2.842911 -2.91766
-2.832263 -2.843522 -2.774008 -2.763543 -2.854209
-2.815651 -2.853915 -2.889961 -2.82207 -2.807838
-2.771832 -2.917118 -2.830573 -2.792564 -2.756255
-2.902565 -2.821201 -2.781857 -2.88325 -2.849867
-2.839825 -2.808016 -2.840442 -2.827357 -2.884355
-2.806949 -2.785013 -2.838691 -2.857751 -2.812433
-2.866419 -2.844758 -2.836104 -2.854284 -2.749723
-2.855742 -2.864718 -2.851712 -2.878903 -2.807172
-2.872608 -2.822886 -2.854966 -2.790066 -2.750414
-2.812594 -2.792956 -2.845465 -2.905882 -2.818997
-2.861357
