-2.902801 -2.912591 -2.855039 -2.806253 -3.003097
-2.846066 -2.923499 -2.851346 -2.859441 -2.909725
-2.856282 -2.939982 -2.973851 -2.870853 -2.856139
-2.960914 -2.951031 -2.832436 -2.944536 -2.834725
-2.91449 -2.990954 -2.902576 -2.848828 -2.759256
-2.873019 -2.85738 -2.856311 -2.887591 -2.908083
-2.833274 -2.932879 -2.726867 -2.886582 -2.816603
-2.922654 -2.993273 -2.861067 -2.962376 -2.875094
-2.905499 -2.816259 -2.829856 -2.784836 -2.862682
-2.745889 -2.778551 -2.867714 -2.926593 -2.868975
-2.932696 -2.903464 -2.848231 -2.905316 -2.819495
-2.898578 -2.870922 -2.949172 -2.977908 -2.862671
-2.917915 -2.866583 -2.876755 -2.838183 -2.850351
-2.910923 -2.905864 -2.874633 -2.88601 -2.826636
-2.677505 -2.694664 -2.925407 -2.888258 -2.924762
-2.693986 -2.870052 -2.911219 -2.864177 -2.751112
-2.930557 -2.861063 -2.92324 -2.908101 -2.862856
-2.88278 -2.937551 -2.795799 -2.905463 -2.950854
-2.891755 -2.993242 -2.839033 -2.866553 -2.956015
-2.81808 -2.704655 -2.821255 -2.940141 -2.916813
-2.887494 -2.92873 -2.944219 -2.948115 -2.777916
-2.896468 -2.883754 -2.886281 -2.969271 -2.870111
-2.897917 -2.968129 -2.798837 -2.809119 -2.813873
-2.961686 -2.936536 -2.843019 -2.86508 -2.899768
-2.966018 -2.890501 -2.92083 -2.867015 -2.92661
-2.624029 -3.007605 -2.939785 -3.056936 -2.989611
-3.011059 -2.879684 -2.87731 -2.810553 -2.913017
-2.827793 -2.846728 -2.932287 -2.92499 -2.892638
-3.02693 -2.94239 -2.936502 -2.891842 -2.925951
-2.817076 -2.808367 -2.305413 -2.902222 -2.489897
-2.831096 -3.00725 -2.914228 -2.874411 -2.813069
-2.90192 -2.90958 -2.844157 -2.400786 -2.892964
-2.927448 -2.462698 -2.670062 -2.978287 -2.916288
-2.962309 -2.934224 -2.839366 -2.873274 -2.912338
-3.001693 -2.890376 -2.82161 -2.903285 -2.889041
-2.910351 -2.90685 -2.929472 -2.89636 -2.879549
-2.817284 -2.74357 -2.955084 -2.883808 -2.985229
-2.866062 -2.693301 -2.928065 -2.904675 -2.869696
-2.95804 -2.850015 -2.927792 -2.961911 -2.512036
-2.887153 -2.894527 -2.90153 -2.925413 -2.883644
-2.921151
