-2.807412 -2.783029 -2.799729 -2.855378 -2.775931
-2.782611 -2.80987 -2.772485 -2.779728 -2.809813
-2.788672 -2.775326 -2.806057 -2.767873 -2.80236
-2.812019 -2.782984 -2.794456 -2.831377 -2.773457
-2.808683 -2.835996 -2.791439 -2.771555 -2.787701
-2.825163 -2.798181 -2.783783 -2.762427 -2.811048
-2.791964 -2.834488 -2.794944 -2.812734 -2.799986
-2.843949 -2.787631 -2.80873 -2.803952 -2.791466
-2.789707 -2.795581 -2.808196 -2.786067 -2.828045
-2.799651 -2.820068 -2.749573 -2.775865 -2.798575
-2.822378 -2.779118 -2.741702 -2.804019 -2.789085
-2.796416 -2.773225 -2.776384 -2.705226 -2.754626
-2.762308 -2.796362 -2.814032 -2.780631 -2.793535
-2.808713 -2.791716 -2.812557 -2.794205 -2.815006
-2.801587 -2.777605 -2.829238 -2.808603 -2.804802
-2.782347 -2.805059 -2.827476 -2.824648 -2.747804
-2.82572 -2.808094 -2.810178 -2.809792 -2.833328
-2.7892 -2.814449 -2.781584 -2.808736 -2.782681
-2.703484 -2.801756 -2.780566 -2.789016 -2.781347
-2.810326 -2.851399 -2.817042 -2.789123 -2.818315
-2.76844 -2.77026 -2.809166 -2.810146 -2.811396
-2.794691 -2.785213 -2.814376 -2.813068 -2.811089
-2.815989 -2.770449 -2.818074 -2.78947 -2.798278
-2.777221 -2.782763 -2.791535 -2.762606 -2.815196
-2.798266 -2.787163 -2.788837 -2.797694 -2.788766
-2.738269 -2.747274 -2.786701 -2.839448 -2.727975
-2.764114 -2.789787 -2.826183 -2.778271 -2.758401
-2.773266 -2.825553 -2.799386 -2.700974 -2.798257
-2.776796 -2.783621 -2.784739 -2.796091 -2.808207
-2.794338 -2.804131 -2.790475 -2.816428 -2.812052
-2.833097 -2.770944 -2.760358 -2.813182 -2.845278
-2.783406 -2.817221 -2.810778 -2.790688 -2.811446
-2.828908 -2.813358 -2.783656 -2.745453 -2.770535
-2.761909 -2.811191 -2.795695 -2.77726 -2.79675
-2.770563 -2.763322 -2.762659 -2.80074 -2.829096
-2.758805 -2.752122 -2.808926 -2.768225 -2.785623
-2.83426 -2.816562 -2.803221 -2.770874 -2.792875
-2.808073 -2.818474 -2.804785 -2.804806 -2.817534
-2.783696 -2.83438 -2.778417 -2.824516 -2.795206
-2.809282 -2.829938 -2.791129 -2.780623 -2.800041
-2.775487
