-2.791351 -2.704831 -2.695456 -2.797578 -2.793048
-2.795322 -2.816221 -2.752269 -2.769027 -2.862867
-2.864081 -2.823503 -2.746873 -2.789338 -2.846506
-2.812661 -2.844442 -2.73656 -2.713637 -2.723801
-2.772112 -2.720954 -2.771961 -2.875497 -2.748297
-2.780624 -2.670293 -2.788637 -2.741234 -2.806687
-2.781816 -2.762999 -2.751175 -2.749622 -2.828266
-2.800348 -2.77777 -2.723944 -2.768854 -2.771977
-2.852295 -2.853304 -2.704954 -2.698361 -2.640449
-2.78752 -2.757386 -2.765772 -2.817113 -2.827168
-2.863689 -2.763852 -2.812359 -2.860425 -2.781661
-2.813567 -2.740455 -2.777029 -2.715054 -2.794098
-2.788459 -2.740759 -2.754407 -2.828319 -2.763785
-2.796065 -2.822805 -2.840369 -2.72919 -2.791294
-2.838224 -2.809803 -2.777756 -2.881104 -2.797663
-2.763145 -2.83834 -2.844465 -2.784606 -2.773927
-2.789199 -2.79471 -2.796343 -2.745062 -2.804323
-2.80634 -2.806506 -2.76387 -2.769979 -2.77683
-2.784337 -2.837348 -2.733162 -2.818511 -2.877784
-2.741748 -2.810886 -2.805492 -2.701717 -2.772018
-2.717635 -2.786909 -2.785233 -2.831825 -2.767206
-2.785254 -2.798166 -2.797759 -2.747349 -2.692333
-2.83733 -2.75637 -2.795803 -2.811748 -2.788492
-2.760568 -2.786391 -2.76633 -2.829412 -2.782306
-2.75416 -2.794162 -2.856283 -2.710046 -2.847196
-2.797249 -2.849842 -2.801959 -2.76838 -2.835068
-2.82843 -2.791562 -2.701188 -2.735114 -2.720434
-2.800805 -2.805767 -2.832542 -2.821467 -2.78597
-2.818128 -2.74155 -2.79385 -2.814869 -2.834672
-2.78733 -2.781758 -2.772174 -2.795134 -2.699279
-2.793521 -2.849102 -2.788612 -2.728783 -2.690657
-2.754888 -2.89759 -2.866758 -2.679354 -2.862632
-2.763756 -2.733852 -2.763919 -2.77271 -2.749736
-2.789969 -2.773451 -2.830975 -2.791026 -2.861874
-2.740019 -2.84813 -2.793917 -2.796993 -2.708819
-2.843296 -2.739452 -2.817549 -2.87625 -2.779654
-2.739698 -2.815838 -2.824066 -2.826069 -2.723918
-2.793761 -2.801216 -2.732499 -2.739952 -2.883547
-2.832688 -2.786732 -2.730682 -2.806329 -2.852282
-2.762331 -2.895955 -2.763718 -2.708721 -2.765091
-2.83689
