-2.908179 -2.831113 -2.910217 -2.984271 -2.844257
-2.835011 -2.93172 -2.886529 -2.862765 -2.833426
-2.881734 -2.949853 -2.920587 -2.835898 -2.883315
-2.918192 -2.893176 -2.932121 -2.909486 -2.861574
-2.883334 -2.854742 -2.780564 -2.865882 -2.786623
-2.890077 -2.822949 -2.87576 -2.971144 -2.845215
-2.90257 -2.910759 -2.891826 -2.869573 -2.858255
-2.921607 -2.931345 -2.876837 -2.929909 -2.890642
-2.946883 -2.875508 -2.948732 -2.98892 -2.920689
-2.888937 -2.883475 -2.887863 -2.911874 -2.915868
-2.926836 -2.981663 -2.867624 -2.868581 -2.914472
-2.796821 -2.889667 -2.919107 -2.913388 -2.913702
-2.818935 -2.960093 -2.864783 -2.949268 -2.958278
-2.88501 -2.901233 -2.95244 -2.961985 -2.858506
-2.865127 -2.856434 -2.784674 -2.894141 -2.871489
-2.829879 -2.930595 -2.96482 -2.909294 -2.890476
-2.869965 -2.895924 -2.862363 -2.898471 -2.935821
-2.887404 -2.83563 -2.874959 -2.915211 -2.955937
-2.879907 -2.881091 -2.799922 -2.837264 -2.863148
-2.929086 -2.925207 -2.964442 -2.908156 -2.876989
-2.790179 -2.986442 -2.919807 -2.945819 -2.887778
-2.914342 -2.949655 -2.814631 -2.966533 -2.842057
-2.927104 -2.860013 -2.899675 -2.785439 -2.930272
-2.894241 -2.81144 -2.95836 -2.921744 -2.935015
-2.891639 -2.858495 -2.866826 -2.898179 -2.919368
-2.881087 -2.866783 -2.950369 -2.878384 -2.738004
-2.861553 -2.896343 -2.803967 -2.910532 -2.991663
-2.951782 -2.938713 -2.843429 -2.894162 -2.907638
-2.818671 -2.896911 -2.862775 -2.862887 -2.922381
-2.90315 -2.931579 -2.920925 -2.852049 -2.859726
-2.944595 -2.924054 -2.914043 -2.876624 -2.844424
-2.858464 -2.924076 -2.843692 -2.889825 -2.910925
-3.000862 -2.858296 -2.828843 -2.848875 -2.844963
-2.852585 -2.881859 -2.87021 -2.959881 -2.863651
-2.927402 -2.848444 -2.914709 -2.8989 -2.812632
-2.916009 -2.888941 -2.807263 -2.971189 -2.938909
-2.893829 -2.874341 -2.880833 -2.97315 -2.945499
-2.902374 -2.869811 -2.873598 -2.899521 -2.867852
-3.019366 -2.93962 -2.962223 -2.904324 -2.909767
-2.930909 -2.908119 -2.95792 -2.848825 -2.887354
-2.806381
