-2.896243 -2.919354 -2.86018 -2.82678 -2.841623
-2.779344 -2.861621 -2.858312 -2.894135 -2.798508
-2.907985 -2.881178 -2.872807 -2.860101 -2.902591
-2.90406 -2.89997 -2.946771 -2.845284 -2.963069
-2.989742 -2.971937 -2.804087 -2.884487 -2.936248
-2.908338 -2.986076 -2.909114 -2.685174 -2.866726
-2.82474 -2.84083 -2.89908 -2.884835 -2.887516
-2.780462 -2.847144 -2.854409 -2.888599 -2.79451
-2.991963 -2.871351 -2.863777 -2.853606 -2.902048
-2.937533 -2.79282 -2.932714 -2.877387 -2.824159
-2.926449 -2.855198 -2.927539 -3.030508 -2.85604
-2.460874 -2.825102 -2.914951 -2.865667 -2.956172
-2.933626 -2.845986 -2.884609 -2.959021 -2.930451
-2.809202 -2.838101 -2.944412 -2.89125 -2.859029
-2.880674 -2.862524 -2.899298 -2.884168 -2.858352
-2.973415 -2.866191 -2.920626 -2.871898 -2.917896
-2.91975 -2.864485 -2.904877 -2.869852 -2.85464
-2.937227 -2.913685 -2.864688 -2.881945 -2.956922
-2.925858 -2.865856 -2.830428 -2.975402 -2.323599
-2.83446 -2.878917 -2.899867 -2.945426 -2.387836
-2.914867 -2.656362 -2.885074 -2.866022 -2.912269
-2.890026 -2.866165 -2.909384 -2.874229 -2.948519
-2.848461 -2.873176 -2.714265 -2.893557 -2.996254
-2.833969 -2.857974 -2.875033 -2.837748 -2.923385
-2.82511 -2.869978 -2.861418 -2.933197 -2.945605
-2.834652 -2.960419 -2.895562 -2.895713 -2.773246
-2.928724 -2.978052 -2.924514 -2.797279 -2.959564
-2.925136 -2.869623 -2.891291 -2.924327 -2.948215
-2.824217 -2.874496 -2.992869 -2.845769 -2.863989
-2.812512 -2.84432 -2.91323 -2.846241 -2.92183
-2.827668 -2.723463 -2.86346 -2.830782 -2.899808
-2.820801 -2.881112 -2.919548 -2.863127 -2.903975
-2.903024 -2.926394 -2.884555 -2.838639 -2.883683
-2.856147 -2.980012 -2.943931 -2.857592 -2.863671
-2.860455 -2.819845 -2.825223 -2.851452 -2.865808
-2.880092 -2.961911 -2.836257 -2.958282 -2.700889
-2.914715 -2.900652 -2.929002 -2.912615 -2.780235
-2.918521 -2.993302 -2.911594 -2.906664 -2.926294
-2.911754 -2.804828 -2.919065 -2.827538 -2.799848
-2.95847 -2.915489 -2.937427 -2.935278 -2.56169
-2.881257
