-2.912082 -2.671515 -2.583988 -2.939226 -2.879273
-2.822755 -2.934128 -2.818858 -2.813842 -2.91381
-2.974139 -2.796916 -2.927283 -2.823462 -2.742495
-2.832898 -2.904836 -2.838033 -2.901008 -2.917622
-2.828377 -2.892325 -2.92912 -2.877985 -2.918664
-2.876708 -2.558266 -2.4986 -2.90687 -2.824974
-2.878952 -2.864245 -2.874911 -2.905933 -2.899946
-2.958643 -2.881605 -2.928766 -2.90421 -2.888789
-2.936175 -2.899041 -2.901996 -2.799575 -2.930206
-2.920611 -2.927068 -2.930812 -2.89917 -2.901185
-2.880573 -2.88394 -2.882448 -2.840668 -2.986845
-2.906242 -2.443033 -2.791412 -2.826186 -2.875119
-2.824013 -2.889743 -2.924072 -2.958751 -2.988409
-2.879677 -2.970255 -2.903217 -2.866817 -2.942634
-2.854786 -2.85462 -2.924574 -2.87652 -2.892462
-2.871689 -2.867791 -2.911529 -2.857047 -2.946089
-2.872159 -2.825021 -2.878661 -2.770214 -2.847384
-2.955337 -2.911509 -2.906293 -2.845693 -2.905053
-2.888291 -2.926642 -2.88174 -2.813116 -2.93201
-2.911191 -2.932948 -2.93554 -2.877225 -2.824993
-2.938882 -2.917279 -2.914743 -2.829516 -2.90228
-2.920045 -2.946734 -2.893731 -2.93953 -2.964554
-2.86446 -2.897905 -2.936435 -2.890848 -2.868562
-2.853203 -2.906655 -2.879245 -2.810713 -2.939118
-2.809314 -2.911469 -2.701528 -2.941878 -2.94188
-2.916252 -2.905196 -2.715904 -2.793843 -2.904017
-2.771118 -2.907844 -2.908482 -2.877385 -2.907859
-2.91699 -2.951777 -2.987645 -2.713046 -2.892947
-2.891398 -2.932675 -2.894713 -2.939949 -2.821644
-2.950334 -2.859374 -2.921525 -2.950232 -2.6855
-2.881384 -2.913457 -2.882694 -2.87462 -2.792077
-2.905229 -2.948892 -2.878305 -2.906928 -2.973037
-2.812257 -2.945177 -2.818243 -2.92936 -2.92701
-2.792738 -2.875253 -2.891264 -2.887201 -2.881841
-2.90733 -2.905919 -2.874161 -2.901296 -2.989125
-3.033315 -2.884634 -2.910727 -2.918894 -2.870949
-2.85263 -2.88432 -2.905538 -2.873508 -2.809063
-2.893982 -2.891003 -2.918789 -2.917522 -2.91482
-2.847384 -2.883332 -2.877712 -2.869904 -2.855636
-2.842157 -2.888549 -2.75228 -2.878213 -2.86513
-2.880944
