-2.821124 -2.769058 -2.742182 -2.786006 -2.82044
-2.791784 -2.798598 -2.822159 -2.825454 -2.780981
-2.804027 -2.799448 -2.852593 -2.828493 -2.775131
-2.810101 -2.776452 -2.807043 -2.798826 -2.821643
-2.837578 -2.745957 -2.820862 -2.799674 -2.816357
-2.831801 -2.839916 -2.852444 -2.806716 -2.804612
-2.80268 -2.790318 -2.8048 -2.849345 -2.857262
-2.769035 -2.817545 -2.842236 -2.766739 -2.769056
-2.732418 -2.819567 -2.789159 -2.838337 -2.813955
-2.861893 -2.794886 -2.810647 -2.791635 -2.85015
-2.837055 -2.800244 -2.82564 -2.821832 -2.820013
-2.723803 -2.817005 -2.803913 -2.763614 -2.781502
-2.810911 -2.82173 -2.833873 -2.809455 -2.821791
-2.817308 -2.777077 -2.823425 -2.822136 -2.803527
-2.813548 -2.836895 -2.840126 -2.811689 -2.838065
-2.842971 -2.805219 -2.781668 -2.779383 -2.827212
-2.80417 -2.827056 -2.795213 -2.859268 -2.718047
-2.838019 -2.823785 -2.792768 -2.803804 -2.80112
-2.846457 -2.841781 -2.794402 -2.776946 -2.840264
-2.806886 -2.817125 -2.831641 -2.786006 -2.740113
-2.79503 -2.830725 -2.845144 -2.799338 -2.830405
-2.804795 -2.821602 -2.811405 -2.775379 -2.752271
-2.857805 -2.832473 -2.780996 -2.813374 -2.829136
-2.804579 -2.821443 -2.865279 -2.845339 -2.842347
-2.754763 -2.811128 -2.818618 -2.827164 -2.834492
-2.831934 -2.781744 -2.779894 -2.791928 -2.758565
-2.847813 -2.842826 -2.862538 -2.833097 -2.871939
-2.802382 -2.835791 -2.813241 -2.817914 -2.765544
-2.80581 -2.77519 -2.808931 -2.795182 -2.838635
-2.81493 -2.754882 -2.795134 -2.836321 -2.799972
-2.757989 -2.854147 -2.807846 -2.788543 -2.826671
-2.822057 -2.812523 -2.837745 -2.769811 -2.812646
-2.798411 -2.828594 -2.862149 -2.790356 -2.841047
-2.552044 -2.834825 -2.842904 -2.802567 -2.831617
-2.839562 -2.848451 -2.841921 -2.788207 -2.827887
-2.828834 -2.835461 -2.841537 -2.805145 -2.743797
-2.823225 -2.807361 -2.796002 -2.800428 -2.845817
-2.802351 -2.796238 -2.83445 -2.819776 -2.795318
-2.868054 -2.785446 -2.837649 -2.823213 -2.856065
-2.627604 -2.773897 -2.815076 -2.836373 -2.79371
-2.845713
