-2.886413 -2.905185 -2.828178 -2.913549 -2.849819
-2.869071 -2.821895 -2.75148 -2.770065 -2.869746
-2.870193 -2.900946 -2.922952 -2.84277 -2.913006
-2.93202 -2.860998 -2.842528 -2.894059 -2.868192
-2.851696 -2.81168 -2.830641 -2.805086 -2.884836
-2.998718 -2.865715 -2.89311 -2.932046 -2.848995
-2.764788 -2.928557 -2.851446 -3.005017 -2.793679
-2.879544 -2.821328 -2.948217 -2.85411 -2.830772
-2.760735 -2.864881 -2.991712 -2.886626 -2.954844
-2.870003 -2.930828 -2.943815 -2.934313 -2.962817
-2.953917 -2.924308 -2.852411 -2.763768 -2.895469
-2.907945 -2.882679 -2.851763 -2.760261 -2.91755
-2.97521 -2.844751 -2.944854 -2.780643 -2.810493
-2.912448 -2.846567 -2.867625 -2.922373 -2.902989
-2.938451 -2.879915 -2.895706 -2.933198 -2.830337
-2.935189 -2.972627 -2.887382 -2.872505 -2.916923
-2.858691 -2.937696 -2.813773 -2.918344 -2.922475
-2.88183 -2.824438 -2.872194 -2.793815 -2.964446
-2.811211 -2.912178 -2.945262 -2.782768 -2.86338
-2.841009 -2.959828 -2.93518 -2.765707 -2.906794
-2.886889 -2.886127 -2.892881 -2.895212 -2.901679
-2.837365 -2.8828 -2.736461 -2.805918 -2.844761
-2.941145 -2.850122 -2.898866 -2.925131 -2.981039
-2.909859 -2.83257 -2.872521 -2.780231 -2.874747
-2.856227 -2.808631 -2.89059 -2.825255 -2.922245
-2.932578 -2.874136 -2.89516 -2.958999 -2.835416
-2.854466 -2.921457 -2.808359 -2.880898 -2.772256
-2.932412 -2.933246 -2.887252 -2.898476 -2.974615
-2.670941 -2.792683 -2.823812 -2.842307 -2.946012
-2.856508 -2.89611 -2.953758 -2.755509 -2.805725
-2.852896 -2.829793 -2.939657 -2.945178 -2.891613
-2.853932 -2.867261 -2.841279 -2.884926 -2.976585
-2.84155 -2.875066 -2.865809 -2.891035 -2.935728
-2.931011 -2.850014 -2.857608 -2.799725 -2.932101
-2.897068 -2.923272 -2.911266 -2.889504 -2.835645
-2.847313 -2.934375 -2.977083 -2.824801 -2.841254
-2.900339 -2.895377 -2.859057 -2.939108 -2.771421
-2.84862 -2.817375 -2.872206 -2.805148 -2.871101
-2.966872 -2.907168 -2.918388 -2.953915 -2.910008
-2.869615 -2.89195 -2.880156 -2.868954 -2.861368
-2.904105
