-2.91426 -2.944105 -2.922418 -2.909076 -2.910783
-2.815397 -2.834836 -2.890419 -2.925654 -2.885348
-2.804288 -2.899633 -2.86403 -2.894547 -2.893986
-2.892033 -2.916002 -2.911515 -2.872989 -2.912424
-2.888022 -2.909338 -2.904293 -2.905981 -2.927448
-2.896756 -2.844964 -2.921561 -2.870588 -2.923141
-2.901675 -2.857818 -2.877719 -2.941384 -2.921863
-2.90017 -2.870528 -2.921222 -2.897533 -2.94751
-2.927304 -2.884678 -2.908031 -2.932757 -2.876642
-2.859537 -2.822298 -2.805293 -2.950822 -2.902297
-2.890818 -2.938996 -2.876978 -2.867706 -2.890347
-2.866116 -2.897682 -2.858376 -2.867283 -2.882053
-2.904503 -2.855411 -2.799228 -2.890478 -2.897029
-2.889552 -2.858176 -2.885241 -2.861365 -2.874039
-2.846798 -2.866529 -2.887325 -2.831544 -2.918961
-2.926405 -2.880812 -2.869479 -2.952238 -2.938211
-2.864552 -2.904407 -2.878731 -2.905578 -2.891399
-2.944841 -2.892385 -2.884503 -2.890766 -2.948161
-2.960494 -2.908619 -2.637702 -2.908301 -2.811776
-2.877175 -2.834948 -2.876151 -2.923231 -2.937269
-2.926241 -2.881879 -2.957356 -2.793621 -2.752538
-2.919508 -2.922756 -2.882008 -2.908043 -2.873086
-2.903201 -2.92241 -2.878076 -2.888819 -2.873902
-2.865821 -2.872412 -2.901671 -2.889367 -2.728286
-2.913584 -2.529781 -2.952697 -2.881839 -2.895636
-2.83176 -2.894363 -2.879824 -2.824331 -2.903178
-2.873728 -2.912127 -2.933292 -2.835842 -2.941715
-2.908442 -2.904915 -2.909936 -2.892049 -2.872107
-2.882266 -2.883339 -2.876183 -2.858714 -2.92907
-2.93079 -2.832872 -2.903749 -2.896072 -2.855341
-2.827089 -2.88886 -2.904846 -2.879832 -2.916405
-2.941002 -2.901167 -2.838586 -2.882383 -2.955497
-2.912815 -2.868629 -2.913642 -2.894458 -2.866847
-2.896529 -2.894913 -2.925964 -2.882819 -2.927901
-2.903491 -2.920196 -2.92605 -2.901452 -2.934802
-2.901968 -2.872267 -2.892376 -2.890457 -2.977122
-2.888705 -2.882981 -2.899229 -2.857097 -2.909274
-2.85842 -2.912241 -2.920592 -2.897292 -2.883184
-2.873518 -2.875339 -2.910901 -2.944163 -2.911415
-2.860675 -2.865126 -2.836884 -2.837808 -2.907523
-2.924725
