-2.932956 -2.958328 -2.932539 -2.93193 -2.87921
-2.8819 -2.954672 -2.941952 -2.867448 -2.898952
-2.958016 -2.931116 -2.925131 -2.93772 -2.903823
-2.845914 -2.975223 -2.866052 -2.945784 -2.908746
-3.021956 -2.934802 -2.868254 -2.954755 -2.873105
-2.974941 -2.908035 -2.868075 -2.940913 -2.912398
-2.875304 -2.943663 -2.920392 -2.876223 -3.012713
-2.941502 -2.913634 -2.998856 -2.898192 -2.936305
-2.924429 -2.861865 -2.966763 -2.958796 -2.908072
-2.928167 -2.904389 -2.968277 -2.957383 -2.930368
-2.948694 -2.818912 -2.963702 -2.947138 -2.777227
-2.947476 -2.988299 -2.952082 -2.923213 -2.942215
-2.910734 -2.879432 -2.909241 -2.947601 -2.986132
-2.87356 -2.848439 -3.008901 -2.924692 -2.912781
-2.859409 -2.877978 -2.94952 -2.902351 -2.987685
-2.905008 -2.984239 -2.907674 -2.980465 -2.828843
-2.960293 -2.882714 -2.954197 -2.988761 -2.83918
-2.923394 -2.921298 -2.901525 -2.938312 -2.935454
-2.895912 -2.794677 -2.932484 -2.904263 -2.952263
-2.887386 -2.932386 -2.977799 -2.924275 -2.896345
-2.889378 -2.845228 -2.961559 -2.949304 -2.935487
-2.949194 -2.932601 -2.9155 -2.942092 -2.892994
-2.953852 -2.835973 -2.944981 -2.977954 -2.881342
-2.948016 -2.963655 -2.884122 -2.978228 -2.961757
-2.896292 -2.952826 -2.901407 -2.979716 -2.866291
-2.965261 -2.92042 -2.954825 -2.933423 -2.894115
-2.881196 -2.885093 -2.887406 -2.880613 -2.933529
-2.935469 -2.921655 -2.978914 -2.975099 -2.925873
-2.788375 -2.910238 -2.92013 -2.969709 -2.926278
-2.919375 -2.896591 -2.894899 -2.940247 -2.888364
-2.917936 -2.904609 -2.927992 -2.922533 -2.893372
-2.850775 -2.963604 -2.923029 -2.906979 -2.94177
-2.876015 -2.967055 -2.901454 -2.986371 -2.965823
-2.931504 -2.959217 -2.972338 -2.904869 -2.877114
-2.887232 -3.015658 -2.853508 -2.905481 -2.904125
-2.916143 -2.97683 -2.934968 -2.934022 -2.907007
-2.844404 -2.944324 -2.991737 -2.89949 -2.945352
-2.938618 -2.966571 -2.963793 -2.898366 -2.914369
-2.902225 -2.943436 -2.94847 -2.939791 -2.903408
-2.926176 -2.943854 -2.911009 -2.925049 -2.941513
-2.976324
