-2.912011 -2.868443 -2.92648 -2.896222 -2.964208
-2.913917 -2.921261 -2.949616 -2.899278 -2.914518
-2.973556 -2.926869 -2.996492 -2.948358 -2.837097
-3.009891 -3.001221 -2.960578 -2.854206 -2.891422
-2.866589 -2.891628 -3.061482 -2.883181 -2.95642
-2.887681 -2.96709 -2.898687 -2.901673 -2.986303
-2.874692 -2.837281 -2.940186 -3.019674 -2.823284
-2.960492 -2.93612 -2.923026 -2.892548 -3.040312
-2.83524 -2.849479 -2.871702 -2.816834 -2.995587
-2.892626 -2.960826 -2.882324 -2.818891 -2.915553
-2.839366 -2.899942 -2.963059 -3.011165 -2.865962
-2.921432 -2.942679 -2.790298 -2.904422 -2.856898
-2.983893 -2.948249 -2.800023 -2.83875 -2.868733
-2.939899 -2.965876 -3.000444 -3.004306 -2.994841
-2.933654 -2.778501 -2.931526 -2.955387 -2.836509
-2.9337 -2.935156 -2.880805 -2.904041 -2.926945
-2.885012 -2.896462 -2.855101 -2.961717 -2.96081
-2.895838 -2.998721 -2.91907 -3.030139 -2.905838
-2.862526 -2.936023 -2.911669 -2.879775 -2.967153
-2.875117 -2.93182 -2.961268 -2.936573 -2.93235
-2.807459 -2.895403 -2.838499 -2.97192 -2.849951
-2.925295 -2.860364 -2.846554 -2.852791 -2.882122
-2.911465 -2.991853 -2.919654 -2.902817 -2.839296
-3.005612 -2.953532 -2.886578 -2.910217 -2.974117
-2.801233 -2.893748 -2.905896 -2.869316 -2.976914
-2.900248 -2.909655 -2.881463 -2.856157 -2.987198
-2.953498 -2.93306 -2.986363 -2.943865 -2.99613
-2.957613 -2.826067 -2.973334 -2.886598 -2.96734
-2.891792 -2.873389 -2.954877 -2.908404 -2.84219
-2.808689 -2.923941 -2.963466 -3.009748 -2.860832
-2.927614 -2.930783 -2.938026 -2.942119 -2.898322
-2.893293 -2.897329 -2.964971 -2.879709 -2.910236
-2.863893 -2.959461 -2.989393 -2.996015 -2.852461
-2.908898 -2.994105 -2.988147 -2.840427 -2.921131
-2.940905 -2.784686 -2.952144 -2.953867 -2.905454
-3.029661 -2.786724 -2.981312 -2.892867 -2.912355
-2.839558 -2.877478 -2.805684 -2.991523 -2.975431
-2.832501 -2.937023 -2.864833 -2.870956 -2.917381
-2.775776 -2.895237 -2.990365 -2.913045 -2.960076
-2.854401 -2.980492 -2.912198 -2.953111 -2.928465
-2.884252
