-2.803221 -2.73838 -2.783146 -2.728058 -2.730588
-2.794519 -2.70036 -2.790524 -2.778178 -2.764735
-2.676297 -2.753151 -2.86689 -2.777407 -2.796855
-2.772937 -2.624795 -2.745852 -2.80993 -2.747989
-2.826847 -2.847746 -2.748761 -2.850441 -2.814273
-2.85149 -2.750637 -2.769765 -2.760749 -2.847693
-2.756882 -2.776273 -2.729725 -2.76522 -2.798931
-2.834131 -2.831355 -2.758638 -2.8106 -2.805776
-2.833414 -2.796727 -2.790508 -2.745507 -2.78258
-2.722394 -2.748483 -2.73506 -2.832172 -2.815422
-2.80899 -2.844318 -2.760231 -2.809231 -2.788447
-2.760142 -2.808038 -2.750303 -2.815635 -2.818571
-2.747915 -2.767364 -2.808722 -2.796566 -2.772658
-2.74454 -2.755791 -2.819949 -2.773083 -2.75661
-2.885035 -2.789638 -2.735279 -2.785476 -2.856439
-2.834573 -2.824917 -2.814897 -2.674852 -2.801031
-2.744721 -2.814889 -2.785827 -2.66213 -2.813694
-2.851056 -2.842673 -2.708015 -2.784367 -2.778107
-2.782509 -2.782537 -2.835892 -2.852231 -2.763902
-2.783489 -2.807476 -2.715179 -2.622156 -2.76166
-2.805168 -2.37766 -2.718818 -2.88805 -2.716989
-2.406299 -2.75268 -2.79003 -2.716168 -2.59417
-2.796901 -2.789556 -2.841184 -2.849031 -2.770026
-2.890875 -2.790773 -2.836121 -2.773553 -2.874416
-2.788399 -2.750056 -2.744958 -2.66742 -2.831263
-2.807631 -2.779853 -2.812838 -2.761044 -2.790388
-2.858576 -2.856977 -2.450315 -2.689403 -2.8718
-2.737568 -2.937836 -2.844327 -2.840993 -2.823237
-2.764093 -2.813056 -2.841699 -2.850924 -2.720713
-2.841453 -2.761182 -2.720326 -2.865731 -2.915578
-2.685963 -2.801512 -2.798839 -2.509039 -2.776461
-2.761206 -2.730578 -2.679955 -2.888127 -2.758578
-2.691099 -2.816808 -2.821503 -2.716778 -2.823906
-2.764353 -2.829617 -2.698664 -2.915976 -2.83327
-2.745148 -2.791343 -2.827827 -2.647181 -2.737956
-2.749464 -2.781076 -2.826675 -2.805855 -2.767977
-2.732008 -2.754893 -2.805588 -2.795448 -2.731997
-2.794923 -2.737255 -2.767403 -2.799082 -2.730907
-2.496086 -2.801693 -2.828027 -2.778555 -2.294639
-2.819726 -2.871817 -2.611332 -2.881436 -2.835077
-2.842089
