-2.890597 -2.843115 -2.783089 -2.984407 -2.867579
-2.880583 -2.849369 -2.854618 -2.857559 -2.884844
-2.914462 -2.896957 -2.852282 -2.869069 -2.899913
-2.895233 -2.834907 -2.805159 -2.867823 -2.918497
-2.833472 -2.793444 -2.947496 -2.855977 -2.885121
-2.869406 -2.799364 -2.877678 -2.794814 -2.918244
-2.895506 -2.922667 -2.890995 -2.843298 -2.865935
-2.900838 -2.932323 -2.864325 -2.90302 -2.896406
-2.873985 -2.825803 -2.935881 -2.889394 -2.862992
-2.908704 -2.988222 -2.88042 -2.905263 -2.943818
-2.797109 -2.881424 -2.850159 -2.886417 -2.864432
-2.868762 -2.860084 -2.9045 -2.905082 -2.912844
-2.901355 -2.851442 -2.923626 -2.882589 -2.844308
-2.909639 -2.869503 -2.912376 -2.869697 -2.935484
-2.920295 -2.914843 -2.855252 -2.901053 -2.84728
-2.902749 -2.753878 -2.795816 -2.809528 -2.836285
-2.91024 -2.881633 -2.925663 -2.783689 -2.868907
-2.894056 -2.901824 -2.75335 -2.913335 -2.813033
-2.897178 -2.913735 -2.906534 -2.886349 -2.842817
-2.892575 -2.871522 -2.87358 -2.91737 -2.932503
-2.855713 -2.853849 -2.883936 -2.901533 -2.877146
-2.916769 -2.90473 -2.958633 -2.840882 -2.926433
-2.83601 -2.933747 -2.84909 -2.921294 -2.841728
-2.881098 -2.977757 -2.935914 -2.925175 -2.938356
-2.922818 -2.882013 -2.869487 -2.911401 -2.864321
-2.833616 -2.84312 -2.871598 -2.815008 -2.864819
-2.865159 -2.866871 -2.877268 -2.822221 -2.98024
-2.827119 -2.918697 -2.857974 -2.845678 -2.810235
-2.863798 -2.858074 -2.885842 -2.903851 -2.898289
-2.816688 -2.835766 -2.833964 -2.83153 -2.894464
-2.878045 -2.883227 -2.875832 -2.877564 -2.842429
-2.882187 -2.932036 -2.877997 -2.934994 -2.869036
-2.898135 -2.898478 -2.933833 -2.788489 -2.907158
-2.888857 -2.842897 -2.83907 -2.819134 -2.936072
-2.954054 -2.819573 -2.930605 -2.840202 -2.87491
-2.92579 -2.83967 -2.883182 -2.774835 -2.968459
-2.924455 -2.836807 -2.857002 -2.892057 -2.901276
-2.932462 -2.930677 -2.920071 -2.857879 -2.900411
-2.925529 -2.869667 -2.880203 -2.843122 -2.860361
-2.881136 -2.959826 -2.837251 -2.895984 -2.900775
-2.899134
