-2.859123 -2.864404 -2.838117 -2.833623 -2.865773
-2.817994 -2.861039 -2.869084 -2.841438 -2.757394
-2.944624 -2.852242 -2.890987 -2.85858 -2.861383
-2.786468 -2.900883 -2.808574 -2.845072 -2.810556
-2.886394 -2.87164 -2.849662 -2.899611 -2.882322
-2.884407 -2.884194 -2.838197 -2.770014 -2.871172
-2.853749 -2.905144 -2.901044 -2.871714 -2.870384
-2.847582 -2.845327 -2.866073 -2.858335 -2.794106
-2.833137 -2.874313 -2.834968 -2.836226 -2.845616
-2.829864 -2.905613 -2.863939 -2.871208 -2.864493
-2.89842 -2.842453 -2.883576 -2.867919 -2.883023
-2.911132 -2.833746 -2.832992 -2.852022 -2.922118
-2.84671 -2.822124 -2.805286 -2.900584 -2.835339
-2.848877 -2.812889 -2.874096 -2.866556 -2.85679
-2.857441 -2.855491 -2.790622 -2.869525 -2.892713
-2.866874 -2.909579 -2.845373 -2.865339 -2.859726
-2.853835 -2.852734 -2.825583 -2.845588 -2.880945
-2.878644 -2.893753 -2.928123 -2.858277 -2.851979
-2.871201 -2.912845 -2.888806 -2.862114 -2.832135
-2.888213 -2.86146 -2.864121 -2.890949 -2.829122
-2.867467 -2.893973 -2.811404 -2.846771 -2.90355
-2.862209 -2.83879 -2.861332 -2.865345 -2.816566
-2.813888 -2.86144 -2.896176 -2.818458 -2.890328
-2.858809 -2.824706 -2.804397 -2.810496 -2.829183
-2.845978 -2.826351 -2.853324 -2.817572 -2.82773
-2.882306 -2.84826 -2.9257 -2.848675 -2.87488
-2.836482 -2.852727 -2.859364 -2.873638 -2.783108
-2.797677 -2.837251 -2.875659 -2.853342 -2.88281
-2.847217 -2.841633 -2.827043 -2.890232 -2.847778
-2.868516 -2.85896 -2.847466 -2.831134 -2.893786
-2.844534 -2.819971 -2.843014 -2.862555 -2.86394
-2.800601 -2.800179 -2.882854 -2.832002 -2.902466
-2.825745 -2.845334 -2.776012 -2.824563 -2.875464
-2.859758 -2.822795 -2.762252 -2.818176 -2.853546
-2.889374 -2.860213 -2.935828 -2.844243 -2.93555
-2.871828 -2.874516 -2.822756 -2.844132 -2.879294
-2.930599 -2.87177 -2.812301 -2.848619 -2.834372
-2.79295 -2.90634 -2.855047 -2.880968 -2.910157
-2.88277 -2.865908 -2.847412 -2.913021 -2.842689
-2.866008 -2.816543 -2.903858 -2.84597 -2.878107
-2.902669
