-2.852768 -2.81247 -2.863553 -2.879105 -2.932132
-2.822425 -2.913361 -2.835238 -2.80458 -2.817586
-2.824989 -2.809789 -2.891155 -2.880487 -2.840976
-2.739978 -2.874242 -2.839056 -2.953406 -2.792733
-2.857828 -2.777898 -2.829977 -2.882929 -2.862557
-2.895142 -2.78465 -2.817058 -2.913081 -2.871202
-2.921517 -2.872642 -2.937106 -2.870501 -2.883313
-2.823837 -2.796542 -2.866067 -2.861952 -2.893461
-2.873794 -2.835029 -2.833094 -2.891835 -2.735102
-2.943344 -2.988587 -2.892564 -2.819983 -2.835477
-2.842383 -2.903871 -2.828692 -2.894628 -2.805167
-2.846506 -2.813998 -2.789001 -2.854084 -2.855639
-2.891989 -2.818425 -2.890473 -2.802999 -2.742711
-2.955245 -2.764485 -2.846393 -2.759655 -2.84631
-2.816353 -2.834439 -2.742791 -2.922186 -2.852752
-2.904085 -2.789259 -2.686843 -2.902368 -2.874266
-2.857647 -2.892917 -2.859621 -2.928763 -3.00336
-2.876289 -2.85803 -2.880106 -2.766705 -2.743353
-2.807075 -2.848394 -2.787369 -2.744183 -2.850056
-2.890923 -2.738198 -2.916697 -2.907257 -2.90389
-2.79409 -2.772571 -2.88931 -2.920867 -2.878491
-2.881559 -2.92377 -2.841412 -2.863286 -2.856972
-2.874074 -2.860604 -2.855693 -2.944388 -2.910278
-2.922392 -2.833381 -2.907921 -2.81964 -2.798679
-2.932095 -2.885186 -2.787764 -2.76621 -2.744601
-2.851862 -2.886078 -2.782844 -2.955163 -2.837374
-2.825334 -2.860887 -2.866687 -2.884608 -2.790683
-2.799688 -2.78831 -2.982292 -2.985162 -2.928257
-2.845115 -2.81794 -2.871313 -2.786079 -2.806047
-2.845637 -2.828817 -2.732618 -2.832002 -2.86308
-2.943557 -2.859878 -2.887888 -2.867856 -2.853828
-2.86384 -2.843639 -2.87563 -2.831316 -2.901018
-2.92607 -2.782599 -2.852711 -2.893044 -2.80217
-2.837358 -2.820156 -2.909468 -2.710424 -2.856456
-2.850396 -2.833995 -2.88674 -2.819468 -2.752622
-2.826604 -2.867741 -2.827173 -2.793374 -2.816006
-2.91308 -2.879057 -2.914877 -2.884706 -2.892663
-2.8442 -2.741397 -2.860371 -2.852535 -2.936716
-2.806387 -2.813718 -2.732679 -2.870199 -2.82138
-2.982265 -2.69602 -2.882002 -2.894632 -2.92592
-2.784455
