-2.875743 -2.875529 -2.912106 -2.845786 -2.859306
-2.829685 -2.886166 -2.851774 -2.821028 -2.865488
-2.899743 -2.891395 -2.853327 -2.862771 -2.89384
-2.866801 -2.896439 -2.842743 -2.873769 -2.881769
-2.900316 -2.883362 -2.876587 -2.830973 -2.846338
-2.898479 -2.861885 -2.83115 -2.84241 -2.823862
-2.856747 -2.880062 -2.879433 -2.835879 -2.763337
-2.881476 -2.911146 -2.889539 -2.864918 -2.884692
-2.896711 -2.868072 -2.856599 -2.884079 -2.873472
-2.852569 -2.866071 -2.805813 -2.866806 -2.882221
-2.822184 -2.83717 -2.882245 -2.818367 -2.848364
-2.830153 -2.858917 -2.840292 -2.870288 -2.869507
-2.945132 -2.864489 -2.829257 -2.852763 -2.863811
-2.83828 -2.857435 -2.852569 -2.860857 -2.900666
-2.860453 -2.849712 -2.843826 -2.848399 -2.938763
-2.839226 -2.844334 -2.838994 -2.891388 -2.866831
-2.93582 -2.847912 -2.848213 -2.873151 -2.886203
-2.871199 -2.829557 -2.865337 -2.897986 -2.904931
-2.790446 -2.894139 -2.887411 -2.877874 -2.842818
-2.897934 -2.898776 -2.840039 -2.858991 -2.911331
-2.896717 -2.846839 -2.901499 -2.853578 -2.845904
-2.888443 -2.908412 -2.818368 -2.817658 -2.913083
-2.887475 -2.848308 -2.909964 -2.836758 -2.872502
-2.802961 -2.855381 -2.868387 -2.830942 -2.863056
-2.83871 -2.882127 -2.869172 -2.824574 -2.88505
-2.866018 -2.902535 -2.871428 -2.862878 -2.882714
-2.874045 -2.870025 -2.841602 -2.880857 -2.850782
-2.868449 -2.919146 -2.861334 -2.881278 -2.917623
-2.891527 -2.909724 -2.85349 -2.878538 -2.835796
-2.912546 -2.894066 -2.827069 -2.895556 -2.87482
-2.904316 -2.896182 -2.865568 -2.807897 -2.868419
-2.924412 -2.802829 -2.899047 -2.889847 -2.831113
-2.770168 -2.884539 -2.846262 -2.892007 -2.925948
-2.864384 -2.87656 -2.855631 -2.813674 -2.79947
-2.925301 -2.906887 -2.897412 -2.868799 -2.859846
-2.809192 -2.850096 -2.869954 -2.856693 -2.878038
-2.859263 -2.883072 -2.839934 -2.853818 -2.918108
-2.865547 -2.861035 -2.832843 -2.894279 -2.898395
-2.879896 -2.855458 -2.867719 -2.858928 -2.918986
-2.798163 -2.884661 -2.895871 -2.857741 -2.861174
-2.822138
