-2.863419 -2.897504 -2.851353 -2.868096 -2.86751
-2.870884 -2.866645 -2.844185 -2.824487 -2.909241
-2.750705 -2.886471 -2.73134 -2.837842 -2.854268
-2.823428 -2.847877 -2.861995 -2.849269 -2.508686
-2.831915 -2.846044 -2.842948 -2.864927 -2.853842
-2.85972 -2.867415 -2.892936 -2.841044 -2.907742
-2.828472 -2.859323 -2.811219 -2.818736 -2.830572
-2.847894 -2.912509 -2.352645 -2.794323 -2.90427
-2.846371 -2.878333 -2.382957 -2.815681 -2.889296
-2.850226 -2.84501 -2.810121 -2.843471 -2.820287
-2.897714 -2.823605 -2.86107 -2.870024 -2.801672
-2.935579 -2.828095 -2.839677 -2.717671 -2.806494
-2.907135 -2.843194 -2.819722 -2.878612 -2.828743
-2.877167 -2.839231 -2.853961 -2.812676 -2.919896
-2.808635 -2.822785 -2.899028 -2.935854 -2.891283
-2.888338 -2.831733 -2.87841 -2.879526 -2.671867
-2.829038 -2.856631 -2.584889 -2.795229 -2.871849
-2.870431 -2.774703 -2.832278 -2.81229 -2.824618
-2.877369 -2.366934 -2.808515 -2.842274 -2.509754
-2.845146 -2.806347 -2.816737 -2.828813 -2.815671
-2.874282 -2.835282 -2.909148 -2.862999 -2.813272
-2.824522 -2.824201 -2.743233 -2.846572 -2.213761
-2.783718 -2.840271 -2.864847 -2.923767 -2.888969
-2.90215 -2.888299 -2.867873 -2.87868 -2.853378
-2.819625 -2.813131 -2.705275 -2.880052 -2.879273
-2.81343 -2.84524 -2.857424 -2.816165 -2.775338
-2.752552 -2.781665 -2.904193 -2.806924 -2.725866
-2.895942 -2.741868 -2.799616 -2.867239 -2.916956
-2.855894 -2.816562 -2.849076 -2.84021 -2.623709
-2.873807 -2.815298 -2.833599 -2.911377 -2.840139
-2.875004 -2.797584 -2.882202 -2.847293 -2.847794
-2.847139 -2.918461 -2.849425 -2.826652 -2.851378
-2.860274 -2.783461 -2.900798 -2.83497 -2.836565
-2.900709 -2.870654 -2.831594 -2.399397 -2.85164
-2.844334 -2.738617 -2.851515 -2.827732 -2.847139
-2.884838 -2.879014 -2.845412 -2.860868 -2.392952
-2.837668 -2.879024 -2.842351 -2.620312 -2.836458
-2.890291 -2.859464 -2.471762 -2.898938 -2.855422
-2.794109 -2.903166 -2.824521 -2.798219 -2.887705
-2.870134 -2.902455 -2.92145 -2.784277 -2.796292
-2.841172
