-2.892375 -2.906438 -2.846698 -2.868312 -2.960503
-2.878743 -2.904587 -2.714598 -2.93775 -2.842682
-2.865942 -2.844717 -2.788335 -2.879751 -2.917922
-2.883671 -2.879349 -2.898203 -2.869443 -2.829817
-2.854782 -2.918946 -2.871144 -2.890651 -2.937794
-2.760819 -2.871544 -2.645109 -2.850024 -2.893917
-2.919624 -2.897851 -2.852335 -2.871188 -2.820019
-2.962223 -2.849706 -2.901544 -2.880879 -2.912095
-2.900875 -2.85892 -2.847026 -2.899169 -2.8716
-2.861832 -2.927811 -2.884475 -2.893755 -2.854697
-2.905662 -2.573741 -2.582194 -2.929074 -2.876072
-2.849808 -2.852876 -2.88254 -2.952805 -2.87847
-2.942023 -2.803854 -2.917591 -2.827773 -2.861639
-2.888793 -2.884248 -2.895593 -2.928157 -2.805209
-2.861594 -2.788225 -2.887737 -2.760661 -2.867769
-2.935052 -2.916614 -2.919574 -2.873608 -2.85809
-2.527048 -2.851888 -2.854817 -2.836144 -2.439241
-2.826391 -2.884842 -2.848762 -2.856303 -2.852084
-2.886599 -2.909811 -2.85853 -2.815088 -2.873476
-2.898445 -2.927736 -2.932054 -2.874464 -2.922304
-2.87617 -2.853083 -2.887344 -2.83703 -2.888135
-2.841645 -2.874833 -2.906919 -2.886417 -2.936008
-2.897347 -2.828776 -2.69474 -2.457855 -2.743233
-2.871569 -2.858109 -2.883207 -2.861401 -2.872914
-2.880337 -2.878939 -2.871697 -2.834335 -2.91189
-2.918198 -2.933358 -2.842175 -2.916681 -2.880036
-2.862312 -2.719537 -2.861932 -2.89763 -2.7974
-2.815736 -2.839202 -2.884714 -2.872313 -2.930423
-2.922456 -2.866607 -2.911482 -2.849638 -2.483751
-2.915416 -2.886497 -2.864605 -2.857836 -2.892546
-2.888887 -2.858904 -2.930112 -2.874344 -2.910594
-2.713485 -2.884591 -2.911552 -2.90351 -2.859379
-2.874024 -2.819285 -2.822311 -2.884258 -2.850124
-2.871356 -2.891483 -2.865454 -2.928996 -2.918268
-2.877368 -2.857416 -2.909174 -2.836456 -2.929223
-2.85194 -2.851681 -2.901799 -2.906842 -2.888444
-2.892934 -2.942927 -2.94446 -2.840926 -2.879963
-2.244714 -2.866985 -2.825793 -2.892494 -2.884837
-2.93126 -2.823429 -2.859777 -2.922427 -2.939842
-2.845663 -2.948287 -2.653759 -2.63041 -2.860691
-2.851985
