-2.89106 -2.804981 -2.872021 -2.843118 -2.81716
-2.930779 -2.934113 -2.891625 -2.891829 -2.85604
-2.892743 -2.907189 -2.898251 -2.883643 -2.966218
-2.930725 -2.927017 -2.928774 -2.946867 -2.851087
-2.897364 -2.848535 -2.977496 -2.870569 -2.878966
-2.819006 -2.914979 -2.821559 -2.86336 -2.926477
-2.913818 -2.896683 -2.894939 -2.883325 -2.884902
-2.857129 -2.881213 -2.91011 -2.89432 -2.892442
-2.930495 -2.888357 -2.861998 -2.879076 -2.950765
-2.85064 -2.90307 -2.874659 -2.786685 -2.959934
-2.878259 -2.846098 -2.92951 -2.904681 -2.90208
-2.83285 -2.922119 -2.840289 -2.900734 -2.85479
-2.826343 -2.918325 -2.788618 -2.900763 -2.93244
-2.865428 -2.827813 -2.847554 -2.913111 -2.906018
-2.832398 -2.858034 -2.919423 -2.9195 -2.966077
-2.876329 -2.865649 -2.874103 -2.924439 -2.750463
-2.884466 -2.952688 -2.905902 -2.757319 -2.930623
-2.869957 -2.851876 -2.906179 -2.917256 -2.845908
-2.999297 -2.860451 -2.876965 -2.92438 -2.884081
-2.966733 -2.845618 -2.82953 -2.859202 -2.93355
-2.895339 -2.958795 -2.880209 -2.965831 -2.966088
-2.84874 -2.860855 -2.915099 -2.868453 -2.934172
-2.886351 -2.902809 -2.924063 -2.88397 -2.848073
-2.972014 -2.811154 -2.82657 -2.899139 -2.82066
-2.903299 -2.892477 -2.83563 -2.82661 -2.871919
-2.933483 -2.925924 -2.853639 -2.911979 -2.874227
-2.914323 -2.868679 -2.855373 -2.88657 -2.899494
-2.889693 -2.969303 -2.817011 -2.848295 -2.87536
-2.865 -2.965738 -2.896165 -2.852629 -2.936812
-2.944812 -2.859964 -2.919098 -2.929981 -2.834183
-2.869569 -2.818558 -2.944113 -2.833848 -2.886119
-2.863556 -2.788996 -2.78753 -2.938802 -2.833145
-2.866437 -2.893535 -2.902294 -2.854457 -2.875292
-2.845903 -2.949194 -2.819598 -2.901123 -2.893684
-2.899107 -2.970326 -2.938826 -2.938783 -2.853346
-2.8864 -2.913798 -2.812826 -2.88247 -2.897051
-2.965693 -2.816006 -2.881091 -2.949736 -2.972617
-2.927218 -2.882275 -2.889208 -2.891767 -2.90112
-2.922742 -2.879716 -2.830888 -2.879395 -2.843131
-2.883752 -2.953048 -2.872086 -2.877813 -2.874158
-2.799721
