-2.903128 -2.856616 -2.855286 -3.01004 -2.818022
-2.746743 -2.95559 -2.870227 -2.8969 -2.891822
-2.763598 -2.854775 -2.838597 -2.913244 -2.85851
-2.886373 -2.93977 -2.796778 -2.804915 -2.904872
-2.809609 -2.848566 -2.741892 -2.92373 -2.909557
-2.933649 -3.012044 -2.825799 -2.768778 -2.947946
-2.972253 -2.847868 -2.874938 -2.870928 -2.844527
-2.878222 -2.918086 -2.972303 -2.882419 -2.954644
-2.923833 -2.886762 -2.931606 -2.931599 -2.965125
-2.911559 -2.959175 -2.835512 -2.850953 -2.909769
-2.890577 -2.841333 -2.928795 -2.791484 -2.847237
-2.944774 -2.926714 -2.767306 -3.056814 -2.923221
-2.818635 -2.779239 -2.892406 -2.926072 -2.858596
-2.914854 -2.942833 -2.844034 -2.920111 -2.959646
-2.85549 -2.890678 -2.923871 -2.906075 -2.96352
-2.969735 -2.940571 -2.913945 -2.975173 -2.896456
-2.655898 -2.843648 -2.894477 -2.920628 -2.854943
-2.905578 -2.67873 -2.923712 -2.894671 -2.853405
-2.959452 -2.797003 -2.915497 -2.901202 -2.970876
-2.927533 -2.92759 -2.823859 -2.873026 -2.840033
-2.912995 -2.837221 -2.850281 -2.932532 -2.696204
-2.848103 -2.889635 -2.946985 -2.930178 -2.751378
-2.874689 -2.853304 -2.93928 -2.813954 -2.888162
-2.78391 -2.82897 -2.902051 -2.955329 -2.92031
-2.940972 -2.921242 -2.847523 -2.80193 -2.860295
-2.951889 -2.649659 -2.952611 -2.75109 -2.93048
-2.893311 -2.885606 -2.710803 -2.813906 -2.97078
-2.897387 -2.880175 -2.806202 -2.969837 -2.924676
-2.852301 -2.854511 -2.926115 -2.832771 -2.835434
-2.94909 -2.676407 -2.985947 -2.892181 -2.886051
-2.92054 -2.875713 -2.879741 -2.877768 -2.920024
-2.935807 -2.863621 -2.993692 -2.857738 -2.878565
-2.909029 -2.890983 -2.931371 -2.941715 -2.863435
-2.89044 -2.946436 -2.963814 -2.910303 -2.975421
-2.969064 -2.81741 -2.825479 -2.929882 -2.96238
-2.836165 -2.914185 -2.953608 -2.924381 -2.908827
-3.015741 -2.940184 -2.921088 -2.907846 -2.914028
-2.802013 -2.881176 -2.884614 -2.839553 -2.813503
-2.957998 -2.815764 -3.03769 -2.886153 -2.86804
-2.867363 -2.926872 -2.881565 -2.927582 -2.968419
-2.923694
