-2.826511 -2.852096 -2.863229 -2.861651 -2.894509
-2.789759 -2.80352 -2.815971 -2.821132 -2.795968
-2.754113 -2.802729 -2.821619 -2.827467 -2.780152
-2.873515 -2.801324 -2.836098 -2.813352 -2.804476
-2.71292 -2.755634 -2.80364 -2.794996 -2.715357
-2.721122 -2.784998 -2.795173 -2.858906 -2.879088
-2.824915 -2.848661 -2.829491 -2.824166 -2.806538
-2.82792 -2.791503 -2.782493 -2.777479 -2.769198
-2.854814 -2.789549 -2.856977 -2.754857 -2.800778
-2.801949 -2.7647 -2.76807 -2.807111 -2.789159
-2.851247 -2.817478 -2.836093 -2.862851 -2.730704
-2.798851 -2.795436 -2.801955 -2.772143 -2.841323
-2.86354 -2.915331 -2.819875 -2.836068 -2.714452
-2.740869 -2.830567 -2.746373 -2.836052 -2.799239
-2.812963 -2.703219 -2.785431 -2.797103 -2.875292
-2.769184 -2.766279 -2.816072 -2.822954 -2.828031
-2.828875 -2.753895 -2.812653 -2.884175 -2.936503
-2.727313 -2.804854 -2.87967 -2.799047 -2.813029
-2.838046 -2.816827 -2.82935 -2.851354 -2.806553
-2.742476 -2.882052 -2.821121 -2.889634 -2.845709
-2.849915 -2.850684 -2.766793 -2.871201 -2.831772
-2.803529 -2.709406 -2.697858 -2.89858 -2.878013
-2.803316 -2.706254 -2.769127 -2.822805 -2.742846
-2.847605 -2.798866 -2.765051 -2.776483 -2.835473
-2.835632 -2.852261 -2.771595 -2.815241 -2.846711
-2.839164 -2.803762 -2.787546 -2.857065 -2.699817
-2.876115 -2.856101 -2.783933 -2.934381 -2.773659
-2.796186 -2.811925 -2.868387 -2.848706 -2.850296
-2.769192 -2.877568 -2.825016 -2.872189 -2.795331
-2.702654 -2.887062 -2.850959 -2.836304 -2.770712
-2.813295 -2.840905 -2.927957 -2.818288 -2.791825
-2.790448 -2.800834 -2.733478 -2.865829 -2.92176
-2.770972 -2.712341 -2.779954 -2.856175 -2.815619
-2.874297 -2.794248 -2.821746 -2.832973 -2.838541
-2.968547 -2.792899 -2.795161 -2.713942 -2.768926
-2.805136 -2.780102 -2.882565 -2.811987 -2.883273
-2.864833 -2.68025 -2.725105 -2.838875 -2.770832
-2.857987 -2.732423 -2.832058 -2.788611 -2.776213
-2.775192 -2.886148 -2.818858 -2.789721 -2.825107
-2.852436 -2.818086 -2.707403 -2.780025 -2.698
-2.79791
