-2.833191 -2.851632 -2.856711 -2.809191 -2.840715
-2.818404 -2.776594 -2.778173 -2.755777 -2.871542
-2.782187 -2.888728 -2.84227 -2.826909 -2.808966
-2.863077 -2.760693 -2.83523 -2.788307 -2.81679
-2.810227 -2.780872 -2.827259 -2.886391 -2.784057
-2.836347 -2.830375 -2.718266 -2.822014 -2.818231
-2.85048 -2.796335 -2.869862 -2.863258 -2.816167
-2.812226 -2.842476 -2.781177 -2.792563 -2.745853
-2.743239 -2.808769 -2.641058 -2.781113 -2.82497
-2.830247 -2.902091 -2.812272 -2.741443 -2.785996
-2.80588 -2.849275 -2.868479 -2.806428 -2.900813
-2.825964 -2.824557 -2.721433 -2.831961 -2.74478
-2.85167 -2.879327 -2.823385 -2.687404 -2.768255
-2.859353 -2.780428 -2.902246 -2.779688 -2.784688
-2.855639 -2.881637 -2.840915 -2.73271 -2.881302
-2.845077 -2.731458 -2.786342 -2.860527 -2.451317
-2.532389 -2.791442 -2.955852 -2.810442 -2.91463
-2.850128 -2.83737 -2.8516 -2.816693 -2.749485
-2.776551 -2.785949 -2.781521 -2.83708 -2.750949
-2.831704 -2.833099 -2.819413 -2.801092 -2.825438
-2.826055 -2.851661 -2.839848 -2.819749 -2.85784
-2.796182 -2.863981 -2.849874 -2.773672 -2.886839
-2.881477 -2.777067 -2.836808 -2.812604 -2.793321
-2.797382 -2.835018 -2.755928 -2.825211 -2.836405
-2.844825 -2.868156 -2.839639 -2.809352 -2.857844
-2.838216 -2.489462 -2.835391 -2.549187 -2.83839
-2.853495 -2.867081 -2.868585 -2.841363 -2.809008
-2.790114 -2.778478 -2.67186 -2.867383 -2.88378
-2.821374 -2.83703 -2.408087 -2.85155 -2.875166
-2.785883 -2.861441 -2.810669 -2.635868 -2.897263
-2.863529 -2.786249 -2.805531 -2.831116 -2.858978
-2.824287 -2.898503 -2.759897 -2.850323 -2.851405
-2.758797 -2.817391 -2.849493 -2.763889 -2.834328
-2.80232 -2.75064 -2.779101 -2.84763 -2.831351
-2.857014 -2.880427 -2.760297 -2.795903 -2.848564
-2.38424 -2.793194 -2.833505 -2.267912 -2.822209
-2.816024 -2.804231 -2.821155 -2.899966 -2.836071
-2.801161 -2.798443 -2.842487 -2.816024 -2.898212
-2.803693 -2.872183 -2.813961 -2.851282 -2.89673
-2.81172 -2.870506 -2.758402 -2.795951 -2.790946
-2.3908
