-2.870922 -2.845009 -2.85473 -2.881048 -2.826536
-2.851345 -2.634713 -2.862148 -2.789122 -2.851599
-2.854567 -2.813775 -2.799364 -2.883267 -2.785288
-2.849593 -2.819421 -2.855739 -2.816265 -2.837295
-2.860801 -2.872795 -2.867279 -2.887229 -2.890399
-2.832805 -2.866753 -2.811957 -2.822777 -2.868011
-2.811698 -2.943126 -2.360257 -2.848575 -2.882066
-2.870583 -2.835161 -2.859233 -2.73749 -2.894183
-2.899016 -2.841235 -2.779515 -2.839471 -2.794716
-2.863307 -2.887882 -2.828645 -2.87248 -2.913651
-2.856548 -2.78861 -2.837453 -2.891536 -2.878706
-2.854082 -2.911335 -2.806107 -2.81566 -2.867771
-2.865884 -2.790514 -2.843092 -2.875604 -2.838584
-2.878603 -2.875265 -2.913991 -2.888504 -2.890394
-2.872029 -2.919349 -2.854298 -2.883751 -2.469733
-2.885535 -2.866291 -2.85326 -2.876664 -2.842723
-2.865299 -2.807136 -2.842648 -2.888762 -2.861951
-2.873467 -2.870513 -2.903701 -2.897307 -2.907756
-2.885179 -2.858473 -2.893289 -2.859071 -2.838271
-2.875175 -2.822931 -2.877893 -2.876093 -2.855616
-2.833082 -2.771146 -2.89614 -2.861834 -2.901429
-2.896106 -2.832355 -2.559663 -2.878468 -2.850493
-2.859325 -2.857007 -2.90361 -2.907027 -2.829422
-2.779705 -2.826562 -2.832548 -2.930831 -2.853407
-2.769363 -2.819232 -2.883564 -2.852184 -2.894588
-2.855874 -2.919837 -2.885906 -2.881924 -2.86517
-2.885349 -2.827413 -2.8969 -2.872909 -2.806536
-2.815708 -2.917076 -2.933249 -2.827873 -2.859097
-2.889792 -2.828349 -2.798045 -2.840349 -2.799106
-2.875151 -2.862297 -2.891988 -2.870634 -2.816928
-2.868332 -2.851603 -2.90118 -2.811559 -2.816859
-2.836693 -2.874448 -2.871525 -2.830052 -2.799267
-2.842678 -2.792246 -2.850386 -2.833087 -2.920374
-2.865094 -2.919542 -2.77985 -2.163608 -2.878585
-2.840249 -2.913396 -2.942827 -2.828576 -2.552815
-2.836364 -2.85788 -2.840413 -2.890851 -2.869556
-2.871646 -2.833063 -2.894859 -2.863322 -2.922364
-2.845562 -2.855354 -2.898879 -2.833964 -2.866449
-2.828845 -2.840269 -2.943503 -2.863137 -2.470974
-2.668069 -2.81403 -2.86157 -2.852798 -2.867669
-2.774071
