-2.861213 -2.841958 -2.525491 -2.892457 -2.779812
-2.860223 -2.818767 -2.8051 -2.628285 -2.839046
-2.834332 -2.776561 -3.024179 -2.829797 -2.973127
-2.595691 -2.870016 -2.808517 -2.91658 -2.809438
-2.808687 -2.822244 -2.892337 -2.845293 -2.399184
-2.834559 -2.83389 -2.799217 -2.829498 -2.74931
-2.924698 -2.799729 -2.896466 -2.853486 -2.81762
-2.8612 -2.811242 -2.890709 -2.964482 -2.797988
-2.814468 -2.865045 -2.812738 -2.816705 -2.805403
-2.83167 -2.857204 -2.919541 -2.890256 -2.769152
-2.74231 -2.182941 -2.777917 -2.808568 -2.918305
-2.853035 -2.88542 -2.977386 -2.910127 -2.85019
-2.949985 -2.628288 -2.880004 -2.801192 -2.891466
-2.71682 -2.93863 -2.904107 -2.913033 -2.840002
-2.384071 -2.7739 -2.802617 -2.736574 -2.673907
-2.979212 -2.910237 -2.824713 -2.798491 -2.870065
-2.901166 -2.875426 -2.833281 -2.916299 -2.794482
-2.885233 -2.928722 -2.904722 -2.91096 -2.817825
-2.895117 -2.790572 -2.810534 -2.85604 -2.875416
-2.935703 -2.843895 -2.889117 -2.873347 -2.845416
-2.824682 -2.848228 -2.988377 -2.841658 -2.864532
-2.843568 -2.833401 -2.860602 -2.961977 -2.887117
-2.823709 -2.834961 -2.749583 -2.886842 -3.009779
-2.787692 -2.688014 -2.904456 -2.92976 -2.970276
-2.855528 -2.81722 -2.802411 -2.854098 -2.98559
-2.91188 -2.851337 -2.750741 -2.929334 -2.740226
-2.791678 -2.603285 -2.930735 -2.817679 -3.015235
-2.759584 -2.553281 -2.868202 -2.567864 -2.775892
-2.884885 -2.68952 -2.869749 -2.833946 -2.855034
-2.852315 -2.884346 -2.848854 -2.863958 -2.931029
-2.903191 -2.909568 -2.928704 -2.656753 -2.85976
-2.868806 -2.907065 -2.795055 -2.905021 -2.761409
-2.880029 -2.959335 -2.809491 -2.992903 -2.839098
-2.867658 -2.89266 -2.750524 -2.757996 -2.819257
-2.982355 -2.939179 -2.982487 -2.807107 -2.765577
-2.795454 -2.837373 -2.96052 -2.814119 -2.848488
-2.738798 -2.397324 -2.846826 -2.824826 -2.761985
-2.790302 -2.871422 -2.815338 -2.82429 -2.971121
-2.731371 -2.901339 -2.898963 -2.754527 -2.847147
-2.755417 -2.871514 -2.959251 -2.844971 -2.828696
-2.936018
