-2.965357 -2.896746 -2.983475 -2.987337 -2.9816
-2.906079 -2.97123 -2.990689 -2.916161 -2.962444
-2.968483 -2.975076 -2.901652 -2.959657 -2.960465
-2.949089 -2.982706 -2.995401 -2.967192 -2.990348
-2.914664 -2.961904 -2.967706 -2.947344 -2.96975
-2.984222 -2.965254 -2.92214 -2.979781 -2.947463
-3.007089 -2.964014 -2.986884 -2.913169 -2.956555
-2.947151 -2.946406 -2.97735 -2.982449 -2.941005
-2.934724 -3.028716 -2.997549 -2.942253 -2.969744
-2.965153 -2.998251 -2.98826 -2.98143 -2.963743
-2.937712 -2.971084 -2.946756 -2.996666 -2.967372
-2.956491 -2.955958 -3.012673 -3.010933 -2.975922
-3.00103 -2.927634 -2.701785 -2.951497 -2.962414
-2.975081 -2.94599 -2.957618 -2.964169 -2.953572
-2.935626 -2.93983 -2.956731 -2.961048 -2.955584
-2.978622 -2.943811 -2.994508 -2.967264 -2.963961
-2.962401 -2.994992 -2.880838 -2.947395 -2.94636
-2.980922 -3.000332 -2.955246 -2.903416 -2.936842
-2.958604 -2.9676 -2.967606 -2.985374 -2.960946
-2.95434 -2.954973 -2.953696 -2.939027 -2.989951
-2.945972 -2.954217 -2.925462 -2.94908 -2.971201
-2.977341 -2.983464 -2.97033 -2.986471 -2.963125
-2.977205 -2.94432 -2.909553 -2.976677 -2.971613
-3.017361 -2.91067 -2.963669 -2.923727 -2.953612
-2.969137 -2.980449 -2.927868 -2.956489 -2.952106
-2.974581 -2.959719 -2.949885 -2.920613 -2.909252
-2.961717 -2.931084 -2.995702 -2.972642 -2.956207
-2.937083 -2.963259 -2.96515 -2.959001 -2.976117
-2.983847 -2.934343 -2.995112 -2.943207 -3.001619
-2.927831 -2.963507 -2.941795 -2.966872 -2.955336
-2.93289 -2.968486 -2.963071 -2.992725 -2.925341
-2.982006 -2.961092 -2.946684 -2.94101 -2.950817
-2.995507 -3.00675 -2.985919 -2.966712 -2.972816
-2.959763 -2.980105 -2.939274 -2.963811 -2.949636
-3.004738 -2.93576 -2.963437 -2.941354 -2.998849
-2.995072 -2.959631 -2.946418 -2.939578 -2.955323
-2.930452 -2.968644 -2.931777 -2.969213 -2.958008
-2.995925 -2.973804 -2.953315 -2.932102 -2.991256
-2.959033 -2.940606 -2.948119 -2.988201 -2.93431
-2.941163 -2.94841 -2.978699 -2.971355 -2.990823
-2.950062
