-2.872952 -2.867854 -2.82235 -2.847852 -2.886527
-2.836367 -2.895878 -2.888156 -2.883203 -2.859854
-2.838984 -2.868179 -2.886019 -2.858529 -2.884821
-2.889247 -2.835606 -2.787853 -2.874763 -2.881502
-2.860138 -2.9183 -2.865328 -2.886743 -2.841853
-2.835467 -2.86431 -2.898313 -2.854105 -2.891526
-2.845267 -2.90832 -2.856806 -2.903143 -2.843733
-2.844353 -2.868095 -2.913279 -2.820236 -2.85991
-2.839393 -2.862456 -2.884148 -2.814871 -2.895865
-2.877653 -2.884415 -2.837397 -2.820617 -2.895101
-2.919058 -2.860432 -2.849597 -2.897019 -2.848314
-2.897157 -2.858442 -2.853065 -2.833688 -2.911462
-2.858685 -2.848369 -2.887858 -2.857039 -2.908716
-2.846185 -2.870481 -2.873724 -2.906775 -2.799214
-2.870858 -2.87236 -2.917101 -2.845427 -2.834541
-2.873312 -2.827124 -2.846898 -2.827782 -2.924806
-2.903813 -2.873715 -2.88526 -2.854835 -2.886677
-2.840494 -2.846736 -2.893121 -2.886524 -2.841959
-2.900144 -2.829567 -2.848669 -2.874154 -2.831643
-2.901914 -2.861046 -2.905851 -2.846386 -2.87663
-2.8237 -2.84287 -2.843454 -2.904519 -2.858354
-2.826758 -2.879679 -2.935065 -2.876735 -2.880445
-2.891671 -2.882584 -2.90705 -2.84964 -2.937682
-2.882604 -2.85428 -2.854984 -2.929372 -2.865695
-2.845606 -2.846134 -2.870509 -2.88105 -2.883493
-2.828045 -2.865873 -2.851385 -2.90395 -2.843732
-2.885543 -2.74736 -2.819441 -2.905993 -2.888654
-2.782041 -2.880187 -2.897329 -2.831974 -2.91316
-2.914532 -2.846523 -2.859033 -2.883022 -2.882531
-2.846181 -2.881961 -2.880813 -2.885825 -2.881562
-2.84095 -2.909902 -2.885286 -2.897012 -2.870198
-2.93938 -2.884888 -2.833814 -2.923967 -2.866002
-2.848619 -2.885929 -2.927667 -2.858842 -2.820297
-2.855949 -2.879835 -2.897488 -2.888712 -2.914491
-2.852841 -2.842716 -2.907146 -2.900055 -2.83367
-2.808648 -2.865056 -2.897891 -2.889621 -2.852675
-2.859837 -2.922129 -2.858887 -2.808519 -2.846766
-2.777383 -2.828216 -2.865676 -2.867922 -2.885633
-2.881683 -2.925917 -2.830207 -2.882987 -2.849411
-2.829547 -2.824742 -2.893144 -2.852042 -2.869597
-2.850559
