-2.842309 -2.820253 -2.663959 -2.693619 -2.795372
-2.928103 -2.729453 -2.888319 -2.830675 -2.907381
-2.846765 -2.77287 -2.755848 -2.77205 -2.662061
-2.86829 -2.776926 -2.715256 -2.887348 -2.859464
-2.835405 -2.813375 -2.792517 -2.839994 -2.906191
-2.722303 -2.832141 -2.836972 -2.810867 -2.847766
-2.611477 -2.897808 -2.774793 -2.714441 -2.893981
-2.784916 -2.850852 -2.92741 -2.854573 -2.914684
-2.861541 -2.678563 -2.807785 -2.621963 -2.796155
-2.774031 -2.821356 -2.855629 -2.885015 -2.829035
-2.634042 -2.802252 -2.850643 -2.950903 -2.872574
-2.867497 -2.595874 -2.915903 -2.869915 -2.779371
-2.783127 -2.795747 -2.550022 -2.812226 -2.58006
-2.85925 -2.81809 -2.837165 -2.808695 -2.756672
-2.765127 -2.514211 -2.808606 -2.806938 -2.80826
-2.937035 -2.818273 -2.898016 -2.767057 -2.822941
-2.854862 -2.570682 -2.841981 -2.698684 -2.896185
-2.890117 -2.845518 -2.79761 -2.79714 -2.826105
-2.745531 -2.902099 -2.496617 -2.815777 -2.791968
-2.861149 -2.719745 -2.598784 -2.84451 -2.908538
-2.732578 -2.896403 -2.846205 -2.802551 -2.806758
-2.817616 -2.788983 -2.828415 -2.902272 -2.563161
-2.878781 -2.841906 -2.938411 -2.823968 -2.850013
-2.781598 -2.801311 -2.797546 -2.822837 -2.898624
-2.853756 -2.574496 -2.822587 -2.851496 -2.813829
-2.788015 -2.877282 -2.856066 -2.731971 -2.809251
-2.821341 -2.827278 -2.853033 -2.817783 -2.758087
-2.915568 -2.836042 -2.866921 -2.725514 -2.868383
-2.882774 -2.810237 -2.850703 -2.777059 -2.849017
-2.803249 -2.831436 -2.863239 -2.820169 -2.838597
-2.734388 -2.865391 -2.575556 -2.789697 -2.742546
-2.764476 -2.934771 -2.908293 -2.854918 -2.593302
-2.928307 -2.924304 -2.885282 -2.799442 -2.775304
-2.830315 -2.796617 -2.911604 -2.681818 -2.725767
-2.838515 -2.684819 -2.84119 -2.763089 -2.828635
-2.742528 -2.79733 -2.863971 -2.721552 -2.855212
-2.841972 -2.767648 -2.465001 -2.820618 -2.905154
-2.933059 -2.498338 -2.850954 -2.890262 -2.759598
-2.833503 -2.806236 -2.835895 -2.82347 -2.848121
-2.740124 -2.770869 -2.853103 -2.816979 -2.796797
-2.88602
