-2.880499 -2.803862 -2.906994 -2.910826 -2.843624
-2.881424 -2.865922 -2.910409 -2.089818 -2.869454
-2.877755 -2.801421 -2.899009 -2.900709 -2.903937
-2.849205 -2.843883 -2.893192 -2.894043 -2.251768
-2.906839 -2.827001 -2.374052 -2.823194 -2.997261
-2.813436 -2.813946 -2.878662 -2.912024 -2.807147
-2.832349 -2.882627 -2.781755 -2.364695 -2.893357
-2.862584 -2.862327 -2.843364 -2.890881 -2.783316
-2.391915 -2.771681 -2.891425 -2.818344 -2.870872
-2.221167 -2.689954 -2.915395 -2.828578 -2.251282
-2.889206 -2.900965 -2.950578 -2.891208 -2.870591
-2.858054 -2.151494 -2.863405 -2.836292 -2.861247
-2.86744 -2.363007 -2.295376 -2.568917 -2.932631
-2.80269 -2.868868 -2.873831 -2.943401 -2.19075
-2.882491 -2.885311 -2.881673 -2.928896 -2.87529
-2.91404 -2.851904 -2.8593 -2.279359 -2.407936
-2.903119 -2.94795 -2.89246 -2.863324 -2.906223
-2.889743 -2.796442 -2.864633 -2.88365 -2.839073
-2.856481 -2.949911 -2.692827 -2.886597 -2.866523
-2.450404 -2.852619 -2.924915 -2.902533 -2.898527
-2.585366 -2.21893 -2.926995 -2.709741 -2.922263
-2.895426 -2.925503 -2.872432 -2.891645 -2.857067
-2.911565 -2.887765 -2.873945 -2.923292 -2.80301
-2.834264 -2.957614 -2.88043 -2.912968 -2.862835
-2.898286 -2.808031 -2.829941 -2.821808 -2.902774
-2.925782 -2.820788 -2.859655 -2.931525 -2.907619
-2.650628 -2.95103 -2.961865 -2.883442 -2.848312
-2.855959 -2.868953 -2.885546 -2.859865 -2.841481
-2.817152 -2.872851 -2.195141 -2.860623 -2.925583
-2.288631 -2.892061 -2.289676 -2.851977 -2.957544
-2.79926 -2.877984 -2.778253 -2.866288 -2.797942
-2.321679 -2.917218 -2.805441 -2.927252 -2.87656
-2.867952 -2.864883 -2.862503 -2.9272 -2.883748
-2.822265 -2.917964 -2.864816 -2.622899 -2.178056
-2.916321 -2.904788 -2.762745 -2.24046 -2.908162
-2.885393 -2.873899 -2.844857 -2.826316 -2.86894
-2.396431 -2.910667 -2.902014 -2.837541 -2.936435
-2.892708 -2.857514 -2.914666 -2.936606 -2.271624
-2.86333 -2.75896 -2.91014 -2.920209 -2.638531
-2.87043 -2.844255 -2.841753 -2.812806 -2.815248
-2.773008
