-2.86713 -2.855835 -2.875609 -2.858906 -2.837903
-2.934459 -2.764977 -2.846874 -2.836075 -2.918736
-2.8412 -2.843254 -2.790433 -2.847087 -2.862505
-2.882945 -2.843649 -2.841813 -2.859858 -2.889914
-2.828757 -2.853566 -2.819952 -2.889319 -2.868735
-2.868276 -2.832366 -2.868942 -2.881999 -2.839145
-2.86961 -2.805617 -2.8713 -2.81763 -2.836315
-2.831362 -2.807936 -2.880149 -2.825626 -2.848155
-2.728293 -2.841726 -2.795731 -2.814009 -2.841354
-2.930647 -2.942604 -2.864132 -2.867621 -2.826093
-2.83481 -2.865122 -2.884709 -2.7727 -2.907759
-2.870459 -2.823611 -2.858901 -2.912666 -2.859584
-2.884677 -2.88813 -2.896471 -2.795176 -2.770193
-2.928836 -2.906552 -2.867486 -2.838967 -2.888177
-2.895453 -2.858279 -2.919306 -2.855297 -2.883244
-2.915876 -2.786801 -2.921936 -2.808255 -2.820821
-2.782836 -2.81672 -2.815916 -2.867082 -2.819094
-2.851483 -2.841966 -2.830992 -2.910855 -2.892939
-2.882819 -2.883728 -2.764477 -2.837869 -2.826224
-2.90846 -2.90898 -2.913734 -2.837097 -2.897925
-2.897228 -2.854864 -2.899344 -2.888129 -2.803072
-2.908649 -2.861726 -2.882692 -2.856004 -2.885915
-2.872688 -2.802881 -2.856516 -2.884166 -2.841049
-2.850381 -2.832339 -2.830741 -2.888377 -2.823743
-2.823361 -2.861859 -2.927231 -2.811112 -2.857347
-2.845495 -2.839645 -2.829594 -2.831379 -2.893713
-2.862784 -2.876782 -2.756798 -2.892189 -2.887901
-2.832176 -2.811195 -2.876258 -2.841422 -2.924853
-2.799447 -2.929698 -2.80653 -2.813492 -2.822419
-2.866053 -2.85002 -2.809744 -2.822185 -2.799432
-2.787403 -2.876572 -2.980167 -2.849788 -2.798935
-2.91622 -2.958698 -2.820427 -2.876372 -2.774953
-2.838386 -2.855664 -2.79846 -2.861494 -2.815004
-2.858383 -2.859222 -2.915837 -2.841008 -2.821671
-2.873497 -2.838573 -2.828591 -2.840063 -2.89025
-2.831746 -2.905612 -2.910347 -2.879005 -2.831122
-2.915199 -2.873273 -2.883165 -2.864274 -2.8632
-2.858312 -2.856382 -2.869872 -2.869262 -2.838705
-2.846282 -2.870012 -2.827065 -2.889414 -2.883404
-2.838504 -2.815124 -2.798645 -2.913279 -2.818165
-2.810513
