-2.831802 -2.868516 -2.77339 -2.820464 -2.767331
-2.863595 -2.780142 -2.791221 -2.946074 -2.875497
-2.78075 -2.784942 -2.836772 -2.795993 -2.863247
-2.810526 -2.801691 -2.790177 -2.812874 -2.788966
-2.880181 -2.811035 -2.835423 -2.736637 -2.838481
-2.904489 -2.944003 -2.908687 -2.856949 -2.714899
-2.744681 -2.870302 -2.759175 -2.836896 -2.732851
-2.802725 -2.757239 -2.96054 -2.827006 -2.857091
-2.783685 -2.835316 -2.804887 -2.82741 -2.768778
-2.835727 -2.730115 -2.776725 -2.747497 -2.729779
-2.84544 -2.750305 -2.830721 -2.859328 -2.819137
-2.765075 -2.876159 -2.823345 -2.863773 -2.875075
-2.772136 -2.802639 -2.827866 -2.8843 -2.838977
-2.917173 -2.838442 -2.793938 -2.826155 -2.799466
-2.835153 -2.89055 -2.855371 -2.723892 -2.842625
-2.788496 -2.870098 -2.830168 -2.835816 -2.791377
-2.792503 -2.825491 -2.776734 -2.800165 -2.907519
-2.791719 -2.804372 -2.812353 -2.79629 -2.745928
-2.728261 -2.817954 -2.767734 -2.847297 -2.876984
-2.791992 -2.904367 -2.757604 -2.844276 -2.905589
-2.827739 -2.796398 -2.76405 -2.792937 -2.836514
-2.829427 -2.870876 -2.89587 -2.924329 -2.89125
-2.732442 -2.847591 -2.8658 -2.785924 -2.925429
-2.826352 -2.852048 -2.820079 -2.814026 -2.862887
-2.875692 -2.710442 -2.852812 -2.906735 -2.757623
-2.873008 -2.819808 -2.870562 -2.961955 -2.81498
-2.819519 -2.802431 -2.788796 -2.854483 -2.92662
-2.854635 -2.767879 -2.750069 -2.845862 -2.896252
-2.84233 -2.788059 -2.88917 -2.868472 -2.900812
-2.751351 -2.858435 -2.803792 -2.874409 -2.797972
-2.7741 -2.790192 -2.869519 -2.846817 -2.784103
-2.824171 -2.849218 -2.792363 -2.851617 -2.80128
-2.808793 -2.801322 -2.754701 -2.820031 -2.845367
-2.803826 -2.748345 -2.809555 -2.818513 -2.813942
-2.863721 -2.69605 -2.869461 -2.793808 -2.644077
-2.796787 -2.826565 -2.818768 -2.813528 -2.831136
-2.80414 -2.771253 -2.858871 -2.795567 -2.790232
-2.819429 -2.847294 -2.865051 -2.839784 -2.848288
-2.815125 -2.872547 -2.732848 -2.930861 -2.947739
-2.890245 -2.916155 -2.703275 -2.819761 -2.891377
-2.874007
