-2.818779 -2.794504 -2.863102 -2.803049 -2.77083
-2.759512 -2.82163 -2.782613 -2.819957 -2.822727
-2.746241 -2.862611 -2.807552 -2.774075 -2.79878
-2.785862 -2.809805 -2.805542 -2.867783 -2.773692
-2.847987 -2.818912 -2.801649 -2.792624 -2.826783
-2.843674 -2.76649 -2.857127 -2.858617 -2.825351
-2.803911 -2.820757 -2.78517 -2.828148 -2.797508
-2.819018 -2.877952 -2.796364 -2.805006 -2.824652
-2.813948 -2.819173 -2.82352 -2.795066 -2.835694
-2.81985 -2.812587 -2.825522 -2.837668 -2.809504
-2.772001 -2.794265 -2.851934 -2.628665 -2.776173
-2.778712 -2.823435 -2.843009 -2.835459 -2.807244
-2.86897 -2.788 -2.841734 -2.845974 -2.832101
-2.805573 -2.819739 -2.784291 -2.811985 -2.811296
-2.798512 -2.79963 -2.809692 -2.825504 -2.784848
-2.784477 -2.820755 -2.801376 -2.78343 -2.768961
-2.780117 -2.809125 -2.886432 -2.800136 -2.865943
-2.73741 -2.761542 -2.789506 -2.865107 -2.836744
-2.834655 -2.741789 -2.814348 -2.891988 -2.80989
-2.776111 -2.809197 -2.799037 -2.826028 -2.774909
-2.783565 -2.772109 -2.750425 -2.725185 -2.791859
-2.781269 -2.821729 -2.827502 -2.866947 -2.820894
-2.771018 -2.822904 -2.815573 -2.782245 -2.798613
-2.820594 -2.794916 -2.812719 -2.798978 -2.776846
-2.825042 -2.819903 -2.769358 -2.768258 -2.818214
-2.762687 -2.823375 -2.776535 -2.770112 -2.805644
-2.817891 -2.796158 -2.796448 -2.810324 -2.806766
-2.847773 -2.794533 -2.799565 -2.80572 -2.81713
-2.842832 -2.805499 -2.809977 -2.87311 -2.838371
-2.806739 -2.819089 -2.789225 -2.805266 -2.771979
-2.79878 -2.789568 -2.780742 -2.857893 -2.810339
-2.7973 -2.819204 -2.763791 -2.81455 -2.843326
-2.825313 -2.777482 -2.814567 -2.817565 -2.844207
-2.830561 -2.756965 -2.857381 -2.797805 -2.827466
-2.784907 -2.88224 -2.834121 -2.751216 -2.827167
-2.835754 -2.864554 -2.816069 -2.843363 -2.80039
-2.787464 -2.813157 -2.854502 -2.749091 -2.832256
-2.78798 -2.849915 -2.835839 -2.818963 -2.763749
-2.818142 -2.830918 -2.800909 -2.810763 -2.77793
-2.770026 -2.820251 -2.831152 -2.854508 -2.813815
-2.797002
