-2.809293 -2.84792 -2.811933 -2.716479 -2.82558
-2.797959 -2.831518 -2.738907 -2.800516 -2.878394
-2.824173 -2.748284 -2.795586 -2.775016 -2.707132
-2.780317 -2.808317 -2.78415 -2.81621 -2.797147
-2.820239 -2.80875 -2.792818 -2.813676 -2.902457
-2.817644 -2.83022 -2.764476 -2.819581 -2.821047
-2.762243 -2.776949 -2.789163 -2.757241 -2.786469
-2.789382 -2.839284 -2.763065 -2.792436 -2.77186
-2.786315 -2.837864 -2.825216 -2.810404 -2.8111
-2.771052 -2.875534 -2.777253 -2.764436 -2.863522
-2.811223 -2.793905 -2.805703 -2.833314 -2.821212
-2.783599 -2.821761 -2.802753 -2.853499 -2.784342
-2.799752 -2.773571 -2.849326 -2.814895 -2.776516
-2.82113 -2.871939 -2.843058 -2.875087 -2.85481
-2.7795 -2.80394 -2.767153 -2.851243 -2.808454
-2.85053 -2.755045 -2.783094 -2.759959 -2.82914
-2.836936 -2.760722 -2.858568 -2.794105 -2.805636
-2.771681 -2.827738 -2.800672 -2.826301 -2.830335
-2.804682 -2.872001 -2.826192 -2.829427 -2.864096
-2.835243 -2.824486 -2.79602 -2.80575 -2.747651
-2.847978 -2.827202 -2.750323 -2.82006 -2.746875
-2.774443 -2.759431 -2.85544 -2.604979 -2.832733
-2.762159 -2.778242 -2.789347 -2.801149 -2.806518
-2.753467 -2.823809 -2.802492 -2.828936 -2.727797
-2.789124 -2.75308 -2.829709 -2.809677 -2.664723
-2.809961 -2.846636 -2.7906 -2.809248 -2.868955
-2.888864 -2.802739 -2.793883 -2.84271 -2.783967
-2.834424 -2.808585 -2.754913 -2.717158 -2.786958
-2.858693 -2.733564 -2.71168 -2.817531 -2.789828
-2.862416 -2.80508 -2.831464 -2.762983 -2.852551
-2.82837 -2.769979 -2.870175 -2.86732 -2.721422
-2.831178 -2.853972 -2.804985 -2.902347 -2.779441
-2.816409 -2.846877 -2.791926 -2.753885 -2.792759
-2.860643 -2.829796 -2.7643 -2.80849 -2.749377
-2.840736 -2.712485 -2.773442 -2.835195 -2.833324
-2.757581 -2.815403 -2.877118 -2.826265 -2.906269
-2.801615 -2.788413 -2.70467 -2.866522 -2.821493
-2.789737 -2.789055 -2.778387 -2.823947 -2.830774
-2.840795 -2.779427 -2.75442 -2.794121 -2.849805
-2.793527 -2.857463 -2.817768 -2.829805 -2.765691
-2.812337
