-2.85296 -2.837643 -2.825376 -2.761979 -2.781723
-2.824444 -2.858362 -2.840185 -2.901421 -2.79746
-2.813237 -2.854653 -2.760001 -2.872564 -2.841907
-2.914643 -2.823974 -2.828469 -2.820632 -2.862061
-2.803579 -2.913011 -2.894456 -2.838559 -2.847714
-2.843631 -2.832706 -2.824678 -2.826559 -2.896582
-2.862244 -2.810375 -2.901759 -2.8408 -2.771731
-2.818983 -2.859605 -2.874495 -2.794208 -2.882446
-2.894592 -2.873573 -2.809379 -2.850302 -2.738576
-2.828021 -2.864245 -2.90875 -2.852565 -2.802072
-2.612888 -2.841609 -2.832952 -2.88284 -2.83138
-2.806066 -2.85085 -2.811944 -2.904047 -2.837756
-2.807172 -2.868999 -2.784577 -2.803116 -2.880683
-2.816716 -2.881099 -2.881883 -2.854317 -2.860095
-2.875871 -2.816765 -2.855801 -2.853717 -2.851639
-2.915399 -2.860157 -2.844082 -2.803352 -2.847823
-2.83893 -2.830592 -2.898791 -2.838663 -2.841359
-2.862319 -2.818875 -2.880058 -2.802595 -2.781882
-2.814758 -2.821134 -2.84281 -2.894069 -2.855073
-2.777588 -2.82707 -2.811868 -2.866589 -2.86432
-2.870426 -2.932052 -2.820182 -2.86317 -2.892989
-2.88677 -2.671713 -2.829708 -2.829886 -2.82271
-2.899305 -2.865151 -2.878329 -2.782941 -2.815005
-2.81669 -2.792593 -2.842886 -2.750517 -2.901345
-2.865807 -2.860275 -2.791849 -2.832855 -2.879868
-2.812527 -2.887849 -2.871375 -2.821833 -2.82819
-2.829403 -2.907557 -2.860166 -2.772898 -2.848248
-2.853223 -2.876038 -2.876177 -2.874734 -2.909722
-2.850016 -2.815085 -2.842261 -2.800284 -2.885198
-2.822322 -2.852083 -2.850199 -2.868938 -2.842127
-2.909192 -2.869367 -2.719223 -2.806576 -2.892283
-2.799836 -2.78426 -2.792437 -2.874101 -2.850941
-2.851486 -2.833547 -2.853233 -2.839521 -2.848036
-2.823255 -2.803784 -2.895509 -2.868197 -2.905017
-2.919868 -2.841301 -2.837663 -2.863212 -2.807534
-2.806414 -2.88196 -2.901895 -2.889261 -2.868324
-2.842466 -2.836617 -2.936702 -2.904991 -2.811723
-2.84074 -2.838859 -2.730432 -2.831825 -2.853997
-2.823233 -2.78553 -2.835342 -2.836339 -2.801146
-2.858905 -2.812943 -2.849484 -2.880572 -2.879113
-2.806162
