-2.86485 -2.887377 -2.758019 -2.940212 -2.834123
-2.829437 -2.798395 -2.837115 -2.884096 -2.910278
-2.899113 -2.909217 -2.81006 -2.70638 -2.898845
-2.828143 -2.867152 -2.830204 -2.808482 -2.920967
-2.939973 -2.883384 -2.818638 -2.819758 -2.818371
-2.79903 -2.885578 -2.867443 -2.806218 -2.877144
-2.731303 -3.003946 -2.838153 -2.894413 -2.873131
-2.852229 -2.89311 -2.951764 -2.866707 -2.788606
-2.904675 -2.834845 -2.954385 -2.849496 -2.945545
-2.646858 -2.854506 -2.884013 -2.767011 -2.860176
-2.902555 -2.748443 -2.821858 -2.844601 -2.820748
-2.874121 -2.953149 -2.774409 -2.697814 -2.952522
-2.879619 -2.742734 -2.84379 -2.980781 -2.78131
-2.771805 -2.870574 -2.870683 -2.725598 -2.806217
-2.81559 -2.853154 -2.803927 -2.832367 -2.857553
-2.929957 -2.751955 -2.774896 -2.976982 -2.896515
-2.801697 -2.817794 -2.829475 -2.778654 -2.783214
-2.851221 -2.816982 -2.824869 -2.949122 -3.003339
-2.992079 -2.687218 -2.848784 -2.850474 -2.910223
-2.909105 -2.816894 -2.663395 -2.80621 -2.855428
-2.828204 -2.957389 -2.891728 -2.78685 -2.780022
-2.921829 -2.856721 -2.717169 -2.820907 -2.837096
-2.955843 -2.909693 -2.85125 -2.906314 -2.857274
-2.774087 -2.916442 -2.841268 -2.882939 -2.78414
-2.911075 -2.932624 -2.893997 -2.81774 -2.811428
-2.868308 -2.895416 -2.871355 -2.827221 -2.822331
-2.850573 -2.810564 -2.757028 -2.851962 -2.831649
-2.725194 -2.843406 -2.791806 -2.911332 -2.855677
-2.884792 -2.744364 -2.855401 -2.964276 -2.789176
-2.870417 -2.877089 -2.841467 -2.855735 -2.840494
-2.894779 -2.696398 -2.908298 -2.866115 -2.759691
-2.863115 -2.811659 -2.807389 -2.850188 -2.95711
-2.900419 -2.772491 -2.816758 -2.809676 -2.818684
-2.674789 -2.750242 -2.952016 -3.004254 -2.827063
-2.951044 -2.938438 -2.860583 -2.904542 -2.784929
-2.926181 -2.864733 -2.959284 -2.873444 -2.868293
-2.802874 -2.793571 -2.865431 -2.895883 -2.918367
-2.846893 -2.856039 -2.844456 -2.915699 -2.830595
-2.788552 -2.764636 -2.825356 -2.8576 -2.768122
-2.902363 -2.885832 -2.8403 -2.801666 -2.838407
-2.713197
