-2.8434 -2.823514 -2.850682 -2.869257 -2.860886
-2.834519 -2.695345 -2.692749 -2.876164 -2.871219
-2.629819 -2.861937 -2.79782 -2.823235 -2.766821
-2.900687 -2.79555 -2.783499 -2.824919 -2.863615
-2.770717 -2.822519 -2.829747 -2.756189 -2.840997
-2.74535 -2.847358 -2.840545 -2.871811 -2.787309
-2.838626 -2.822625 -2.896215 -2.800298 -2.887705
-2.800261 -2.810666 -2.688986 -2.841949 -2.801646
-2.861924 -2.850874 -2.831625 -2.817126 -2.578447
-2.846144 -2.962617 -2.879667 -2.648344 -2.814433
-2.889569 -2.837673 -2.876607 -2.838343 -2.863275
-2.85031 -2.802722 -2.913162 -2.87617 -2.828338
-2.520012 -2.871656 -2.862628 -2.79491 -2.714006
-2.830047 -2.777017 -2.810161 -2.803413 -2.763132
-2.90821 -2.865715 -2.820468 -2.829478 -2.399184
-2.859282 -2.836632 -2.903438 -2.879999 -2.811834
-2.886891 -2.788288 -2.855423 -2.846966 -2.793689
-2.874617 -2.843906 -2.792065 -2.765922 -2.793937
-2.579717 -2.829172 -2.941357 -2.59822 -2.826426
-2.816907 -2.525712 -2.772579 -2.864276 -2.823724
-2.822046 -2.881873 -2.540748 -2.794853 -2.827808
-2.872588 -2.833633 -2.826631 -2.886792 -2.845631
-2.858182 -2.916008 -2.855062 -2.897591 -2.747217
-2.878879 -2.791865 -2.760939 -2.917121 -2.938128
-2.750768 -2.865141 -2.874501 -2.870414 -2.840983
-2.487991 -2.700677 -2.539793 -2.889783 -2.44202
-2.819947 -2.813977 -2.814228 -2.783944 -2.849581
-2.85445 -2.576174 -2.90662 -2.803401 -2.744108
-2.81907 -2.79566 -2.737146 -2.656141 -2.835906
-2.767643 -2.67779 -2.784105 -2.815056 -2.795804
-2.350392 -2.60901 -2.843483 -2.830521 -2.837444
-2.90395 -2.532473 -2.83776 -2.90475 -2.879799
-2.80188 -2.655068 -2.769197 -2.865151 -2.874992
-2.676103 -2.783395 -2.888018 -2.829774 -2.807259
-2.825332 -2.818129 -2.535078 -2.739415 -2.861167
-2.832234 -2.920844 -2.817513 -2.824049 -2.669349
-2.85277 -2.802953 -2.835935 -2.726417 -2.846557
-2.873154 -2.80926 -2.739567 -2.408959 -2.78939
-2.865176 -2.787444 -2.825008 -2.881081 -2.880296
-2.865276 -2.72328 -2.911031 -2.47657 -2.880724
-2.890327
