-2.911466 -2.898811 -2.830895 -2.859668 -2.866682
-2.878283 -2.911308 -2.85125 -2.90292 -2.928103
-2.997854 -2.909846 -2.854979 -2.922505 -2.885084
-2.87197 -2.873034 -2.928541 -2.893758 -2.871082
-2.888459 -2.957625 -2.914263 -2.913116 -2.927339
-2.958867 -2.958189 -2.996513 -2.892901 -2.831602
-2.921741 -2.952832 -2.881018 -2.899352 -2.949398
-2.886571 -2.863083 -2.924492 -2.938795 -2.901352
-2.885785 -2.925004 -2.855006 -2.968203 -2.873319
-2.898452 -2.835433 -2.876919 -2.836425 -2.923253
-2.903756 -2.883075 -2.895262 -2.936604 -2.910027
-2.825179 -2.925631 -2.867905 -2.871425 -2.900469
-2.858634 -2.854328 -2.97967 -2.949074 -2.841447
-2.939663 -2.928596 -2.875554 -2.954969 -2.954812
-2.895799 -2.882325 -2.908353 -2.998749 -2.918296
-2.921813 -2.872644 -2.945289 -2.835832 -2.884897
-2.989533 -2.951131 -2.878308 -2.87665 -2.928047
-2.873616 -2.961204 -2.872355 -2.934078 -2.902643
-2.913314 -2.886077 -2.948676 -2.864622 -2.849946
-2.844723 -2.920687 -2.909644 -2.967435 -2.859325
-2.912925 -2.837535 -2.944224 -2.916411 -2.862302
-2.802156 -2.836553 -3.001547 -2.94072 -2.922917
-2.986622 -2.889115 -2.908135 -2.930549 -2.885942
-2.89133 -2.893556 -2.944488 -2.847361 -2.887515
-2.900804 -2.888313 -2.967749 -2.954357 -2.888566
-2.981367 -2.928736 -2.923111 -2.826945 -2.923343
-2.803326 -2.968976 -2.95686 -2.878156 -2.959834
-2.913245 -2.903205 -2.871599 -2.880373 -2.874212
-2.957145 -2.908881 -2.84526 -2.895112 -2.897808
-2.923666 -2.911831 -2.931229 -2.845566 -2.927491
-2.892804 -2.891517 -2.894478 -2.782559 -2.901266
-2.890466 -2.90481 -2.950789 -2.845703 -2.903608
-2.864711 -2.877299 -2.926463 -2.922573 -2.93747
-2.945128 -2.906217 -2.856012 -2.860627 -2.884864
-2.938429 -2.849875 -2.891058 -2.898392 -2.87244
-2.865749 -2.910103 -2.932554 -2.911353 -2.923527
-3.003823 -2.926051 -2.900917 -2.909936 -2.965593
-2.882831 -2.9477 -2.874718 -2.970788 -2.882999
-2.94457 -2.952408 -2.906485 -2.927196 -2.88685
-2.85437 -2.919874 -2.804801 -2.924962 -2.939329
-2.924584
