-2.828505 -2.838787 -2.864125 -2.81051 -2.744122
-2.79107 -2.795169 -2.786947 -2.79925 -2.855969
-2.87999 -2.739608 -2.678818 -2.803992 -2.812222
-2.843523 -2.746722 -2.868142 -2.935423 -2.973408
-2.940726 -2.748479 -2.962312 -2.77914 -2.657744
-2.702104 -2.794804 -2.840521 -2.795159 -2.889121
-2.819719 -2.714975 -2.752327 -2.960148 -2.892629
-2.792663 -2.864938 -2.63095 -2.801597 -2.768735
-2.789494 -2.800416 -2.999245 -2.739577 -2.927752
-2.778151 -2.737444 -2.738687 -2.774221 -2.879857
-2.815421 -2.733057 -2.700259 -2.847695 -2.809657
-2.821194 -2.760453 -2.822032 -2.656378 -2.669893
-2.794142 -2.819272 -2.801561 -2.91185 -2.860322
-2.873115 -2.675275 -2.902782 -2.780267 -2.727468
-2.82468 -2.940349 -2.797815 -2.81942 -2.791444
-2.84886 -2.475739 -2.869333 -2.87501 -2.778801
-2.803032 -2.759016 -2.775555 -2.584225 -2.849049
-2.848281 -2.926758 -2.733854 -2.743225 -2.755385
-2.84172 -2.80195 -2.772867 -2.783023 -2.840201
-2.776219 -2.688474 -2.793513 -2.88443 -2.899
-2.876144 -2.789248 -2.83888 -2.8299 -2.845454
-2.89442 -2.794889 -2.904767 -2.797971 -2.791335
-2.803848 -2.821406 -2.871537 -2.930745 -2.855231
-2.907015 -2.753246 -2.711155 -2.79004 -2.715315
-2.814528 -2.900986 -2.787452 -2.781091 -2.840489
-2.76621 -2.941801 -2.802781 -2.73321 -2.752887
-2.775216 -2.787613 -2.865002 -2.776897 -2.887658
-2.791841 -2.890588 -2.889501 -2.764741 -2.722012
-2.740667 -2.927924 -2.980864 -2.758194 -2.842029
-2.940368 -2.74732 -2.773184 -2.838794 -2.817124
-2.775737 -2.887042 -2.817883 -2.798156 -2.806531
-2.711762 -2.836294 -2.905606 -2.768359 -2.815738
-2.877307 -2.81554 -2.840973 -3.019196 -2.833614
-2.861552 -2.799862 -2.683431 -2.849962 -2.788033
-2.856022 -2.799933 -2.815297 -2.832841 -2.805918
-2.812418 -2.744672 -2.737072 -2.767979 -2.79634
-2.830659 -2.751004 -2.867872 -2.67472 -2.783559
-2.827681 -2.758759 -2.677149 -2.759099 -2.792968
-2.772004 -2.938271 -2.832577 -2.84834 -2.834037
-2.717999 -2.833789 -2.722287 -2.757157 -2.844246
-2.564437
