-2.856279 -2.901058 -2.888829 -2.873853 -2.757459
-2.846898 -2.91504 -2.874013 -2.757796 -2.807639
-2.743819 -2.874995 -2.818588 -2.864981 -2.815726
-2.795767 -2.834291 -2.895567 -2.79396 -2.871605
-2.816506 -2.835602 -2.898816 -2.903371 -2.966101
-2.798089 -2.765586 -2.924471 -2.843371 -2.812707
-2.823849 -2.844236 -2.849322 -2.800505 -2.829526
-2.877303 -2.911886 -2.880597 -2.84999 -2.813373
-2.814366 -2.880903 -2.853934 -2.835811 -2.87015
-2.890564 -2.894887 -2.902127 -2.911786 -2.866781
-2.868084 -2.888445 -2.839112 -2.843796 -2.694767
-2.857144 -2.87247 -2.839383 -2.835581 -2.795672
-2.82065 -2.816901 -2.816384 -2.836124 -2.819526
-2.914051 -2.81337 -2.711299 -2.869507 -2.71184
-2.962555 -2.833401 -2.852291 -2.720533 -2.86517
-2.838946 -2.85939 -2.864899 -2.841027 -2.827806
-2.800402 -2.896216 -2.831355 -2.885128 -2.942528
-2.965391 -2.887303 -2.83857 -2.709183 -2.796038
-2.858532 -2.862319 -2.844152 -2.79646 -2.827049
-2.845778 -2.787591 -2.80252 -2.89201 -2.816533
-2.8425 -2.902403 -2.772859 -2.906603 -2.93976
-2.805712 -2.889497 -2.909539 -2.785154 -2.85895
-2.798668 -2.868126 -2.810339 -2.862577 -2.851431
-2.732449 -2.823888 -2.774834 -2.874973 -2.878186
-2.831803 -2.808702 -2.823204 -2.801187 -2.893552
-2.896368 -2.819634 -2.765429 -2.842707 -2.980355
-2.795884 -2.996574 -2.835275 -2.750028 -2.722635
-2.906439 -2.792097 -2.848084 -2.844236 -2.808053
-2.888125 -2.792149 -2.8371 -2.845135 -2.807013
-2.782606 -2.906108 -2.896658 -2.78147 -2.754789
-2.715685 -2.91931 -2.932931 -2.865029 -2.906908
-2.83535 -2.82806 -2.773268 -2.755771 -2.795942
-2.886152 -2.794138 -2.839538 -2.824497 -2.821247
-2.767915 -2.799594 -2.71803 -2.775445 -2.838672
-2.773504 -2.860778 -2.818268 -2.898781 -2.931665
-2.869971 -2.939171 -2.868788 -2.901763 -2.835341
-2.840438 -2.86525 -2.860716 -2.895695 -2.845796
-2.767492 -2.919366 -2.726158 -2.848927 -2.816662
-2.786561 -2.812384 -2.841961 -2.929993 -2.864093
-2.81827 -2.91496 -2.842219 -2.901828 -2.840025
-2.758855
