-2.931737 -2.887454 -2.942617 -2.903833 -2.865871
-2.969031 -2.961863 -2.970509 -2.938996 -2.874929
-2.93068 -2.889038 -2.910919 -2.937512 -2.919907
-2.891011 -2.914901 -2.861658 -2.982567 -2.955724
-2.852844 -2.842051 -2.959374 -2.947234 -2.867296
-2.960434 -2.908332 -2.723415 -2.92053 -2.879124
-2.897229 -2.877287 -2.85923 -2.940786 -2.927705
-2.923638 -3.005273 -2.966279 -2.902356 -2.873041
-2.806149 -2.989092 -2.906263 -2.863819 -2.91742
-2.895236 -2.938933 -2.956121 -2.871519 -2.941477
-2.830387 -2.94424 -2.863694 -2.68277 -2.865331
-2.932633 -2.942222 -2.91616 -2.923933 -2.882738
-2.898463 -2.898393 -2.866227 -2.905672 -2.868723
-2.958578 -2.958668 -2.854409 -2.914726 -2.945713
-2.916525 -2.873561 -2.931346 -2.901792 -2.888826
-2.943817 -2.866086 -2.871647 -2.924106 -2.933066
-2.928222 -2.876361 -2.979243 -2.880871 -2.749999
-2.908683 -2.878258 -2.904619 -2.945061 -2.865595
-2.899698 -2.924094 -2.875407 -2.951961 -2.930235
-2.954907 -2.934609 -2.906855 -2.852467 -2.918888
-2.943423 -2.947666 -2.903419 -2.878983 -2.777248
-2.91132 -2.881953 -2.916526 -2.956699 -2.957408
-2.929489 -2.924831 -2.895118 -2.876161 -2.928917
-2.921472 -2.887712 -2.937229 -2.962775 -2.928055
-2.887733 -2.824904 -2.900537 -2.914197 -2.961818
-2.918918 -2.916377 -2.970426 -2.419825 -2.842096
-2.935518 -2.939754 -2.898511 -2.8826 -2.906512
-2.854919 -2.931161 -2.930943 -2.885522 -2.920722
-2.912321 -2.889042 -2.767521 -2.911857 -2.926851
-2.907436 -2.929243 -2.868941 -2.94751 -2.900316
-2.944501 -2.952095 -2.912203 -2.849286 -2.940702
-2.902899 -2.83342 -2.977421 -2.920107 -2.880066
-2.910152 -2.89711 -2.806464 -2.810823 -2.933952
-2.953873 -2.955251 -2.910547 -2.941519 -2.960652
-2.912277 -2.883116 -2.913691 -2.820535 -2.912873
-2.881296 -2.931877 -2.762999 -2.877488 -2.875774
-2.902707 -2.807411 -2.883668 -2.808369 -2.924606
-2.961765 -2.87705 -2.962055 -2.910779 -2.908259
-2.868813 -2.989343 -2.898928 -2.971018 -2.788859
-2.827236 -2.878024 -2.922373 -2.946105 -2.925628
-2.876953
