-2.881476 -2.906298 -3.067249 -2.805861 -2.760581
-2.858655 -2.882051 -3.007726 -2.812041 -2.975445
-2.785321 -2.76984 -2.886234 -3.030761 -2.88749
-2.853519 -2.834471 -2.718125 -2.839457 -2.859722
-2.950562 -2.936131 -2.851109 -2.902959 -2.918517
-2.781927 -2.803507 -2.894049 -2.812978 -2.94844
-2.808976 -2.896004 -2.869565 -2.935495 -2.870284
-2.852171 -2.87218 -2.924726 -2.731428 -3.002038
-2.879875 -2.928946 -2.844785 -2.912923 -2.965799
-2.948539 -2.818426 -2.882486 -2.920302 -2.789434
-2.97596 -2.982141 -2.952744 -2.857211 -2.811733
-2.964708 -2.820187 -2.83755 -2.832271 -2.677177
-2.843733 -2.813979 -2.777608 -2.88928 -2.884781
-2.838588 -2.729228 -3.071778 -2.789916 -2.914283
-2.790023 -3.055767 -2.863835 -2.811478 -2.830498
-2.926252 -2.902929 -2.84785 -2.900419 -2.847458
-2.944976 -2.93173 -2.907355 -2.909073 -2.882711
-2.901812 -2.798623 -2.864891 -2.82634 -2.913388
-2.886859 -2.970008 -2.638704 -2.819521 -2.76731
-2.837268 -2.751953 -2.81146 -2.798674 -2.814043
-2.891754 -2.885579 -2.913212 -2.890816 -2.946746
-2.866518 -2.92489 -2.956457 -2.91449 -2.907071
-2.951365 -2.73692 -2.86049 -2.844901 -2.911555
-3.048103 -2.896025 -2.877465 -2.953757 -2.708455
-2.967542 -2.882393 -2.878253 -2.966466 -2.904956
-2.866451 -2.927472 -2.823714 -2.771952 -2.909856
-2.892094 -2.765681 -2.775661 -2.900768 -2.807116
-2.965601 -2.78236 -2.971364 -3.001133 -2.801489
-2.957597 -2.900831 -2.922699 -2.792581 -2.84355
-2.91091 -2.969739 -2.952515 -2.825054 -2.856195
-2.871283 -2.736824 -2.95519 -2.829296 -2.969319
-2.911932 -2.753948 -2.88525 -2.864016 -2.895385
-3.026825 -2.847021 -2.834396 -2.916742 -2.885812
-2.937984 -2.97442 -2.88555 -2.842142 -2.786461
-2.803514 -2.878591 -2.926297 -2.993262 -2.978707
-2.931581 -2.924962 -2.75447 -2.88252 -2.860873
-2.936418 -2.840773 -2.960999 -2.840585 -2.751562
-2.936656 -2.874134 -2.984301 -2.93826 -2.862433
-2.956811 -2.767369 -2.781832 -2.948145 -2.815342
-2.899984 -2.832161 -2.856199 -2.944335 -2.909639
-2.763041
