-2.784478 -2.747252 -2.816777 -2.733706 -2.839738
-2.768622 -2.689015 -2.780572 -2.775466 -2.786895
-2.748163 -2.751913 -2.81379 -2.789981 -2.767918
-2.723769 -2.720756 -2.800917 -2.748863 -2.721288
-2.807335 -2.752474 -2.777402 -2.800147 -2.834398
-2.762874 -2.835221 -2.786228 -2.799115 -2.74932
-2.777532 -2.782209 -2.76867 -2.765724 -2.792858
-2.768207 -2.724048 -2.797188 -2.797202 -2.735207
-2.810657 -2.713065 -2.818809 -2.794531 -2.758474
-2.769901 -2.76006 -2.768277 -2.772609 -2.821995
-2.759673 -2.74516 -2.8163 -2.792078 -2.823708
-2.776571 -2.737481 -2.764645 -2.736675 -2.804433
-2.725953 -2.798907 -2.779808 -2.806206 -2.780432
-2.805348 -2.818401 -2.732314 -2.755486 -2.745586
-2.750181 -2.755406 -2.745173 -2.765522 -2.737513
-2.690129 -2.735016 -2.759658 -2.817703 -2.773391
-2.76758 -2.775731 -2.775566 -2.793825 -2.744215
-2.79702 -2.824973 -2.733055 -2.794148 -2.756227
-2.800055 -2.736075 -2.759914 -2.763053 -2.7719
-2.834582 -2.762391 -2.784019 -2.74995 -2.774768
-2.774865 -2.788504 -2.742818 -2.743873 -2.820315
-2.777459 -2.785967 -2.72979 -2.791818 -2.762432
-2.755903 -2.726955 -2.837647 -2.779469 -2.74563
-2.753008 -2.745157 -2.79357 -2.743185 -2.753651
-2.746948 -2.765218 -2.759309 -2.733191 -2.76415
-2.726956 -2.777156 -2.739926 -2.787916 -2.769873
-2.791479 -2.73315 -2.803228 -2.81269 -2.791559
-2.709464 -2.829383 -2.802038 -2.829536 -2.774235
-2.792111 -2.715766 -2.778429 -2.750918 -2.795268
-2.798911 -2.72761 -2.774051 -2.833623 -2.813739
-2.737622 -2.734681 -2.807323 -2.812151 -2.75616
-2.798385 -2.769063 -2.770299 -2.760385 -2.796802
-2.798499 -2.762921 -2.808349 -2.783386 -2.745269
-2.77265 -2.766221 -2.77326 -2.796027 -2.806059
-2.818863 -2.784654 -2.784936 -2.801632 -2.772781
-2.772616 -2.825781 -2.808127 -2.768646 -2.793896
-2.734381 -2.818849 -2.776604 -2.805323 -2.728443
-2.818492 -2.757614 -2.758829 -2.797224 -2.784524
-2.736095 -2.770423 -2.7266 -2.791443 -2.802835
-2.811602 -2.740084 -2.802977 -2.790227 -2.782048
-2.767907
