-2.909407 -2.914286 -2.891474 -2.898185 -2.879804
-2.886051 -2.93206 -2.888196 -2.873759 -2.924286
-2.839958 -2.918448 -2.913747 -2.961985 -2.92429
-2.896961 -2.932604 -2.892781 -2.841344 -2.873232
-2.86445 -2.900927 -2.910235 -2.8917 -2.87765
-2.909588 -2.920428 -2.904033 -2.926255 -2.883727
-2.873215 -2.879665 -2.854062 -2.899428 -2.904378
-2.909428 -2.88865 -2.892605 -2.906897 -2.948497
-2.920265 -2.889898 -2.893005 -2.918684 -2.920115
-2.884369 -2.888531 -2.678851 -2.921344 -2.889121
-2.878449 -2.846974 -2.917915 -2.883168 -2.877044
-2.852442 -2.909986 -2.900474 -2.927979 -2.897757
-2.923119 -2.930461 -2.912802 -2.906809 -2.885251
-2.94541 -2.90607 -2.886241 -2.871099 -2.872743
-2.856011 -2.926623 -2.923782 -2.909433 -2.918123
-2.8583 -2.872328 -2.904397 -2.794198 -2.906202
-2.884995 -2.86656 -2.909498 -2.877442 -2.884606
-2.899676 -2.876969 -2.924242 -2.891601 -2.923633
-2.9559 -2.881369 -2.932253 -2.932318 -2.927281
-2.860432 -2.919375 -2.902982 -2.924417 -2.874217
-2.865483 -2.879541 -2.907328 -2.900979 -2.883348
-2.931012 -2.931383 -2.894835 -2.855227 -2.867375
-2.882784 -2.871922 -2.903834 -2.900122 -2.853423
-2.875089 -2.91876 -2.916213 -2.902373 -2.927743
-2.909462 -2.963216 -2.904055 -2.959782 -2.910485
-2.885497 -2.917448 -2.933345 -2.885873 -2.916336
-2.925498 -2.948193 -2.900014 -2.881736 -2.841145
-2.889697 -2.943183 -2.868624 -2.910101 -2.869639
-2.92605 -2.834979 -2.875946 -2.876492 -2.90985
-2.912867 -2.870702 -2.913789 -2.766999 -2.944642
-2.916845 -2.908588 -2.908743 -2.891631 -2.868936
-2.900734 -2.872921 -2.90472 -2.857939 -2.885556
-2.942317 -2.8999 -2.934959 -2.928766 -2.7939
-2.887029 -2.907328 -2.906288 -2.942471 -2.8948
-2.895422 -2.914908 -2.888513 -2.935033 -2.906333
-2.908242 -2.87573 -2.880883 -2.905714 -2.907351
-2.895698 -2.972349 -2.885444 -2.863483 -2.845972
-2.92066 -2.906559 -2.883904 -2.890128 -2.924454
-2.932184 -2.901019 -2.922461 -2.89308 -2.973777
-2.903484 -2.926791 -2.832377 -2.866414 -2.916274
-2.902638
