-2.925106 -2.910355 -2.878917 -2.929026 -2.923567
-2.953512 -2.924518 -2.892568 -2.917813 -2.942509
-2.903865 -2.89282 -2.867044 -2.927647 -2.977196
-2.88109 -2.909298 -2.894653 -2.89177 -2.868536
-2.87547 -2.922817 -2.921622 -2.889397 -2.902767
-2.930266 -2.937216 -2.926783 -2.84342 -2.948845
-2.944494 -2.954067 -2.923779 -2.893573 -2.88302
-2.962776 -2.948751 -2.907958 -2.960037 -2.953154
-2.912918 -2.96318 -2.930706 -2.909358 -2.911667
-2.866127 -2.945007 -2.927234 -2.902679 -2.948507
-2.928531 -2.905102 -2.970736 -2.916858 -2.865179
-2.950136 -2.898618 -2.956289 -2.893519 -2.900766
-2.915734 -2.984292 -2.979182 -2.946304 -2.903573
-2.875508 -2.922076 -2.914026 -2.836809 -2.837634
-2.948624 -2.923311 -2.931934 -2.888133 -2.965865
-2.948438 -2.905354 -2.909462 -2.951874 -2.919802
-2.919562 -2.858638 -2.952026 -2.956135 -2.929486
-2.8891 -2.947405 -2.964044 -2.930305 -2.900207
-2.853301 -2.926792 -2.941585 -2.938047 -2.87217
-2.914518 -2.893007 -2.910066 -2.881154 -2.87312
-2.927206 -2.891215 -2.887164 -2.910723 -2.893929
-2.963876 -2.911087 -2.932506 -2.928932 -2.946898
-2.938254 -2.898726 -2.903145 -2.906099 -2.919226
-2.927439 -2.927268 -2.908902 -2.900623 -2.913095
-2.946461 -2.943636 -2.889561 -2.998324 -2.890151
-2.969378 -2.919337 -2.922901 -2.900116 -2.895745
-2.950714 -2.872246 -2.866175 -2.925909 -2.919345
-2.904071 -2.918809 -2.941354 -2.952623 -2.949033
-2.955572 -2.923995 -2.938364 -2.98338 -2.862228
-2.935096 -2.90273 -2.932616 -2.928784 -2.954619
-2.944331 -2.986266 -2.925742 -2.928861 -2.936596
-2.941239 -2.897977 -2.937414 -2.963013 -2.975855
-2.907279 -2.921831 -2.907043 -2.974343 -2.917855
-2.917669 -2.947986 -2.840245 -2.907031 -2.971636
-2.933746 -2.89374 -2.945737 -2.922384 -2.920963
-2.945282 -2.903078 -2.969985 -2.950479 -2.981413
-2.970791 -2.875793 -2.947719 -2.894566 -2.933892
-2.91415 -2.827924 -2.880612 -2.974077 -2.963744
-2.934286 -2.919799 -2.911836 -2.939239 -2.941539
-2.958847 -2.933686 -2.891333 -2.894872 -2.895399
-2.908094
