-2.820719 -2.801504 -2.771072 -2.804192 -2.808041
-2.794528 -2.801932 -2.835911 -2.782818 -2.814378
-2.824986 -2.821558 -2.799724 -2.759309 -2.821729
-2.739724 -2.810614 -2.848055 -2.889908 -2.800093
-2.803459 -2.807309 -2.856939 -2.789115 -2.779855
-2.771613 -2.810916 -2.792069 -2.809964 -2.793612
-2.818669 -2.761233 -2.76566 -2.842687 -2.871542
-2.841363 -2.80438 -2.84715 -2.8898 -2.809972
-2.836394 -2.76111 -2.833556 -2.807485 -2.817866
-2.775566 -2.820926 -2.77944 -2.898957 -2.820125
-2.816849 -2.805834 -2.896426 -2.876685 -2.747223
-2.84813 -2.82195 -2.847564 -2.745656 -2.848795
-2.801047 -2.791189 -2.830825 -2.736676 -2.773744
-2.78519 -2.759965 -2.776001 -2.82332 -2.762231
-2.86831 -2.830453 -2.760999 -2.817941 -2.772831
-2.888106 -2.740574 -2.837974 -2.777493 -2.837146
-2.773245 -2.792286 -2.821129 -2.824935 -2.91681
-2.794464 -2.878054 -2.815511 -2.775358 -2.770526
-2.881746 -2.847318 -2.776913 -2.732481 -2.728033
-2.790883 -2.743042 -2.796158 -2.84195 -2.869572
-2.862982 -2.808932 -2.846095 -2.834814 -2.805186
-2.879579 -2.852111 -2.852155 -2.871767 -2.857802
-2.822547 -2.875734 -2.828734 -2.787259 -2.802447
-2.800106 -2.821902 -2.795111 -2.696966 -2.863202
-2.817869 -2.708534 -2.905699 -2.842996 -2.869262
-2.764794 -2.820038 -2.78125 -2.7847 -2.789314
-2.722864 -2.822791 -2.83098 -2.823429 -2.820024
-2.802207 -2.79741 -2.856484 -2.816148 -2.810829
-2.841238 -2.737667 -2.846434 -2.800074 -2.879539
-2.827626 -2.841328 -2.812946 -2.828239 -2.753816
-2.847058 -2.77878 -2.794496 -2.820172 -2.89505
-2.829638 -2.856731 -2.871501 -2.79693 -2.856758
-2.810335 -2.813702 -2.870225 -2.895886 -2.857069
-2.783366 -2.772347 -2.816226 -2.849353 -2.875674
-2.834972 -2.812561 -2.814754 -2.801086 -2.85957
-2.853855 -2.839072 -2.832377 -2.860709 -2.801911
-2.855488 -2.832711 -2.796336 -2.68142 -2.823502
-2.801054 -2.803181 -2.818662 -2.859033 -2.758754
-2.790568 -2.802563 -2.790282 -2.861765 -2.837745
-2.88909 -2.88692 -2.825726 -2.794717 -2.781985
-2.821201
