-2.81861 -2.795745 -2.688965 -2.854712 -2.802384
-2.760969 -2.831624 -2.82397 -2.821143 -2.808619
-2.853036 -2.799656 -2.880035 -2.802842 -2.831449
-2.838226 -2.782321 -2.797855 -2.725814 -2.787035
-2.808896 -2.796805 -2.783139 -2.813072 -2.800746
-2.760976 -2.801365 -2.785811 -2.805938 -2.740635
-2.781267 -2.814512 -2.795506 -2.839551 -2.792356
-2.772332 -2.776701 -2.765982 -2.826104 -2.848471
-2.344679 -2.77872 -2.792718 -2.804088 -2.80735
-2.68463 -2.788354 -2.814776 -2.770194 -2.842596
-2.78847 -2.77388 -2.801296 -2.832229 -2.806171
-2.783585 -2.757284 -2.83246 -2.820437 -2.787569
-2.769389 -2.796562 -2.785855 -2.894432 -2.791578
-2.749845 -2.818249 -2.812205 -2.757776 -2.847431
-2.8042 -2.872065 -2.766674 -2.829094 -2.833043
-2.826812 -2.833095 -2.795859 -2.826491 -2.786668
-2.840957 -2.350345 -2.822202 -2.866455 -2.765207
-2.835211 -2.799139 -2.811715 -2.778039 -2.862677
-2.804163 -2.815263 -2.815193 -2.796169 -2.777505
-2.771446 -2.866106 -2.806817 -2.823653 -2.632261
-2.777565 -2.828449 -2.74335 -2.836718 -2.809011
-2.844575 -2.820988 -2.660268 -2.737834 -2.798286
-2.834276 -2.803181 -2.830255 -2.757752 -2.79055
-2.768284 -2.759013 -2.773793 -2.776731 -2.702912
-2.786649 -2.777244 -2.883092 -2.773932 -2.814667
-2.797648 -2.774861 -2.786464 -2.867385 -2.822395
-2.788041 -2.805706 -2.798578 -2.800384 -2.800815
-2.849713 -2.805457 -2.747988 -2.784547 -2.688963
-2.782497 -2.717237 -2.765171 -2.799506 -2.785577
-2.831572 -2.825085 -2.793578 -2.817511 -2.744078
-2.719474 -2.826148 -2.825939 -2.848558 -2.855364
-2.725899 -2.801124 -2.789422 -2.730065 -2.81176
-2.800549 -2.868796 -2.798527 -2.753865 -2.783669
-2.784829 -2.770504 -2.810465 -2.781523 -2.824282
-2.819917 -2.842116 -2.794945 -2.783121 -2.797909
-2.769103 -2.734522 -2.796171 -2.820331 -2.730349
-2.822201 -2.812886 -2.79301 -2.776955 -2.820754
-2.776909 -2.80513 -2.831442 -2.804439 -2.803064
-2.730136 -2.862195 -2.784437 -2.845798 -2.722275
-2.843093 -2.797577 -2.600496 -2.772726 -2.81874
-2.793342
