-2.795249 -2.793005 -2.776664 -2.727541 -2.807165
-2.833779 -2.771664 -2.759347 -2.840275 -2.781216
-2.821075 -2.809467 -2.723979 -2.798093 -2.853209
-2.743417 -2.827262 -2.761169 -2.793934 -2.746454
-2.782744 -2.747007 -2.807176 -2.798282 -2.813212
-2.789399 -2.736526 -2.748063 -2.748449 -2.772682
-2.763802 -2.837872 -2.83007 -2.775276 -2.779973
-2.807427 -2.834378 -2.733053 -2.766104 -2.826419
-2.781535 -2.767674 -2.77112 -2.786515 -2.778835
-2.755037 -2.806043 -2.759729 -2.819543 -2.763182
-2.783462 -2.732554 -2.777086 -2.788436 -2.791752
-2.705637 -2.810945 -2.806592 -2.832267 -2.825151
-2.743095 -2.776008 -2.823758 -2.775251 -2.773108
-2.818302 -2.794164 -2.773888 -2.809105 -2.795422
-2.728667 -2.776875 -2.758038 -2.782776 -2.764593
-2.802121 -2.491975 -2.792791 -2.788967 -2.784291
-2.811628 -2.78869 -2.772812 -2.801719 -2.77722
-2.846643 -2.744874 -2.791018 -2.785809 -2.803675
-2.779184 -2.7835 -2.765871 -2.871224 -2.79904
-2.807636 -2.739996 -2.734853 -2.783258 -2.816095
-2.804474 -2.814451 -2.755216 -2.783322 -2.80015
-2.791035 -2.813294 -2.774838 -2.840089 -2.74532
-2.766799 -2.77176 -2.779985 -2.748348 -2.760886
-2.805902 -2.828264 -2.825439 -2.791255 -2.824658
-2.827433 -2.853836 -2.801976 -2.795153 -2.77059
-2.737568 -2.709923 -2.766587 -2.746479 -2.882715
-2.753528 -2.807603 -2.778304 -2.811943 -2.777083
-2.827796 -2.722702 -2.792305 -2.776834 -2.763781
-2.777258 -2.798941 -2.779199 -2.775823 -2.746641
-2.795986 -2.826301 -2.81687 -2.805499 -2.751362
-2.817228 -2.820865 -2.76963 -2.776131 -2.808661
-2.803947 -2.802817 -2.831469 -2.755244 -2.772954
-2.877553 -2.751072 -2.77355 -2.71202 -2.829324
-2.720384 -2.740769 -2.834967 -2.809531 -2.734609
-2.736042 -2.760614 -2.785727 -2.842961 -2.797587
-2.79763 -2.844543 -2.807911 -2.808066 -2.779564
-2.813502 -2.801236 -2.812645 -2.759003 -2.793058
-2.774986 -2.811008 -2.790438 -2.795025 -2.735136
-2.765803 -2.779193 -2.811087 -2.756396 -2.768522
-2.786769 -2.640741 -2.788202 -2.858593 -2.82291
-2.75305
