-2.801141 -2.784787 -2.76036 -2.759034 -2.819843
-2.808505 -2.743011 -2.794166 -2.743847 -2.861699
-2.812884 -2.717852 -2.889912 -2.770496 -2.861257
-2.837059 -2.75208 -2.915487 -2.735341 -2.840283
-2.735059 -2.746878 -2.726291 -2.844136 -2.855558
-2.813254 -2.77349 -2.799262 -2.759679 -2.763277
-2.791923 -2.764963 -2.818992 -2.760194 -2.822445
-2.724295 -2.695727 -2.779814 -2.778439 -2.813008
-2.815156 -2.774089 -2.827306 -2.849682 -2.790302
-2.785113 -2.841376 -2.811541 -2.909428 -2.81548
-2.782404 -2.806021 -2.799723 -2.753679 -2.887883
-2.797278 -2.872347 -2.765688 -2.734734 -2.855856
-2.685505 -2.858486 -2.858277 -2.70198 -2.815336
-2.80236 -2.739598 -2.801942 -2.801066 -2.842645
-2.802134 -2.884072 -2.862764 -2.660803 -2.784819
-2.905078 -2.744056 -2.805269 -2.788362 -2.786845
-2.784787 -2.785086 -2.839047 -2.83939 -2.859779
-2.82216 -2.788071 -2.783039 -2.925411 -2.765391
-2.8318 -2.725361 -2.831012 -2.797997 -2.8192
-2.823059 -2.7164 -2.810794 -2.775889 -2.714788
-2.751231 -2.78113 -2.804878 -2.762221 -2.719166
-2.768483 -2.75838 -2.849116 -2.73521 -2.792764
-2.851137 -2.787409 -2.842064 -2.816906 -2.855843
-2.81802 -2.858933 -2.747236 -2.815453 -2.748698
-2.809891 -2.800295 -2.750387 -2.760107 -2.723136
-2.758561 -2.718546 -2.850231 -2.810861 -2.762681
-2.91541 -2.806363 -2.790184 -2.787621 -2.81392
-2.775635 -2.845938 -2.807352 -2.77944 -2.741791
-2.745208 -2.803998 -2.759881 -2.82323 -2.79025
-2.848556 -2.847496 -2.725658 -2.748712 -2.751077
-2.762803 -2.865147 -2.806558 -2.838532 -2.721654
-2.830272 -2.741327 -2.788728 -2.827172 -2.807969
-2.826617 -2.77303 -2.795226 -2.828405 -2.745271
-2.811827 -2.822268 -2.775656 -2.837451 -2.806429
-2.829428 -2.893608 -2.663227 -2.795976 -2.794524
-2.726418 -2.808641 -2.760995 -2.693735 -2.875123
-2.760642 -2.764577 -2.78246 -2.797048 -2.807964
-2.971032 -2.772966 -2.760185 -2.810673 -2.845083
-2.855438 -2.827715 -2.78862 -2.835393 -2.80114
-2.703941 -2.846586 -2.773879 -2.744233 -2.749893
-2.777271
