-2.84434 -2.837659 -2.856728 -2.823595 -2.913009
-2.875152 -2.833014 -2.846981 -2.832444 -2.872959
-2.829516 -2.830923 -2.826892 -2.868026 -2.842703
-2.884818 -2.810625 -2.813842 -2.820852 -2.833874
-2.872568 -2.843077 -2.853177 -2.844397 -2.865606
-2.877454 -2.827838 -2.842566 -2.828183 -2.836776
-2.87894 -2.867954 -2.868545 -2.821266 -2.829578
-2.839433 -2.781634 -2.871059 -2.849285 -2.789021
-2.786298 -2.854373 -2.917055 -2.824175 -2.824432
-2.858367 -2.835256 -2.763039 -2.857969 -2.890816
-2.851184 -2.851052 -2.801909 -2.904669 -2.883805
-2.774242 -2.844302 -2.876922 -2.853345 -2.88325
-2.863109 -2.794045 -2.847748 -2.918551 -2.795737
-2.846812 -2.815034 -2.883642 -2.805822 -2.85225
-2.839032 -2.865334 -2.826803 -2.810238 -2.877008
-2.841197 -2.840712 -2.853757 -2.806856 -2.853983
-2.830001 -2.816276 -2.862612 -2.803528 -2.82677
-2.849791 -2.831209 -2.866086 -2.874672 -2.902949
-2.832269 -2.826268 -2.881544 -2.822436 -2.790959
-2.833612 -2.801646 -2.77447 -2.874384 -2.826986
-2.866702 -2.783643 -2.819111 -2.833061 -2.876584
-2.863506 -2.756588 -2.848503 -2.895406 -2.834761
-2.818692 -2.892722 -2.76398 -2.821272 -2.804233
-2.840288 -2.879846 -2.7931 -2.903783 -2.784578
-2.808413 -2.863219 -2.910347 -2.842953 -2.825503
-2.709757 -2.906028 -2.844971 -2.835171 -2.883043
-2.783078 -2.816495 -2.819486 -2.894648 -2.844734
-2.854122 -2.859317 -2.766673 -2.933094 -2.82508
-2.832847 -2.83517 -2.751292 -2.865032 -2.796687
-2.863104 -2.844159 -2.901898 -2.860012 -2.839296
-2.805235 -2.802515 -2.832557 -2.866048 -2.80783
-2.865575 -2.80582 -2.836578 -2.791545 -2.876895
-2.795815 -2.845465 -2.875853 -2.839836 -2.887707
-2.824337 -2.775613 -2.859813 -2.858037 -2.86668
-2.872731 -2.832164 -2.825943 -2.827356 -2.809683
-2.879162 -2.802182 -2.834733 -2.82931 -2.816706
-2.811655 -2.862984 -2.802246 -2.84857 -2.814208
-2.815286 -2.835414 -2.919605 -2.852493 -2.812957
-2.910127 -2.830657 -2.856506 -2.851999 -2.896149
-2.828118 -2.872469 -2.8568 -2.806159 -2.832585
-2.813361
