-2.908769 -2.861251 -2.9384 -2.8699 -2.973449
-2.907626 -2.839109 -2.846419 -2.848708 -2.853505
-2.868288 -2.910748 -2.910215 -2.922087 -2.874287
-2.86421 -2.953944 -2.930437 -2.875767 -2.871959
-2.860374 -2.895698 -2.837191 -2.989563 -2.844583
-2.915849 -2.891638 -2.836797 -2.943584 -2.913884
-2.892249 -2.895369 -2.796602 -2.860418 -2.90322
-2.900139 -2.893488 -2.882431 -2.896168 -2.858599
-2.87263 -2.932133 -2.867951 -2.933062 -2.894401
-2.946587 -2.878814 -2.963659 -2.816267 -2.872495
-2.864139 -2.924925 -2.871551 -2.91996 -2.9605
-2.886756 -2.839215 -2.843357 -2.892935 -2.906365
-2.855795 -2.97897 -2.860443 -2.938929 -2.871568
-2.862989 -2.891884 -2.937586 -2.890942 -2.951854
-2.88203 -3.037237 -2.899776 -2.851688 -2.914831
-2.912239 -2.958035 -2.883268 -2.877579 -2.87289
-2.835744 -2.962012 -2.907259 -2.927939 -2.87152
-2.873092 -2.799565 -2.76142 -2.80437 -2.867896
-2.896116 -2.858761 -2.934875 -2.899287 -2.86119
-2.888745 -2.877368 -2.919713 -2.795376 -2.966069
-2.889651 -2.902154 -2.876214 -2.889086 -2.892186
-2.893859 -2.891386 -2.871611 -2.847213 -2.894107
-2.826504 -2.859605 -2.869797 -2.949015 -2.916559
-2.813711 -2.84081 -2.910546 -2.678006 -2.902063
-2.896653 -2.912385 -2.891997 -2.919039 -2.876382
-2.866951 -2.905792 -2.829402 -2.919662 -2.88963
-2.901697 -2.933107 -2.916325 -2.800728 -2.842446
-2.91089 -2.937396 -2.859466 -2.875648 -2.917332
-2.902228 -2.85125 -2.909943 -2.996144 -2.877728
-2.909284 -2.884408 -2.931619 -2.901824 -2.9341
-2.980254 -2.886839 -2.908824 -2.819964 -2.871489
-2.927147 -2.920844 -2.865201 -2.88717 -2.934613
-2.84175 -2.891761 -2.878822 -2.900147 -2.876227
-2.908338 -2.913221 -2.916158 -2.887244 -2.945896
-2.862523 -2.893646 -2.891433 -2.899425 -2.921162
-2.936664 -2.855435 -2.855069 -2.816649 -2.903647
-2.911602 -2.883955 -2.842907 -2.841549 -2.897591
-2.869465 -2.903334 -2.856969 -2.919899 -2.859938
-2.884899 -2.959427 -2.904716 -2.904209 -2.890626
-2.995278 -2.890203 -2.893745 -2.894255 -2.894575
-2.968009
