-2.900858 -2.950686 -2.90177 -2.904935 -2.780916
-2.89344 -2.860337 -2.954192 -2.880356 -2.831939
-3.005215 -2.860048 -2.956046 -2.938384 -2.953873
-2.9084 -2.920742 -2.838703 -2.830398 -2.908269
-2.861982 -2.967415 -2.85609 -2.900634 -2.825205
-2.956465 -2.979392 -2.837609 -2.814548 -2.90402
-2.753376 -2.857808 -2.833713 -2.954841 -2.942423
-2.870117 -2.902085 -2.915617 -2.963429 -2.858489
-2.889922 -2.815979 -2.930843 -2.932669 -2.914478
-2.867038 -2.879197 -2.887533 -2.88919 -2.911942
-2.89574 -2.974807 -2.935944 -2.84954 -2.851842
-2.925408 -2.920578 -2.964871 -2.822617 -2.979356
-2.857911 -2.900785 -2.894885 -2.915633 -2.950835
-2.82998 -2.886367 -2.853829 -2.978193 -2.911869
-2.821617 -2.861223 -2.883331 -2.899828 -2.92862
-2.954672 -2.905692 -2.805659 -2.924413 -2.918946
-2.792923 -2.876896 -2.763045 -2.895687 -2.9258
-2.88477 -2.867678 -2.880642 -2.989805 -2.966421
-2.836542 -2.840413 -2.81027 -2.848215 -2.899894
-2.793367 -2.842592 -2.951952 -2.856655 -2.895557
-2.906368 -2.866163 -2.983643 -2.848201 -2.899055
-2.844001 -2.910833 -2.844314 -2.873637 -2.897432
-2.894103 -2.920483 -2.782546 -2.950117 -2.853096
-2.851795 -2.910407 -2.85046 -2.944201 -2.909321
-2.845325 -2.92187 -2.881068 -2.929282 -3.02565
-2.789054 -2.85336 -2.938505 -2.789965 -2.900145
-2.884344 -2.883296 -2.963959 -2.905022 -2.942246
-2.899286 -2.924454 -2.862774 -2.951273 -2.901745
-2.945105 -3.004315 -2.888411 -2.90441 -2.82244
-2.913413 -2.940948 -2.821167 -2.863899 -2.983912
-2.908496 -2.901585 -2.973021 -2.853345 -2.799886
-2.875024 -2.886115 -2.879726 -2.840355 -2.952632
-2.910788 -2.846455 -2.945231 -2.926489 -2.921232
-2.985361 -2.887196 -2.84299 -2.840719 -2.925205
-2.959446 -2.929685 -2.889192 -2.792126 -2.837852
-2.845164 -2.910461 -2.851929 -2.973032 -2.929771
-2.754793 -2.994569 -2.894159 -2.949955 -3.022539
-2.867539 -2.88151 -2.856852 -2.946571 -2.802506
-2.90472 -2.870156 -2.979756 -2.976334 -2.87563
-2.918574 -2.935181 -2.91039 -2.953727 -2.991031
-2.898752
