-2.896196 -2.862908 -2.861899 -2.912015 -2.874386
-2.881774 -2.880939 -2.868986 -2.849574 -2.897819
-2.932868 -2.935527 -2.833909 -2.875412 -2.870992
-2.882065 -2.882074 -2.873657 -2.887907 -2.844524
-2.867095 -2.920937 -2.864602 -2.920711 -2.89021
-2.866125 -2.868541 -2.889979 -2.90131 -2.937774
-2.926069 -2.916281 -2.890976 -2.871742 -2.881893
-2.920164 -2.865706 -2.862137 -2.807737 -2.85837
-2.870098 -2.866144 -2.894315 -2.912346 -2.926598
-2.884355 -2.910219 -2.874785 -2.919853 -2.896247
-2.868727 -2.871706 -2.884854 -2.866028 -2.87993
-2.914081 -2.90874 -2.845829 -2.924782 -2.853137
-2.985123 -2.873431 -2.890561 -2.85177 -2.893047
-2.901762 -2.829375 -2.958377 -2.850611 -2.920044
-2.921175 -2.897593 -2.935706 -2.847174 -2.847096
-2.911219 -2.894164 -2.929945 -2.880068 -2.906407
-2.879323 -2.868247 -2.837669 -2.785295 -2.945493
-2.956762 -2.894846 -2.907364 -2.970548 -2.9075
-2.8878 -2.917345 -2.870872 -2.939122 -2.894991
-2.904553 -2.901395 -2.921004 -2.844535 -2.917073
-2.8751 -2.843418 -2.851525 -2.904637 -2.884306
-2.879044 -2.909708 -2.868899 -2.926173 -2.853373
-2.814803 -2.902068 -2.911029 -2.818441 -2.923333
-2.854646 -2.926616 -2.841586 -2.857752 -2.884183
-2.811635 -2.862565 -2.887669 -2.876968 -2.862855
-2.90982 -2.933855 -2.880722 -2.868034 -2.889486
-2.881698 -2.889337 -2.903213 -2.944885 -2.924029
-2.88858 -2.842496 -2.837674 -2.91666 -2.885574
-2.95894 -2.915163 -2.912357 -2.880907 -2.910508
-2.899733 -2.86861 -2.876209 -2.940649 -2.8932
-2.923281 -2.917868 -2.926677 -2.894357 -2.893906
-2.85285 -2.867227 -2.919349 -2.887402 -2.86148
-2.839257 -2.838888 -2.866113 -2.898483 -2.902897
-2.926195 -2.847237 -2.897383 -2.779392 -2.890336
-2.860271 -2.94185 -2.928254 -2.843844 -2.899025
-2.869463 -2.872053 -2.880047 -2.853745 -2.894731
-2.909821 -2.886371 -2.885282 -2.916741 -2.826217
-2.900722 -2.902293 -2.876704 -2.891631 -2.86417
-2.91821 -2.828405 -2.903948 -2.921185 -2.847584
-2.926619 -2.900204 -2.890334 -2.853762 -2.860848
-2.913285
