-2.812031 -2.746324 -2.721179 -2.830869 -2.803812
-2.734495 -2.758705 -2.811064 -2.753114 -2.838057
-2.752689 -2.806851 -2.829804 -2.768235 -2.762967
-2.770567 -2.832078 -2.799423 -2.770279 -2.843067
-2.838029 -2.802623 -2.76329 -2.706814 -2.757933
-2.844999 -2.776743 -2.739256 -2.833406 -2.872222
-2.772728 -2.757092 -2.869558 -2.773611 -2.914461
-2.84843 -2.854351 -2.844512 -2.828466 -2.770624
-2.74898 -2.80671 -2.86831 -2.798756 -2.78249
-2.798153 -2.816858 -2.756045 -2.766255 -2.705958
-2.889333 -2.823841 -2.793239 -2.782145 -2.764679
-2.730244 -2.772574 -2.790267 -2.842397 -2.762574
-2.834346 -2.795575 -2.741773 -2.844292 -2.824466
-2.831463 -2.803222 -2.775701 -2.80271 -2.774223
-2.85638 -2.811418 -2.774017 -2.795933 -2.788126
-2.771417 -2.87561 -2.690588 -2.830728 -2.826565
-2.820849 -2.730829 -2.804329 -2.835107 -2.857733
-2.858474 -2.743052 -2.776991 -2.799258 -2.784943
-2.827829 -2.79453 -2.779922 -2.811985 -2.806162
-2.863804 -2.765841 -2.902743 -2.903309 -2.766886
-2.856648 -2.890708 -2.728845 -2.795329 -2.878351
-2.714957 -2.772935 -2.787321 -2.807318 -2.770212
-2.832562 -2.735845 -2.783761 -2.811161 -2.966167
-2.829632 -2.800265 -2.852313 -2.825898 -2.910116
-2.728529 -2.751848 -2.725139 -2.829428 -2.826424
-2.791198 -2.884051 -2.826543 -2.787362 -2.787435
-2.894437 -2.779061 -2.872476 -2.83907 -2.867042
-2.862634 -2.873293 -2.836561 -2.882043 -2.849551
-2.748698 -2.695759 -2.875825 -2.865821 -2.822584
-2.855265 -2.757426 -2.81487 -2.85147 -2.782997
-2.881391 -2.656766 -2.741973 -2.820265 -2.818882
-2.842986 -2.851824 -2.782846 -2.821601 -2.785523
-2.845656 -2.853108 -2.839351 -2.82835 -2.826386
-2.767753 -2.852174 -2.71083 -2.776044 -2.844577
-2.840052 -2.759225 -2.905812 -2.722603 -2.798085
-2.701268 -2.79995 -2.818204 -2.689002 -2.832039
-2.730321 -2.889789 -2.795802 -2.685981 -2.78958
-2.866661 -2.769342 -2.822525 -2.825822 -2.867268
-2.798081 -2.759842 -2.858668 -2.897001 -2.781417
-2.7881 -2.920184 -2.78592 -2.680488 -2.797922
-2.725792
