-2.938634 -2.917074 -2.930833 -2.889574 -2.903035
-2.945389 -2.884323 -2.923345 -2.92227 -2.982198
-2.895629 -2.97998 -2.908732 -2.895222 -2.887105
-2.971726 -2.944202 -2.939633 -2.916488 -2.916371
-2.968419 -2.613857 -2.907649 -2.929593 -2.939389
-2.822602 -2.953936 -2.973885 -2.931799 -2.905811
-2.681863 -2.989349 -2.895213 -2.783817 -2.880305
-2.915876 -2.902515 -2.755005 -2.945194 -2.941841
-2.89757 -2.92872 -2.918422 -2.919948 -2.724616
-2.955333 -2.972136 -2.979115 -2.984512 -2.900735
-2.981959 -2.936405 -2.900274 -2.944363 -2.902914
-2.952192 -2.971838 -2.958504 -2.823817 -2.948027
-2.794718 -2.917487 -2.954601 -2.890176 -2.914533
-2.929877 -2.844046 -2.934492 -2.936431 -2.92423
-2.983319 -2.716177 -2.946422 -2.919691 -2.998156
-2.720874 -2.935311 -2.858325 -2.968806 -2.930486
-2.887779 -2.883967 -2.861871 -3.059649 -2.900506
-2.913947 -2.902414 -2.920487 -2.894619 -2.937288
-2.949404 -2.871622 -2.870298 -3.019856 -2.95463
-2.85724 -2.932781 -2.852566 -3.030139 -2.453757
-2.892 -2.901579 -2.88258 -2.993701 -2.910972
-2.847732 -2.937453 -2.969177 -2.920963 -2.881782
-2.888865 -2.975446 -2.9618 -2.983583 -2.946793
-2.971556 -2.975389 -3.010703 -2.912993 -2.969592
-2.454635 -2.880448 -2.9809 -2.939362 -2.796715
-2.901365 -2.959218 -2.883135 -2.973198 -2.916469
-2.937515 -2.890467 -2.829917 -2.994068 -2.973832
-2.932292 -2.908526 -2.947344 -2.961977 -2.834646
-2.8948 -2.753738 -2.87592 -2.935836 -2.86037
-2.926695 -2.939258 -2.727424 -2.71181 -2.917472
-2.899709 -2.622305 -2.843012 -2.947288 -2.932629
-2.905994 -2.955678 -2.921167 -2.922252 -2.904035
-2.869738 -2.911267 -2.920447 -2.956906 -2.878866
-2.880631 -2.947448 -2.988869 -2.962391 -2.885652
-2.934089 -2.969259 -2.903703 -2.903788 -2.880601
-2.932353 -2.961193 -2.938917 -2.948409 -2.546439
-2.90569 -2.851063 -2.926954 -2.940824 -2.882084
-2.901883 -2.998144 -2.926704 -2.931372 -2.900852
-2.933491 -2.838474 -3.006138 -2.876563 -2.916969
-2.912715 -2.946312 -2.991896 -2.903178 -2.500578
-2.902819
