-2.866274 -2.842758 -2.853852 -2.838503 -2.854384
-2.909662 -2.900742 -2.915193 -2.857229 -2.816121
-2.926751 -2.915022 -2.856439 -2.809821 -2.842927
-2.911844 -2.890843 -2.844725 -2.827301 -2.888929
-2.864169 -2.84093 -2.764782 -2.794167 -2.917418
-2.90403 -2.887986 -2.817649 -2.871322 -2.89631
-2.842113 -2.903185 -2.899643 -2.994397 -2.89489
-2.869995 -2.891644 -2.909717 -2.86281 -2.818474
-2.853866 -2.90002 -2.836845 -2.841341 -2.942605
-2.81135 -2.793694 -2.911011 -2.882599 -2.827135
-2.841037 -2.850982 -2.804104 -2.859581 -2.776562
-2.833604 -2.905746 -2.9023 -2.819337 -2.776404
-2.815753 -2.960807 -2.772763 -2.815634 -2.747557
-2.898497 -2.824779 -2.87024 -2.781683 -2.828704
-2.783519 -2.782834 -2.834305 -2.916069 -2.917933
-2.795552 -2.874684 -2.840995 -2.957768 -2.812713
-2.93605 -2.913842 -2.89175 -2.902434 -2.891461
-2.904977 -2.999802 -2.860767 -2.975383 -2.935439
-2.841515 -2.913826 -2.819361 -2.811247 -2.842924
-2.866261 -2.951428 -2.827318 -2.875195 -2.840829
-2.946161 -2.959245 -2.884204 -2.828991 -2.759772
-2.776105 -2.909001 -2.820595 -2.811254 -2.777821
-2.886008 -2.852865 -2.929518 -2.924846 -2.860828
-2.877338 -2.929661 -2.834753 -2.854739 -2.710453
-2.801773 -2.758406 -2.870491 -2.956576 -2.865536
-2.887303 -2.818216 -2.80482 -2.878728 -2.8984
-2.932038 -2.873878 -2.761862 -2.909647 -2.827526
-2.895152 -2.88642 -2.890371 -2.894277 -2.841489
-2.940925 -2.883567 -2.867978 -2.83217 -2.880258
-2.87107 -2.952634 -2.809116 -2.801712 -2.951327
-2.839722 -2.892869 -2.905542 -2.885143 -2.839324
-2.762119 -2.782995 -2.971823 -2.933206 -2.763469
-2.796236 -2.879532 -2.830834 -2.954967 -2.873524
-2.995315 -2.909544 -2.91752 -2.921636 -2.887818
-2.871829 -2.940223 -2.858075 -2.84622 -2.825657
-2.933035 -2.833913 -2.850759 -2.831415 -2.881141
-2.805015 -2.841393 -2.783734 -2.769426 -2.903793
-2.685592 -2.838752 -2.883313 -2.792366 -2.817732
-2.944428 -2.95633 -2.875332 -2.741797 -2.921845
-2.909141 -2.853723 -2.886928 -3.018181 -2.863846
-2.784518
