-2.838077 -2.816808 -2.860432 -2.847278 -2.91444
-2.785454 -2.772366 -2.807781 -2.866496 -2.809109
-2.865161 -2.861697 -2.857457 -2.843947 -2.932076
-2.674787 -2.868011 -2.798182 -2.629469 -2.876649
-2.867826 -2.817428 -2.819914 -2.867444 -2.861716
-2.813295 -2.858224 -2.708782 -2.882261 -2.83002
-2.80946 -2.804879 -2.792404 -2.787682 -2.842136
-2.778224 -2.781946 -2.798938 -2.804679 -2.828125
-2.80141 -2.79735 -2.73336 -2.77014 -2.857415
-2.76907 -2.861962 -2.734795 -2.831627 -2.880764
-2.796754 -2.801762 -2.858808 -2.717726 -2.882518
-2.786657 -2.838099 -2.828965 -2.794439 -2.877974
-2.885112 -2.73682 -2.736561 -2.81136 -2.78793
-2.89357 -2.854383 -2.803635 -2.839166 -2.834202
-2.915129 -2.763016 -2.824008 -2.760479 -2.854148
-2.890613 -2.818899 -2.792296 -2.843051 -2.852841
-2.88209 -2.763067 -2.89812 -2.784433 -2.891613
-2.840387 -2.874594 -2.830718 -2.843947 -2.771793
-2.860484 -2.865386 -2.887895 -2.675462 -2.88267
-2.818495 -2.845299 -2.781196 -2.773542 -2.806753
-2.851961 -2.878426 -2.787407 -2.889514 -2.880188
-2.808377 -2.753372 -2.8373 -2.927964 -2.838859
-2.781351 -2.879791 -2.858083 -2.7999 -2.738476
-2.88293 -2.838944 -2.856626 -2.832528 -2.832799
-2.829484 -2.854981 -2.864459 -2.820226 -2.638883
-2.770938 -2.807202 -2.875646 -2.807052 -2.789212
-2.851614 -2.814906 -2.855935 -2.735123 -2.888984
-2.840807 -2.801957 -2.891975 -2.800895 -2.881915
-2.867902 -2.787 -2.833598 -2.896554 -2.862848
-2.831559 -2.774421 -2.782106 -2.873039 -2.873379
-2.822545 -2.883386 -2.866759 -2.945969 -2.799291
-2.843659 -2.924296 -2.895359 -2.837771 -2.872734
-2.815531 -2.821068 -2.838727 -2.783793 -2.880467
-2.828218 -2.785702 -2.845312 -2.721326 -2.773345
-2.791203 -2.808783 -2.841687 -2.76121 -2.840163
-2.858638 -2.861955 -2.87711 -2.830708 -2.875673
-2.858741 -2.83611 -2.772965 -2.778142 -2.875949
-2.837824 -2.672997 -2.837695 -2.802457 -2.867969
-2.87164 -2.857719 -2.799914 -2.872597 -2.691893
-2.939527 -2.874144 -2.849138 -2.832061 -2.787857
-2.701431
