-2.868913 -2.863419 -2.878938 -2.822652 -2.772063
-2.909149 -2.818505 -2.890853 -2.866568 -2.82919
-2.912222 -2.918731 -2.908061 -2.805064 -2.927546
-2.900029 -2.881107 -2.838178 -2.843618 -2.820752
-2.811833 -2.821329 -2.91373 -2.84956 -2.832595
-2.881168 -2.891675 -2.833455 -2.847541 -2.91952
-2.850371 -2.880255 -2.830016 -2.864639 -2.913328
-2.89671 -2.806003 -2.832408 -2.821268 -2.949936
-2.833495 -2.744287 -2.761677 -2.83203 -2.869018
-2.798 -2.873309 -2.853653 -2.889339 -2.86737
-2.823307 -2.864519 -2.770901 -2.868055 -2.828235
-2.835385 -2.81412 -2.859585 -2.807038 -2.826993
-2.874513 -2.87667 -2.876494 -2.869146 -2.890838
-2.861189 -2.866747 -2.894157 -2.822165 -2.883671
-2.783412 -2.898921 -2.840732 -2.859694 -2.887822
-2.877783 -2.874835 -2.919376 -2.914853 -2.781172
-2.907329 -2.82598 -2.874783 -2.865312 -2.85938
-2.778484 -2.83069 -2.895783 -2.855796 -2.803707
-2.928477 -2.938345 -2.860892 -2.838855 -2.755373
-2.844797 -2.879434 -2.908412 -2.725725 -2.879863
-2.8188 -2.826682 -2.81105 -2.800117 -2.889131
-2.856857 -2.844594 -2.830575 -2.869978 -2.853646
-2.781096 -2.900972 -2.831014 -2.901676 -2.874593
-2.806855 -2.866866 -2.819327 -2.920335 -2.929738
-2.837787 -2.926153 -2.890503 -2.814885 -2.879167
-2.816116 -2.848433 -2.895795 -2.894991 -2.750657
-2.805955 -2.82654 -2.813262 -2.857364 -2.852562
-2.917583 -2.843839 -2.882565 -2.865085 -2.838824
-2.899465 -2.75277 -2.880531 -2.829223 -2.880705
-2.816556 -2.865145 -2.886596 -2.851389 -2.836313
-2.902007 -2.870661 -2.832144 -2.872251 -2.821596
-2.837217 -2.821555 -2.862566 -2.810852 -2.812366
-2.864658 -2.788325 -2.848925 -2.827973 -2.885774
-2.845502 -2.856067 -2.879139 -2.872704 -2.822651
-2.866339 -2.856533 -2.830764 -2.835447 -2.921673
-2.846922 -2.857395 -2.85019 -2.844013 -2.785968
-2.856805 -2.855466 -2.895808 -2.849513 -2.872012
-2.923039 -2.90046 -2.860715 -2.927071 -2.84139
-2.807227 -2.873541 -2.883501 -2.821084 -2.782923
-2.80298 -2.878578 -2.85844 -2.881349 -2.835633
-2.857553
