-2.882801 -2.88589 -2.849255 -2.893083 -2.860328
-2.892434 -2.837021 -2.831123 -2.89134 -2.895162
-2.831015 -2.861735 -2.957243 -2.922732 -2.937903
-2.884784 -2.905843 -2.914191 -2.880449 -2.915583
-2.857509 -2.84779 -2.855069 -2.904425 -2.874377
-2.855416 -2.875945 -2.902584 -2.879373 -2.824891
-2.872599 -2.946439 -2.94053 -2.914505 -2.927837
-2.876052 -2.923993 -2.886073 -2.890586 -2.831491
-2.886477 -2.905949 -2.862269 -2.872736 -2.857465
-2.904808 -2.835446 -2.867385 -2.870826 -2.898546
-2.897816 -2.884944 -2.890335 -2.889803 -2.94409
-2.850147 -2.90504 -2.817634 -2.875274 -2.894827
-2.86903 -2.861583 -2.935361 -2.856829 -2.880715
-2.900676 -2.898409 -2.819701 -2.873666 -2.88324
-2.89618 -2.856988 -2.933243 -2.872237 -2.840004
-2.843233 -2.886528 -2.8741 -2.893307 -2.874096
-2.866949 -2.893463 -2.856598 -2.873929 -2.860681
-2.832287 -2.878669 -2.885126 -2.924094 -2.890386
-2.903606 -2.841023 -2.867377 -2.837904 -2.844034
-2.846087 -2.851044 -2.877105 -2.873057 -2.863856
-2.845377 -2.789578 -2.842823 -2.845449 -2.860373
-2.901002 -2.93015 -2.884774 -2.788275 -2.870304
-2.798318 -2.932175 -2.896778 -2.918848 -2.822756
-2.885878 -2.894097 -2.863141 -2.884982 -2.883753
-2.888403 -2.902028 -2.873171 -2.879966 -2.843663
-2.855467 -2.855905 -2.945258 -2.805439 -2.880905
-2.850683 -2.888104 -2.969562 -2.882211 -2.902172
-2.882022 -2.909565 -2.905675 -2.859522 -2.853496
-2.851966 -2.871207 -2.894976 -2.885634 -2.907993
-2.868849 -2.875562 -2.830574 -2.883315 -2.855649
-2.862959 -2.81149 -2.841527 -2.877508 -2.854217
-2.881342 -2.87868 -2.930804 -2.855524 -2.86476
-2.854664 -2.971147 -2.910826 -2.837798 -2.899334
-2.855305 -2.829104 -2.853423 -2.878955 -2.83558
-2.83718 -2.830712 -2.83063 -2.92257 -2.837658
-2.862692 -2.953816 -2.835592 -2.905493 -2.865956
-2.857942 -2.906482 -2.870398 -2.887449 -2.863956
-2.846446 -2.88114 -2.830154 -2.879527 -2.87514
-2.895742 -2.864583 -2.877195 -2.92143 -2.882722
-2.858068 -2.812589 -2.875437 -2.874236 -2.898996
-2.880226
