-2.917226 -2.969733 -2.86668 -2.930377 -2.887724
-2.870231 -2.920792 -2.93421 -2.897368 -2.903235
-2.953954 -2.946025 -2.88715 -2.873572 -2.902128
-2.950855 -2.883931 -2.916134 -2.904182 -2.925964
-2.89617 -2.912451 -2.904516 -2.885843 -2.896192
-2.911756 -2.860266 -2.881942 -2.96815 -2.851597
-2.888825 -2.904003 -2.880888 -2.912534 -2.915307
-2.883879 -2.872658 -2.859804 -2.908531 -2.923496
-3.009031 -2.903176 -2.921027 -2.910719 -2.912242
-2.96627 -2.941596 -2.965566 -2.852828 -2.896322
-2.927644 -2.912991 -2.852804 -2.874572 -2.915572
-2.89321 -2.955539 -2.930916 -2.914654 -2.890915
-2.911585 -2.871712 -2.890088 -2.939447 -2.890121
-2.845338 -2.917416 -2.93264 -2.88211 -2.856949
-2.977803 -2.964097 -2.927568 -2.88056 -2.945819
-2.993047 -2.912368 -2.852911 -2.879386 -2.887264
-2.945366 -2.920967 -2.914043 -2.878122 -2.908793
-2.962225 -2.874832 -2.906363 -2.875503 -2.893155
-2.941344 -2.798692 -2.846219 -2.942738 -2.854063
-2.858846 -2.946292 -2.893637 -2.926367 -2.850711
-2.918161 -2.910707 -2.911043 -2.906119 -2.89908
-2.902947 -2.884718 -2.983415 -2.901268 -2.992784
-2.96045 -2.924024 -2.968509 -2.856111 -2.894693
-2.950398 -2.964794 -2.8955 -2.902741 -2.923119
-2.880092 -2.882411 -2.925182 -2.888822 -2.89659
-2.936978 -2.896732 -2.91309 -2.934816 -2.912899
-2.902754 -2.872192 -2.915896 -2.887707 -2.913008
-2.922155 -2.930102 -2.908378 -2.874878 -2.936593
-2.93563 -2.856651 -2.894534 -2.884096 -2.885403
-2.904932 -2.944131 -2.90721 -2.925985 -2.920423
-2.881104 -2.907789 -2.903207 -2.951784 -2.925189
-2.925843 -2.904978 -2.883762 -2.919261 -2.9097
-2.988682 -2.932433 -2.923035 -2.911493 -2.966459
-2.939537 -2.874868 -2.916165 -2.881711 -2.840767
-2.913633 -2.904135 -2.918677 -2.898259 -2.928282
-2.834244 -2.944313 -2.942873 -2.926701 -2.917671
-2.893425 -2.943755 -2.899612 -2.908028 -2.83953
-2.919546 -2.873586 -2.906809 -2.930389 -2.882129
-2.886502 -2.874148 -2.894411 -2.897785 -2.917804
-2.909672 -2.874738 -2.959806 -2.882004 -2.896387
-2.883999
