-2.83601 -2.809498 -2.896352 -2.871451 -2.856204
-2.825874 -2.840247 -2.821747 -2.862804 -2.797139
-2.817617 -2.890009 -2.787538 -2.856843 -2.835253
-2.827849 -2.801382 -2.779585 -2.895165 -2.869717
-2.825636 -2.820998 -2.850715 -2.838854 -2.766733
-2.749053 -2.839166 -2.848847 -2.819244 -2.804653
-2.831084 -2.900755 -2.822653 -2.893277 -2.894323
-2.779325 -2.80963 -2.892041 -2.743195 -2.821813
-2.697688 -2.850493 -2.801937 -2.821517 -2.847898
-2.775697 -2.864739 -2.873618 -2.810601 -2.865008
-2.799638 -2.845275 -2.77929 -2.891884 -2.827293
-2.882195 -2.822179 -2.827853 -2.818184 -2.870044
-2.848434 -2.800175 -2.841833 -2.826563 -2.831445
-2.790921 -2.821973 -2.813484 -2.798957 -2.782374
-2.749808 -2.786983 -2.87555 -2.816216 -2.785558
-2.805093 -2.79013 -2.798181 -2.793957 -2.872236
-2.764255 -2.837046 -2.823157 -2.841707 -2.87864
-2.880957 -2.889358 -2.783407 -2.828435 -2.838981
-2.799675 -2.855826 -2.775372 -2.816191 -2.752042
-2.8137 -2.854786 -2.933273 -2.912415 -2.809913
-2.815867 -2.798932 -2.839484 -2.836329 -2.878131
-2.807677 -2.776943 -2.86499 -2.824149 -2.812324
-2.813848 -2.923442 -2.898573 -2.897622 -2.82294
-2.819233 -2.841411 -2.745183 -2.826886 -2.770293
-2.800303 -2.828927 -2.878232 -2.791116 -2.8242
-2.84306 -2.846695 -2.834982 -2.869685 -2.861894
-2.821788 -2.814392 -2.795102 -2.838313 -2.801836
-2.789134 -2.885083 -2.805148 -2.870605 -2.862858
-2.895551 -2.830732 -2.784117 -2.895884 -2.829811
-2.853232 -2.835231 -2.884603 -2.817882 -2.799323
-2.789157 -2.802088 -2.788457 -2.867863 -2.813374
-2.86307 -2.847695 -2.885537 -2.931322 -2.852406
-2.769169 -2.889818 -2.821902 -2.879771 -2.837419
-2.819343 -2.851966 -2.790789 -2.81167 -2.811548
-2.800151 -2.816907 -2.822938 -2.773523 -2.770396
-2.815918 -2.836598 -2.814557 -2.873891 -2.766308
-2.831385 -2.835563 -2.804035 -2.897292 -2.833424
-2.815933 -2.826672 -2.810814 -2.790378 -2.816327
-2.829803 -2.831622 -2.858986 -2.872545 -2.805485
-2.85963 -2.845159 -2.810219 -2.819653 -2.833307
-2.783412
