-2.844747 -2.826508 -2.790373 -2.81247 -2.788015
-2.796633 -2.76901 -2.786075 -2.840756 -2.812372
-2.964392 -2.844858 -2.836239 -2.870071 -2.784287
-2.838525 -2.88683 -2.801971 -2.90282 -2.891767
-2.831505 -2.845124 -2.755785 -2.856784 -2.836523
-2.851046 -2.827961 -2.815262 -2.857791 -2.811896
-2.751562 -2.933435 -2.893134 -2.897406 -2.760994
-2.893731 -2.826776 -2.792471 -2.826417 -2.840072
-2.766165 -2.864578 -2.963968 -2.902688 -2.864753
-2.871023 -2.800102 -2.820461 -2.824225 -2.870669
-2.94932 -2.758578 -2.816824 -2.863817 -2.849365
-2.868396 -2.873215 -2.90546 -2.825011 -2.910614
-2.889962 -2.755537 -2.858512 -2.846151 -2.800558
-2.782137 -2.816526 -2.792511 -2.80317 -2.849525
-2.787483 -2.819855 -2.752629 -2.786999 -2.877731
-2.885822 -2.805024 -2.906983 -2.742234 -2.772641
-2.878207 -2.786585 -2.810317 -2.748873 -2.916528
-2.782483 -2.780042 -2.865577 -2.762211 -2.928093
-2.815046 -2.793336 -2.814015 -2.871017 -2.730617
-2.85298 -2.900194 -2.808236 -2.848103 -2.910861
-2.908113 -2.914044 -2.878689 -2.906322 -2.867562
-2.8017 -2.829617 -2.852607 -2.845474 -2.858095
-2.823256 -2.802185 -2.847854 -2.910137 -2.848642
-2.909745 -2.803709 -2.831519 -2.85732 -2.872333
-2.886078 -2.853014 -2.852045 -2.743827 -2.846714
-2.851879 -2.803009 -2.888524 -2.864142 -2.826221
-2.855158 -2.838801 -2.713182 -2.879326 -2.833943
-2.87443 -2.957009 -2.885392 -2.828628 -2.859513
-2.778371 -2.795498 -2.803996 -2.905884 -2.875027
-2.886264 -2.792923 -2.818593 -2.849615 -2.794832
-2.771232 -2.830887 -2.819963 -2.857448 -2.875887
-2.822605 -2.905808 -2.86935 -2.814425 -2.763811
-2.851809 -2.830086 -2.898484 -2.77706 -2.889552
-2.855696 -2.903978 -2.759851 -2.841289 -2.937206
-2.904602 -2.802697 -2.83312 -2.82636 -2.92371
-2.83937 -2.838524 -2.849549 -2.859898 -2.886842
-2.830653 -2.790479 -2.892336 -2.810544 -2.84994
-2.801547 -2.928224 -2.762821 -2.784734 -2.736272
-2.822397 -2.807284 -2.873706 -2.873343 -2.828918
-2.892832 -2.883182 -2.888113 -2.917976 -2.893729
-2.803631
