-2.840355 -2.787004 -2.832587 -2.848569 -2.85887
-2.839155 -2.804144 -2.831035 -2.81122 -2.841688
-2.86572 -2.828478 -2.81914 -2.809394 -2.800601
-2.856528 -2.823641 -2.812471 -2.833107 -2.847116
-2.846831 -2.818814 -2.811316 -2.847818 -2.820042
-2.860497 -2.803212 -2.8192 -2.809802 -2.845814
-2.792083 -2.779124 -2.801198 -2.836728 -2.838516
-2.832634 -2.852134 -2.817548 -2.87985 -2.863807
-2.801497 -2.810063 -2.833317 -2.848211 -2.781805
-2.815755 -2.848034 -2.832313 -2.837728 -2.830973
-2.842215 -2.798673 -2.817702 -2.80531 -2.841588
-2.861256 -2.830422 -2.816419 -2.840728 -2.817342
-2.845787 -2.850157 -2.819875 -2.840466 -2.814096
-2.847924 -2.840122 -2.846978 -2.799816 -2.827875
-2.817674 -2.838407 -2.828775 -2.879508 -2.849164
-2.774418 -2.860935 -2.84599 -2.837054 -2.865541
-2.814218 -2.822581 -2.854652 -2.82972 -2.828055
-2.829318 -2.84188 -2.807027 -2.843152 -2.838753
-2.843295 -2.845381 -2.854984 -2.802055 -2.851223
-2.84145 -2.799365 -2.840403 -2.774562 -2.845891
-2.819906 -2.827646 -2.825767 -2.810705 -2.841254
-2.858639 -2.831106 -2.805887 -2.824356 -2.780518
-2.831367 -2.88912 -2.813695 -2.788368 -2.849403
-2.827363 -2.805073 -2.816611 -2.837024 -2.852051
-2.861439 -2.845191 -2.847288 -2.800937 -2.813735
-2.833443 -2.849566 -2.811159 -2.844842 -2.825008
-2.830526 -2.846679 -2.830313 -2.816619 -2.819891
-2.851817 -2.801627 -2.863533 -2.818892 -2.803742
-2.863529 -2.856142 -2.861891 -2.835718 -2.791464
-2.806763 -2.821048 -2.846555 -2.847713 -2.84193
-2.85256 -2.829095 -2.848953 -2.803991 -2.823038
-2.858633 -2.813746 -2.781204 -2.856623 -2.832758
-2.854695 -2.803858 -2.832448 -2.858683 -2.830654
-2.780055 -2.834527 -2.849691 -2.817958 -2.847755
-2.837299 -2.86013 -2.825124 -2.857021 -2.853272
-2.84477 -2.817654 -2.816562 -2.851814 -2.774423
-2.852121 -2.844534 -2.845892 -2.851405 -2.82018
-2.82495 -2.804956 -2.837305 -2.79159 -2.835259
-2.838991 -2.831975 -2.812728 -2.854062 -2.812515
-2.84198 -2.802004 -2.781974 -2.830704 -2.845352
-2.795382
