-2.84287 -2.893335 -2.879869 -2.929243 -2.863746
-2.794772 -2.845043 -2.843335 -2.86418 -2.825646
-2.859194 -2.841874 -2.810773 -2.764745 -2.902141
-3.002938 -2.806809 -2.829082 -2.774596 -2.644479
-2.901431 -2.857469 -2.796468 -2.731362 -2.770674
-2.85743 -2.450757 -2.810827 -2.83423 -2.904896
-2.934258 -2.8262 -2.485854 -2.941423 -2.792488
-2.786252 -2.404783 -2.878803 -2.749216 -2.840018
-2.718449 -2.913164 -2.919287 -2.709097 -2.488101
-2.845189 -2.810119 -2.773427 -2.863483 -2.837674
-2.799658 -2.813503 -2.86061 -2.802732 -2.790025
-2.876935 -2.778786 -2.768218 -2.785962 -2.807634
-2.786833 -2.80055 -2.846221 -2.772949 -2.880893
-2.740584 -2.795789 -2.762685 -2.804353 -2.738782
-2.866866 -2.820397 -2.979337 -2.838429 -2.848701
-2.823663 -2.78609 -2.8525 -2.673752 -2.779812
-2.913125 -2.778936 -2.90184 -2.740321 -2.691953
-2.849237 -2.822526 -2.772379 -2.780549 -2.759738
-2.779788 -2.763837 -2.850556 -2.884277 -2.94295
-2.430271 -2.833199 -2.942654 -2.888019 -2.725553
-2.857764 -2.897777 -2.903039 -2.769013 -2.885679
-2.8799 -2.834649 -2.846408 -2.7494 -2.782845
-2.806162 -2.811106 -2.759782 -2.851389 -2.860093
-2.625243 -2.86634 -2.916637 -2.803997 -2.814613
-2.891496 -2.886507 -2.739093 -2.793524 -2.602748
-2.811061 -2.672161 -2.796853 -2.933277 -2.786735
-2.808936 -2.882317 -2.740501 -2.736731 -2.738158
-2.662673 -2.787246 -2.746851 -2.763459 -2.837133
-2.790446 -2.914519 -2.659304 -2.379428 -2.796443
-2.844094 -2.873408 -2.807571 -2.849053 -2.749118
-2.746884 -2.720001 -2.809517 -2.842484 -2.88005
-2.801236 -2.761774 -2.838642 -2.72076 -2.874831
-2.907707 -2.773395 -2.734034 -2.804369 -2.882986
-2.865772 -2.827429 -2.837218 -2.819376 -2.853002
-2.724694 -2.862231 -2.811651 -2.937548 -2.818964
-2.792866 -2.806835 -2.841325 -2.881755 -2.825937
-2.771602 -2.858716 -2.793949 -2.842301 -2.833583
-2.894365 -2.320996 -2.834629 -2.84019 -2.471869
-2.921671 -2.916514 -2.809364 -2.784023 -2.785264
-2.711982 -2.817173 -2.929861 -2.933773 -2.882332
-2.973358
