-2.821137 -2.800634 -2.832513 -2.775296 -2.832708
-2.782988 -2.771733 -2.770234 -2.876905 -2.914419
-2.717087 -2.733912 -2.91143 -2.893385 -2.803204
-2.789474 -2.747404 -2.866048 -2.870888 -2.778307
-2.890999 -2.839338 -2.862033 -2.767523 -2.792554
-2.761747 -2.895788 -2.795729 -2.928576 -2.759814
-2.705849 -2.835318 -2.752435 -2.783462 -2.822718
-2.807403 -2.888178 -2.827449 -2.856745 -2.741248
-2.867476 -2.846793 -2.836346 -2.83668 -2.744253
-2.757523 -2.786051 -2.837805 -2.83558 -2.806294
-2.887672 -2.727221 -2.873747 -2.848291 -2.809578
-2.844863 -2.824765 -2.762334 -2.810829 -2.75865
-2.810991 -2.785485 -2.779537 -2.950615 -2.802709
-2.815023 -2.792696 -2.899728 -2.764615 -2.824407
-2.783672 -2.695909 -2.744868 -2.766427 -2.899403
-2.799524 -2.852653 -2.776741 -2.71364 -2.828936
-2.81581 -2.850929 -2.802807 -2.798082 -2.73711
-2.939239 -2.860971 -2.799776 -2.840102 -2.825458
-2.783896 -2.789783 -2.875555 -2.830019 -2.817594
-2.772627 -2.894439 -2.790543 -2.825615 -2.802042
-2.817534 -2.79109 -2.797237 -2.849209 -2.777036
-2.725907 -2.777339 -2.830321 -2.778434 -2.744347
-2.768913 -2.783203 -2.809533 -2.812585 -2.872496
-2.819477 -2.814254 -2.823641 -2.772635 -2.795818
-2.881664 -2.961024 -2.722925 -2.878157 -2.818251
-2.747106 -2.855153 -2.794979 -2.884403 -2.875968
-2.856222 -2.827445 -2.804969 -2.804541 -2.803773
-2.824048 -2.926385 -2.886529 -2.827694 -2.777644
-2.852472 -2.830727 -2.895753 -2.785124 -2.853373
-2.789702 -2.782663 -2.721014 -2.770451 -2.830584
-2.834238 -2.753656 -2.837162 -2.799498 -2.713124
-2.869921 -2.763675 -2.85676 -2.797943 -2.805607
-2.881916 -2.88425 -2.77548 -2.821086 -2.715215
-2.837672 -2.858397 -2.862417 -2.812565 -2.787082
-2.755822 -2.750826 -2.800276 -2.755591 -2.801326
-2.808009 -2.834486 -2.890024 -2.828667 -2.788783
-2.811629 -2.870077 -2.830621 -2.774967 -2.780805
-2.86315 -2.781159 -2.847889 -2.836123 -2.769605
-2.766042 -2.804766 -2.832195 -2.793958 -2.942537
-2.662084 -2.774726 -2.860403 -2.767777 -2.869327
-2.898966
