-2.835539 -2.838761 -2.802717 -2.819402 -2.835658
-2.828312 -2.781882 -2.78823 -2.820405 -2.848227
-2.889405 -2.832476 -2.791071 -2.76801 -2.812709
-2.75243 -2.824427 -2.882518 -2.837364 -2.844337
-2.889034 -2.887478 -2.8273 -2.792923 -2.844202
-2.579272 -2.831758 -2.853147 -2.744369 -2.749224
-2.836232 -2.851671 -2.747691 -2.85262 -2.835911
-2.852374 -2.828554 -2.871953 -2.68991 -2.820873
-2.85823 -2.77608 -2.851252 -2.773367 -2.846307
-2.804574 -2.786123 -2.858812 -2.78729 -2.801355
-2.815716 -2.84566 -2.750179 -2.62226 -2.874944
-2.783155 -2.832054 -2.877632 -2.809028 -2.845855
-2.848292 -2.808592 -2.78312 -2.82756 -2.751619
-2.808097 -2.7956 -2.813913 -2.791323 -2.825804
-2.810185 -2.82857 -2.813068 -2.879672 -2.802146
-2.917972 -2.780395 -2.860952 -2.824651 -2.891324
-2.825776 -2.810381 -2.304974 -2.904832 -2.771069
-2.828693 -2.811828 -2.91227 -2.834315 -2.652313
-2.805156 -2.826403 -2.832167 -2.833703 -2.870058
-2.831265 -2.850434 -2.744521 -2.83754 -2.701704
-2.845725 -2.872168 -2.724646 -2.826371 -2.85537
-2.807719 -2.805895 -2.804215 -2.85473 -2.845127
-2.820984 -2.85395 -2.87555 -2.865092 -2.800488
-2.81049 -2.735911 -2.80502 -2.814101 -2.840578
-2.738622 -2.771503 -2.801991 -2.892875 -2.851424
-2.826103 -2.78834 -2.7926 -2.858019 -2.771966
-2.895258 -2.799126 -2.843903 -2.873267 -2.769975
-2.80769 -2.787764 -2.89418 -2.843478 -2.687312
-2.75714 -2.76995 -2.839258 -2.748832 -2.755374
-2.805921 -2.909531 -2.920191 -2.744236 -2.731536
-2.805482 -2.815306 -2.864686 -2.818356 -2.815125
-2.78508 -2.838482 -2.659841 -2.804264 -2.824997
-2.808684 -2.685074 -2.887047 -2.840792 -2.809586
-2.875655 -2.816547 -2.789528 -2.808521 -2.78957
-2.857352 -2.851176 -2.886686 -2.811148 -2.808728
-2.764346 -2.845325 -2.767631 -2.797165 -2.791538
-2.772318 -2.798462 -2.821505 -2.854932 -2.866684
-2.831777 -2.789939 -2.782226 -2.780607 -2.806627
-2.733399 -2.816242 -2.801027 -2.796479 -2.727304
-2.818718 -2.770052 -2.830851 -2.774078 -2.787688
-2.778926
