-2.834816 -2.815877 -2.833453 -2.810933 -2.807855
-2.74596 -2.82149 -2.815517 -2.850195 -2.842533
-2.83785 -2.831293 -2.818765 -2.827765 -2.78289
-2.832598 -2.717646 -2.819451 -2.794871 -2.846781
-2.845395 -2.83937 -2.799731 -2.83094 -2.827931
-2.73106 -2.817058 -2.805251 -2.808438 -2.834482
-2.868288 -2.904963 -2.757664 -2.805257 -2.81582
-2.858395 -2.820017 -2.660083 -2.816428 -2.826403
-2.81525 -2.86031 -2.777033 -2.826912 -2.845835
-2.751628 -2.825699 -2.811234 -2.824981 -2.835377
-2.795695 -2.861847 -2.771175 -2.835051 -2.857451
-2.71971 -2.924949 -2.860365 -2.790943 -2.727653
-2.905004 -2.788182 -2.84312 -2.706548 -2.904292
-2.830399 -2.85317 -2.810998 -2.770601 -2.882302
-2.798224 -2.81003 -2.820223 -2.779028 -2.834706
-2.833331 -2.824572 -2.698433 -2.735129 -2.873699
-2.848928 -2.869922 -2.78421 -2.795303 -2.868089
-2.792301 -2.855719 -2.817321 -2.814825 -2.85906
-2.82878 -2.868971 -2.87036 -2.831217 -2.751142
-2.852852 -2.805499 -2.893384 -2.86762 -2.8501
-2.835499 -2.834687 -2.732941 -2.909422 -2.887283
-2.806991 -2.698315 -2.835901 -2.794338 -2.742837
-2.880042 -2.694957 -2.873204 -2.814226 -2.779484
-2.881623 -2.791674 -2.828658 -2.829809 -2.830351
-2.815264 -2.913201 -2.874991 -2.865999 -2.814053
-2.777793 -2.853738 -2.841557 -2.761454 -2.872579
-2.855543 -2.833363 -2.821104 -2.894988 -2.84288
-2.863453 -2.744156 -2.779344 -2.795088 -2.900462
-2.841898 -2.807015 -2.820929 -2.862698 -2.780446
-2.705273 -2.823519 -2.788211 -2.774959 -2.827214
-2.766469 -2.848409 -2.811776 -2.832978 -2.834052
-2.819114 -2.795108 -2.809075 -2.854257 -2.878686
-2.837563 -2.826801 -2.826257 -2.804006 -2.756433
-2.736327 -2.778888 -2.817094 -2.799451 -2.755458
-2.816687 -2.818356 -2.750945 -2.798341 -2.835181
-2.855483 -2.835734 -2.794157 -2.734219 -2.860862
-2.745587 -2.867117 -2.759921 -2.835196 -2.719686
-2.84064 -2.816249 -2.867821 -2.848457 -2.872528
-2.812434 -2.867779 -2.891394 -2.865531 -2.82794
-2.856708 -2.876065 -2.87172 -2.799413 -2.89507
-2.812602
