-2.811032 -2.823715 -2.817287 -2.803325 -2.782047
-2.79656 -2.809428 -2.809195 -2.799527 -2.858435
-2.810055 -2.813329 -2.777114 -2.801912 -2.834323
-2.793893 -2.809513 -2.794691 -2.783867 -2.812777
-2.80224 -2.824119 -2.806319 -2.773956 -2.827134
-2.807253 -2.794944 -2.824812 -2.84715 -2.777514
-2.835693 -2.795988 -2.800939 -2.777132 -2.821213
-2.847587 -2.799242 -2.812706 -2.851369 -2.843628
-2.742236 -2.809628 -2.807243 -2.763159 -2.815655
-2.811547 -2.855131 -2.789029 -2.819685 -2.787304
-2.806907 -2.811995 -2.815382 -2.801968 -2.801827
-2.78732 -2.801513 -2.828093 -2.744725 -2.823394
-2.820207 -2.824383 -2.796149 -2.783809 -2.799105
-2.767734 -2.78028 -2.826707 -2.803875 -2.78205
-2.817995 -2.822037 -2.782469 -2.750825 -2.799775
-2.7824 -2.817356 -2.841697 -2.808211 -2.772866
-2.822534 -2.784441 -2.831817 -2.816221 -2.819858
-2.805185 -2.79813 -2.782792 -2.802671 -2.834884
-2.823403 -2.830538 -2.800989 -2.781482 -2.777953
-2.820918 -2.797079 -2.78166 -2.814227 -2.789943
-2.807202 -2.812792 -2.844484 -2.77319 -2.832418
-2.801027 -2.850182 -2.835272 -2.805965 -2.845383
-2.830176 -2.807838 -2.786726 -2.806501 -2.806163
-2.805216 -2.820139 -2.76227 -2.775472 -2.806908
-2.832119 -2.769342 -2.826879 -2.840279 -2.798848
-2.769794 -2.816177 -2.800829 -2.799398 -2.808786
-2.79036 -2.76514 -2.79103 -2.815386 -2.754952
-2.79992 -2.799574 -2.798327 -2.782967 -2.815179
-2.806896 -2.797637 -2.828018 -2.824375 -2.81319
-2.832829 -2.83663 -2.819211 -2.811046 -2.828397
-2.76902 -2.788069 -2.793104 -2.865922 -2.78482
-2.804496 -2.829568 -2.829252 -2.785232 -2.765509
-2.790806 -2.862965 -2.837775 -2.818862 -2.809586
-2.803392 -2.813377 -2.802012 -2.823664 -2.787828
-2.796776 -2.807544 -2.795489 -2.768167 -2.774932
-2.793859 -2.797355 -2.832356 -2.821474 -2.79587
-2.815608 -2.808634 -2.824806 -2.796254 -2.831018
-2.832362 -2.819133 -2.862624 -2.834985 -2.792964
-2.8093 -2.756352 -2.824311 -2.803293 -2.775752
-2.823657 -2.853545 -2.77168 -2.792865 -2.813321
-2.81112
