-2.903589 -2.851209 -2.865828 -2.885883 -2.888747
-2.886999 -2.926851 -2.893322 -2.849722 -2.880212
-2.897092 -2.891572 -2.925103 -2.943409 -2.858455
-2.932366 -2.90954 -2.909596 -2.945087 -2.945515
-2.906518 -2.827303 -2.883037 -2.950072 -2.899001
-2.909998 -2.891404 -2.870329 -2.89843 -2.861667
-2.922429 -2.881121 -2.880717 -2.846808 -2.874156
-2.952475 -2.921716 -2.859382 -2.921463 -2.93853
-2.870403 -2.980682 -2.915972 -2.896203 -2.923815
-2.858133 -2.889454 -2.953694 -2.857556 -2.854051
-2.851819 -2.867186 -2.9228 -2.851878 -2.861961
-2.927937 -2.985792 -2.868694 -2.917903 -2.908419
-2.969158 -2.874991 -2.877732 -2.886203 -2.906334
-2.903058 -2.869118 -2.935474 -2.907042 -2.944021
-2.905316 -2.867088 -2.882767 -2.936903 -2.874143
-2.902567 -2.914739 -2.937404 -2.939151 -2.886055
-2.8613 -2.862639 -2.917999 -2.908387 -2.900782
-2.985082 -2.913392 -2.908279 -2.875578 -2.898251
-2.862967 -2.884631 -2.871968 -2.851686 -2.872912
-2.912172 -2.867656 -2.93784 -2.959876 -2.915917
-2.888969 -2.916792 -2.941942 -2.91812 -2.915517
-2.852515 -2.954638 -2.859469 -2.946119 -2.963211
-2.901306 -2.906387 -2.89394 -2.894918 -2.864442
-2.94832 -2.911579 -2.911637 -2.869918 -2.907924
-2.886007 -2.86121 -2.897759 -2.912947 -2.92132
-2.929771 -2.867033 -2.878283 -2.916326 -2.93538
-2.878086 -2.894583 -2.866796 -2.893437 -2.922944
-2.889988 -2.871728 -2.907348 -2.910887 -2.914958
-2.869868 -2.927828 -2.926252 -2.935786 -2.911775
-2.909382 -2.902131 -2.980971 -2.954743 -2.869872
-2.857934 -2.834927 -2.929025 -2.919552 -2.985005
-2.904204 -2.861977 -2.934037 -2.930333 -2.92156
-2.888338 -2.815429 -2.855008 -2.839883 -2.934712
-2.900951 -2.88635 -2.885956 -2.8791 -2.843989
-2.846848 -2.975855 -2.880787 -2.886578 -2.850843
-2.889728 -2.929869 -2.853315 -2.933627 -2.913854
-2.896061 -2.944818 -2.874101 -2.892439 -2.964695
-2.850846 -2.900604 -2.891631 -2.964899 -2.963249
-2.868949 -2.942227 -2.874022 -2.901524 -2.868556
-2.915339 -2.915928 -2.870443 -2.862334 -2.939575
-2.967955
