-2.860223 -2.840965 -2.844828 -2.784299 -2.913748
-2.854734 -2.885673 -2.814629 -2.81568 -2.838532
-2.901884 -2.889428 -2.861899 -2.739554 -2.820148
-2.839157 -2.939366 -2.808809 -2.837768 -2.844154
-2.875252 -2.870743 -2.87385 -2.837246 -2.852381
-2.873853 -2.78744 -2.806933 -2.858279 -2.886517
-2.878015 -2.788078 -2.898832 -2.860043 -2.883359
-2.885288 -2.837086 -2.873843 -2.871651 -2.858208
-2.815014 -2.936322 -2.78391 -2.820714 -2.853773
-2.861121 -2.711568 -2.846928 -2.846371 -2.803346
-2.896976 -2.853644 -2.825482 -2.836972 -2.925283
-2.793623 -2.781029 -2.885362 -2.868127 -2.7571
-2.889228 -2.909231 -2.864824 -2.857679 -2.854737
-2.860834 -2.868831 -2.869283 -2.849926 -2.857038
-2.838964 -2.876196 -2.786912 -2.855634 -2.829296
-2.912475 -2.837057 -2.796273 -2.823617 -2.864275
-2.871508 -2.865948 -2.859913 -2.75377 -2.825994
-2.875073 -2.93205 -2.846043 -2.76719 -2.800452
-2.796202 -2.830829 -2.82233 -2.840202 -2.809787
-2.845413 -2.864837 -2.757019 -2.857687 -2.888149
-2.875743 -2.824302 -2.843998 -2.827285 -2.858874
-2.860214 -2.912291 -2.820738 -2.819905 -2.846384
-2.899682 -2.873107 -2.777844 -2.805605 -2.895944
-2.879162 -2.854408 -2.793802 -2.810553 -2.886482
-2.857983 -2.85252 -2.852437 -2.788493 -2.865373
-2.847209 -2.830723 -2.846237 -2.803082 -2.846941
-2.782662 -2.839875 -2.860469 -2.899653 -2.903732
-2.879287 -2.822419 -2.898189 -2.829362 -2.825063
-2.817632 -2.878703 -2.920562 -2.826378 -2.857337
-2.84363 -2.835241 -2.825474 -2.841011 -2.866567
-2.846683 -2.835777 -2.849502 -2.88388 -2.847651
-2.821278 -2.872717 -2.922049 -2.808124 -2.783611
-2.849549 -2.803904 -2.849018 -2.934102 -2.91843
-2.842618 -2.936393 -2.782698 -2.842603 -2.831158
-2.842537 -2.816582 -2.853838 -2.874067 -2.843948
-2.84886 -2.820982 -2.938019 -2.853905 -2.806851
-2.811531 -2.82912 -2.78964 -2.965661 -2.772756
-2.832569 -2.867433 -2.803665 -2.780397 -2.820912
-2.896844 -2.864786 -2.858213 -2.894505 -2.831215
-2.808783 -2.84061 -2.870086 -2.83125 -2.87364
-2.88907
