-2.939664 -3.016354 -2.960973 -2.959039 -2.946261
-2.951993 -2.944037 -2.947672 -2.896413 -2.841048
-2.913662 -2.848438 -2.856483 -2.889255 -2.8909
-2.847824 -2.92388 -2.887456 -2.884264 -2.945337
-2.891422 -2.876119 -2.976578 -2.968342 -2.986763
-2.940911 -2.880481 -2.891791 -2.930706 -2.94407
-2.942397 -2.985835 -2.9636 -2.876459 -2.96099
-2.887131 -2.952752 -2.945769 -2.93319 -2.923012
-2.84368 -2.827219 -2.970446 -2.957984 -2.912387
-2.837232 -2.976774 -3.007242 -2.913194 -3.008545
-2.965987 -2.818245 -2.942756 -2.941763 -3.001243
-2.930535 -2.97107 -2.951886 -2.981386 -2.987252
-2.933511 -2.944692 -2.954119 -2.8868 -2.964646
-2.8709 -3.022602 -2.9572 -2.994532 -2.953046
-2.901412 -2.918953 -2.937586 -2.932088 -2.95849
-2.991639 -2.994066 -2.889546 -2.925861 -2.963629
-2.972828 -2.894738 -2.939672 -2.876329 -2.994861
-2.852923 -2.984673 -2.842401 -2.882505 -2.925389
-2.84626 -2.973972 -2.887891 -2.93311 -3.003519
-2.97857 -2.974368 -2.873871 -2.821749 -2.882917
-2.984218 -2.884018 -2.910414 -2.916676 -2.973709
-2.983635 -2.990923 -2.842017 -2.911824 -2.862641
-2.92417 -2.943173 -2.883945 -2.921403 -2.967241
-2.902159 -3.01319 -2.91617 -2.930682 -2.912597
-2.876064 -2.955175 -2.932224 -2.893041 -2.969559
-2.909877 -3.016428 -2.945289 -2.977823 -2.947209
-2.92479 -2.95507 -2.919599 -2.878844 -2.924621
-2.940955 -2.861093 -3.043364 -2.982458 -2.891797
-2.838155 -2.922074 -2.923273 -2.959063 -2.983208
-2.792691 -2.939149 -2.966658 -2.887236 -2.908484
-3.048365 -2.962045 -2.937691 -2.892843 -2.914652
-2.894646 -2.978096 -3.022295 -2.973143 -2.994032
-2.96079 -2.856867 -2.982103 -2.974171 -2.968466
-2.897711 -2.887092 -2.922053 -2.942786 -2.976405
-2.865345 -2.917204 -2.934806 -2.928007 -2.910769
-2.91338 -2.943077 -2.878561 -2.814937 -2.924615
-2.878119 -2.951862 -2.973931 -2.852906 -2.869576
-2.942981 -3.031831 -2.878955 -2.869027 -2.939536
-3.01281 -2.925141 -2.868768 -2.930717 -2.933239
-2.898501 -2.940069 -2.971034 -2.987253 -2.979043
-2.910049
