-2.876846 -2.930215 -2.819664 -2.840206 -2.890429
-2.873062 -2.869841 -2.904917 -2.869759 -2.854685
-2.821327 -2.898874 -2.84623 -2.940993 -2.871338
-2.940354 -2.872091 -2.843077 -2.915003 -2.879651
-2.869033 -2.787624 -2.915987 -2.88048 -2.842075
-2.846147 -2.799361 -2.838993 -2.889153 -2.88004
-2.863392 -2.881613 -2.833952 -2.924175 -2.778412
-2.911562 -2.869833 -2.854156 -2.780175 -2.814553
-2.881982 -2.805734 -2.937382 -2.914005 -2.862236
-2.922879 -2.883233 -2.849777 -2.855699 -2.790679
-2.867576 -2.873567 -2.789311 -2.880165 -2.829909
-2.781429 -2.689342 -2.80524 -2.909601 -2.849141
-2.865205 -2.794993 -2.834758 -2.855761 -2.865027
-2.838686 -2.872727 -2.877561 -2.818225 -2.859379
-2.853294 -2.873823 -2.874871 -2.894105 -2.863449
-2.906819 -2.785142 -2.857427 -2.791831 -2.906249
-2.870763 -2.885652 -2.869232 -2.907411 -2.908951
-2.855087 -2.85913 -2.836401 -2.840201 -2.895543
-2.873009 -2.890208 -2.840493 -2.684909 -2.838577
-2.899118 -2.829878 -2.837282 -2.808403 -2.914103
-2.92545 -2.792271 -2.817294 -2.83682 -2.847373
-2.867561 -2.873114 -2.77526 -2.880419 -2.83315
-2.843307 -2.890737 -2.874165 -2.879761 -2.82268
-2.80377 -2.875676 -2.913823 -2.891801 -2.761502
-2.865397 -2.915044 -2.866206 -2.848857 -2.87393
-2.907426 -2.835518 -2.933678 -2.895143 -2.882599
-2.925783 -2.807011 -2.850778 -2.874609 -2.867203
-2.823464 -2.908891 -2.869968 -2.812869 -2.844254
-2.893219 -2.868361 -2.851928 -2.906087 -2.832956
-2.821899 -2.886478 -2.887153 -2.798003 -2.884556
-2.888371 -2.861484 -2.942895 -2.975589 -2.837796
-2.896788 -2.840243 -2.875758 -2.870733 -2.820452
-2.843345 -2.87102 -2.895782 -2.786666 -2.898536
-2.936318 -2.761125 -2.859653 -2.923504 -2.896618
-2.860588 -2.848881 -2.824543 -2.918622 -2.866001
-2.849911 -2.844422 -2.874611 -2.897762 -2.801693
-2.876276 -2.881182 -2.913325 -2.901611 -2.855313
-2.893389 -2.819312 -2.869253 -2.880883 -2.879394
-2.86165 -2.825081 -2.856112 -2.80022 -2.930206
-2.876606 -2.910314 -2.900398 -2.85374 -2.918408
-2.901637
