-2.902022 -2.982904 -2.923997 -2.862035 -2.95255
-2.967094 -2.810632 -2.892075 -2.89174 -2.887395
-2.873447 -2.980239 -2.874682 -2.855198 -2.925899
-2.877262 -2.768173 -2.758485 -2.839864 -2.821822
-2.799794 -2.923169 -2.947195 -2.92169 -2.824688
-2.869146 -2.789406 -2.84578 -2.920824 -2.931296
-2.675489 -2.912484 -2.696345 -2.780345 -2.910519
-2.950072 -2.892832 -2.796509 -2.936685 -2.883171
-2.800746 -2.86909 -2.836438 -2.919117 -2.914543
-2.787323 -2.824107 -2.955024 -2.943326 -2.883978
-2.91561 -2.808196 -2.893145 -2.406125 -2.997015
-2.529058 -2.847413 -2.716373 -2.910151 -2.84651
-2.907602 -2.824821 -2.877775 -2.943283 -2.934199
-2.9035 -2.928217 -2.864467 -2.895537 -2.851994
-2.843076 -2.81663 -2.877153 -2.877697 -2.963269
-2.98614 -2.721353 -2.876554 -2.984401 -2.824107
-2.857175 -2.852586 -2.889593 -2.851387 -2.954479
-2.752829 -2.902671 -2.885833 -2.944014 -2.879003
-2.948999 -2.916301 -2.853689 -2.940772 -2.900187
-2.870541 -2.834821 -2.911277 -2.884669 -2.94778
-2.893651 -2.770699 -2.943717 -2.925194 -2.907991
-2.848509 -2.797755 -2.873453 -2.782103 -2.860518
-2.955585 -2.851184 -2.885754 -2.797953 -2.941797
-2.849239 -2.732414 -2.846527 -2.907435 -2.84533
-2.865128 -2.88332 -2.922418 -2.888636 -2.870725
-2.903185 -2.964358 -2.890871 -2.75743 -2.854512
-2.902316 -2.711971 -2.911153 -2.661838 -2.909937
-2.821234 -2.792959 -2.878702 -2.989788 -2.808036
-2.835852 -2.960321 -2.858615 -2.914747 -2.910467
-2.939122 -2.880801 -2.911028 -2.884727 -2.980223
-2.885206 -2.869565 -2.864383 -2.880078 -2.822822
-2.924982 -2.906632 -2.722686 -2.821027 -2.87413
-2.893107 -2.92191 -2.96724 -2.913946 -2.738795
-2.827942 -2.924747 -2.824683 -2.886442 -2.933751
-2.953481 -2.828944 -2.867089 -2.621776 -2.845181
-2.981999 -2.891883 -2.965311 -2.948591 -2.873136
-2.8617 -2.955524 -2.909762 -2.964975 -2.657769
-2.804452 -2.876982 -2.983337 -2.934209 -2.879535
-2.97663 -2.772756 -2.911259 -2.94791 -2.893844
-2.887953 -2.852351 -2.877253 -2.94077 -2.924761
-2.75981
