-2.953098 -2.801739 -2.908061 -2.884992 -2.92983
-3.005026 -2.869954 -2.965781 -2.973891 -2.964742
-2.912062 -2.816522 -2.949553 -2.933626 -2.95392
-2.878252 -2.903917 -2.984646 -3.074556 -2.9271
-2.944587 -2.986418 -2.871831 -2.98135 -3.058713
-2.83275 -2.997014 -3.008499 -2.879198 -2.826023
-2.890056 -2.92282 -2.941256 -3.00475 -2.936953
-2.966156 -2.952333 -2.934716 -2.859951 -2.895893
-2.955873 -2.945063 -2.854046 -3.010371 -3.014901
-2.999576 -2.856298 -2.869963 -3.142306 -2.946878
-2.919236 -2.881809 -2.828546 -2.886996 -2.88628
-2.964963 -2.91176 -2.977684 -2.905598 -2.960619
-2.848078 -2.947324 -2.899268 -2.962274 -2.950326
-2.957372 -2.938915 -2.986077 -3.016402 -2.967742
-3.103238 -3.022181 -2.915854 -3.005999 -2.963999
-2.942443 -2.952891 -2.980899 -2.889842 -2.984328
-2.912892 -2.969467 -3.056578 -2.90419 -3.028965
-2.962462 -2.936817 -2.95936 -2.926715 -2.934995
-2.88859 -2.970396 -2.876475 -2.987972 -2.923151
-3.050412 -2.886309 -2.924976 -2.958465 -2.871054
-3.001505 -2.910704 -2.945755 -2.959254 -2.999025
-3.004231 -2.881435 -2.982528 -2.990989 -2.873338
-2.933038 -2.868232 -2.958835 -3.069536 -2.94731
-2.936672 -2.913474 -2.924178 -2.939535 -2.961511
-2.860384 -2.9388 -3.0194 -2.944582 -2.980954
-3.003525 -2.913886 -3.008812 -2.921343 -2.990149
-2.845333 -2.937972 -2.880643 -2.926665 -2.989517
-2.862602 -3.002108 -2.935384 -2.934594 -2.924527
-2.918835 -3.019635 -2.953398 -2.985422 -2.891582
-2.875126 -3.041905 -2.890353 -2.882281 -3.014608
-2.910334 -2.966642 -3.046826 -2.824582 -3.009337
-3.008451 -2.943504 -2.995821 -2.969588 -3.037551
-3.013111 -2.935795 -2.927874 -2.941839 -2.907779
-2.976166 -2.905925 -2.910501 -2.993303 -2.956084
-2.943515 -2.999712 -2.970108 -2.977192 -2.981346
-2.91659 -2.996193 -2.865654 -2.852631 -2.905788
-2.865933 -2.946403 -3.078455 -2.953407 -2.934426
-3.015275 -3.012918 -2.938067 -2.969433 -2.891257
-2.872828 -3.03005 -2.966419 -2.949681 -3.004104
-2.75969 -3.027072 -2.952388 -2.993606 -2.972112
-2.858413
