-2.831728 -2.797096 -2.766299 -2.83341 -2.726488
-2.906267 -2.859026 -2.775229 -2.901527 -2.84416
-2.840365 -2.764574 -2.957212 -2.821169 -2.837609
-2.939892 -2.881668 -2.787577 -2.752556 -2.708405
-2.943117 -2.762571 -2.85778 -2.756989 -2.844083
-2.886802 -2.918134 -2.786856 -2.843342 -2.820903
-2.89297 -2.808683 -2.747303 -2.866688 -2.841514
-2.785379 -2.943294 -2.816608 -2.898794 -2.819602
-2.796304 -2.879497 -2.977949 -2.82533 -2.767281
-2.791939 -2.79878 -2.88335 -2.914372 -2.586349
-2.820045 -2.779209 -2.823481 -2.847992 -2.787113
-2.871923 -2.810454 -2.838755 -2.857331 -2.846374
-2.83871 -2.840894 -2.799753 -2.847572 -2.768677
-2.772776 -2.825034 -2.836826 -2.796066 -2.804117
-2.832862 -2.81004 -2.788314 -2.733519 -2.813982
-2.766793 -2.837525 -2.764669 -2.819652 -2.864587
-2.805153 -2.868745 -2.843484 -2.910188 -2.762194
-2.780465 -2.926603 -2.787145 -2.812898 -2.829571
-2.831538 -2.759911 -2.946889 -2.788296 -2.829792
-2.876293 -2.859793 -2.826559 -2.881998 -2.804733
-2.783468 -2.972039 -2.779469 -2.850047 -2.945808
-2.725298 -2.822774 -2.901744 -2.815705 -2.850142
-2.789602 -2.809446 -2.782273 -2.723145 -2.843982
-2.86622 -2.78862 -2.783256 -2.879347 -2.859636
-2.842818 -2.869119 -2.780788 -2.733256 -2.732859
-2.688247 -2.856236 -2.714193 -2.822619 -2.779699
-2.704036 -2.779166 -2.843662 -2.698483 -2.783242
-2.853143 -2.859125 -2.722344 -2.889754 -2.780773
-2.859071 -2.87025 -2.82265 -2.869315 -2.833228
-2.752031 -2.773249 -2.848827 -2.87529 -2.728323
-2.838333 -2.781271 -2.852 -2.885309 -2.871113
-2.777525 -2.906478 -2.784649 -2.792463 -2.972538
-2.900405 -2.842459 -2.72786 -2.906132 -2.807511
-2.906565 -2.805201 -2.782464 -2.820123 -2.868385
-2.811999 -2.880855 -2.860306 -2.781529 -2.771235
-2.847336 -2.834752 -2.771209 -2.769631 -2.836941
-2.745128 -2.823667 -2.911108 -2.917771 -2.840188
-2.734485 -2.925767 -2.921578 -2.945636 -2.797286
-2.971471 -2.800054 -2.860068 -2.716978 -2.83513
-2.836971 -2.808485 -2.669421 -2.729369 -2.843483
-2.792037
