-2.897228 -2.897151 -2.834531 -2.961573 -2.819209
-2.960998 -2.880641 -2.889611 -2.936421 -2.906153
-2.845933 -2.897041 -2.906302 -2.983878 -2.813307
-2.808656 -2.926505 -2.932411 -2.925018 -2.909873
-2.877723 -2.901606 -2.865457 -2.863624 -2.913857
-2.819009 -2.956382 -2.966772 -2.914668 -2.904164
-2.851951 -2.91125 -2.819799 -2.896409 -2.843769
-2.846612 -2.889952 -2.842073 -2.836339 -2.977178
-2.776341 -2.833949 -2.866759 -2.84946 -2.87909
-2.815461 -2.876051 -2.891107 -2.935243 -2.940458
-2.823599 -2.920994 -2.871849 -3.02281 -2.956638
-2.842847 -2.916451 -2.93233 -2.899993 -2.894632
-2.951594 -2.899842 -2.85011 -2.895214 -2.816621
-2.794432 -2.800881 -2.805222 -2.835647 -2.885392
-2.816045 -2.849827 -2.852786 -2.975169 -2.849264
-2.891113 -2.838676 -2.998641 -2.855338 -2.882987
-2.886668 -2.904625 -2.920511 -2.832585 -2.932497
-2.833582 -2.915989 -2.931564 -3.012887 -3.019869
-2.967402 -2.930992 -2.934716 -2.835937 -2.850133
-2.898832 -2.844163 -2.978458 -2.912637 -2.920344
-2.802982 -2.905517 -2.885216 -2.939809 -2.812326
-2.925011 -2.791041 -2.862987 -2.854238 -2.758152
-2.879851 -2.958187 -2.908585 -2.814797 -2.866416
-2.906073 -2.864913 -2.978963 -2.864159 -2.852766
-2.80216 -2.885176 -2.897788 -2.942249 -2.920492
-2.85143 -2.855651 -2.853486 -2.897614 -2.887415
-2.894352 -2.95455 -2.889416 -2.963995 -2.929665
-2.901943 -2.980299 -2.894009 -3.039328 -2.865808
-2.959643 -2.980569 -2.824305 -2.969063 -2.928939
-2.927289 -2.91047 -2.916885 -2.911323 -2.873148
-3.005082 -2.849219 -2.916929 -2.864919 -2.882898
-2.907059 -2.853763 -2.919659 -2.812379 -2.846806
-2.842484 -2.903069 -2.98566 -2.897465 -2.812949
-2.875349 -2.82447 -2.809939 -2.882131 -2.826907
-2.914724 -2.971602 -2.884975 -2.888977 -2.874068
-2.854066 -2.920432 -2.930988 -2.793029 -2.866138
-2.833996 -2.935331 -2.88476 -2.875738 -2.940413
-2.896262 -2.950653 -2.853212 -2.898025 -2.934976
-2.870947 -2.806527 -2.909537 -2.951845 -2.79527
-2.891983 -2.802646 -2.890298 -2.887671 -2.97468
-2.940995
