-2.845757 -2.798979 -2.685439 -2.844224 -2.863372
-2.780393 -2.981062 -2.88305 -2.816994 -2.960949
-2.91558 -2.895585 -2.94082 -2.847948 -3.003081
-2.875403 -2.922068 -2.828866 -2.865226 -2.841383
-2.87665 -2.841372 -2.823924 -2.798568 -2.878202
-2.909831 -2.858063 -2.864812 -2.819468 -2.830321
-2.906677 -2.756286 -2.790944 -2.91875 -2.768098
-2.834331 -2.795173 -2.773833 -2.805455 -2.772315
-2.823399 -2.622543 -2.755864 -2.900744 -2.777976
-2.779829 -2.715726 -2.764641 -2.864397 -2.943622
-2.86303 -2.82262 -2.884108 -2.837579 -2.865726
-2.850994 -2.85186 -2.833656 -2.842539 -2.906304
-2.858905 -2.819649 -2.95405 -2.816824 -2.864915
-2.876575 -2.88633 -2.80225 -2.848728 -2.830107
-2.805377 -2.899533 -2.570515 -2.857623 -2.877699
-2.832649 -2.797176 -2.930652 -2.775853 -2.902253
-2.8365 -2.760884 -2.883495 -2.793634 -2.480493
-2.835902 -2.88745 -2.817167 -2.861558 -2.820688
-2.875439 -2.862596 -2.81724 -2.847748 -2.784334
-2.650356 -2.82326 -2.778739 -2.800252 -2.824443
-2.924087 -2.874569 -2.777987 -2.802703 -2.885821
-2.837691 -2.803829 -2.790259 -2.659071 -2.772221
-2.823354 -2.786524 -2.81626 -2.746016 -2.786295
-2.85316 -2.870931 -2.835714 -2.830202 -2.78714
-2.758903 -2.805605 -2.795905 -2.881073 -2.932618
-2.785252 -2.772624 -2.902672 -2.860942 -2.806194
-2.896532 -2.85586 -2.887119 -2.830571 -2.832893
-2.836221 -2.747936 -2.780089 -2.82334 -2.814186
-2.72181 -2.869543 -2.797022 -2.754124 -2.826879
-2.872363 -2.888491 -2.791618 -2.883713 -2.734793
-2.833327 -2.764988 -2.856675 -2.885838 -2.773338
-2.884092 -2.874032 -2.793268 -2.810102 -2.837267
-2.805728 -2.795146 -2.764756 -2.879731 -2.807697
-2.823057 -2.819096 -2.901932 -2.882545 -2.810746
-2.781729 -2.780913 -2.760768 -2.835204 -2.851018
-2.864913 -2.797001 -2.786138 -2.827864 -2.842304
-2.914624 -2.839938 -2.811057 -2.94192 -2.776292
-2.658592 -2.819472 -2.83607 -2.767544 -2.882127
-2.773013 -2.791019 -2.750818 -2.942263 -2.834077
-2.819631 -2.811715 -2.821057 -2.858223 -2.776954
-2.918188
