-2.786745 -2.789318 -2.778536 -2.746509 -2.788954
-2.793182 -2.788855 -2.780039 -2.7787 -2.797622
-2.718559 -2.756461 -2.763813 -2.749976 -2.800268
-2.763736 -2.740963 -2.727454 -2.777508 -2.806899
-2.762694 -2.792615 -2.817053 -2.756399 -2.78214
-2.811921 -2.7416 -2.792309 -2.785491 -2.76491
-2.752221 -2.783488 -2.80524 -2.740336 -2.803375
-2.814804 -2.841621 -2.693461 -2.80956 -2.735145
-2.794797 -2.826534 -2.749338 -2.739483 -2.754032
-2.755548 -2.815148 -2.800214 -2.801874 -2.766201
-2.71721 -2.772069 -2.779048 -2.788507 -2.823556
-2.800534 -2.76253 -2.744104 -2.780262 -2.781137
-2.818976 -2.781015 -2.778447 -2.753934 -2.757679
-2.726182 -2.750084 -2.73968 -2.813479 -2.692639
-2.797273 -2.750413 -2.772805 -2.770693 -2.827873
-2.771151 -2.797484 -2.801112 -2.80286 -2.812401
-2.736708 -2.753646 -2.728811 -2.782755 -2.725425
-2.802623 -2.748845 -2.824402 -2.774028 -2.780741
-2.759739 -2.755173 -2.772321 -2.817693 -2.769628
-2.696457 -2.839628 -2.739998 -2.767577 -2.694379
-2.747784 -2.807056 -2.800766 -2.786682 -2.781639
-2.736464 -2.738743 -2.785796 -2.758403 -2.795535
-2.862692 -2.801442 -2.721396 -2.784017 -2.812731
-2.799716 -2.758035 -2.877963 -2.764109 -2.794884
-2.777059 -2.728278 -2.828362 -2.749944 -2.717496
-2.827357 -2.774945 -2.758739 -2.776784 -2.758264
-2.806172 -2.662805 -2.78091 -2.837318 -2.811569
-2.740024 -2.784472 -2.821867 -2.790792 -2.67165
-2.782362 -2.773891 -2.761448 -2.868296 -2.785233
-2.788891 -2.771306 -2.801907 -2.769087 -2.749067
-2.801688 -2.839292 -2.803984 -2.792199 -2.816434
-2.676091 -2.785644 -2.843675 -2.780314 -2.788498
-2.833966 -2.759231 -2.744587 -2.790005 -2.755973
-2.726335 -2.767019 -2.760406 -2.754316 -2.819449
-2.757001 -2.773962 -2.740548 -2.790744 -2.829263
-2.76205 -2.779878 -2.786132 -2.766846 -2.742847
-2.838085 -2.821187 -2.859251 -2.83314 -2.774866
-2.791868 -2.773072 -2.745646 -2.76251 -2.829665
-2.766309 -2.744259 -2.81198 -2.774892 -2.79584
-2.725003 -2.83668 -2.799428 -2.837777 -2.785296
-2.761977
