-2.959938 -2.883539 -2.953891 -2.952322 -2.913206
-2.979689 -2.905324 -2.947541 -2.948171 -2.945426
-2.913268 -2.944813 -2.907407 -2.698917 -2.926213
-2.909773 -2.91574 -2.946361 -2.954484 -2.992691
-2.998376 -2.99565 -3.012814 -2.971842 -2.905877
-2.950425 -2.943107 -2.890335 -2.948603 -2.913788
-2.878856 -2.985087 -3.005119 -2.874362 -2.915481
-2.92756 -2.906372 -2.889898 -2.892039 -2.972851
-2.925695 -2.948556 -2.985255 -2.902405 -2.931212
-2.904839 -2.956847 -2.989061 -2.972916 -2.985911
-2.92495 -2.94358 -2.986159 -2.922922 -3.011048
-2.972234 -2.888916 -3.016004 -2.93548 -2.955277
-2.952169 -2.965159 -2.924048 -3.005799 -2.9602
-2.777147 -2.932839 -2.927993 -2.88725 -2.939162
-2.98719 -2.94585 -2.92236 -2.921618 -2.938331
-2.894963 -2.926231 -2.921892 -2.915359 -2.849722
-2.965623 -2.937001 -2.978417 -2.961457 -2.977883
-2.925399 -2.98622 -3.000478 -2.973299 -2.92765
-2.929876 -2.978504 -2.933436 -2.929814 -2.79702
-2.790477 -2.906747 -2.947662 -2.979242 -2.838044
-2.928003 -2.907845 -2.942437 -2.931065 -2.861888
-2.970096 -2.903818 -2.903422 -2.931841 -2.997659
-2.930844 -2.840447 -2.926617 -2.91402 -2.988514
-2.981691 -2.940301 -3.007544 -2.863321 -3.00791
-3.019606 -2.933171 -2.992796 -2.888515 -2.889912
-2.998502 -2.950222 -2.968944 -2.941541 -2.954016
-2.959671 -2.904688 -2.982954 -2.896864 -2.948162
-2.836721 -2.916801 -2.990732 -2.91663 -2.96989
-3.037897 -2.893099 -2.897982 -2.944245 -2.968359
-2.928131 -2.909848 -2.929873 -2.984678 -2.955831
-2.908744 -2.923032 -2.860917 -2.996895 -2.97567
-2.921821 -2.912783 -2.982351 -2.903999 -2.685923
-2.909123 -2.940808 -2.863265 -3.015965 -2.841699
-2.928086 -2.893429 -2.953564 -3.018748 -2.890434
-2.903457 -2.986994 -2.875554 -2.900437 -2.950906
-2.948791 -2.955943 -2.942678 -2.974623 -2.922835
-2.813206 -2.940172 -2.878493 -2.948771 -2.90958
-2.923732 -2.90288 -2.964982 -2.903072 -2.892807
-2.927294 -2.944935 -2.947336 -2.948243 -2.896646
-2.948288 -2.963995 -2.947023 -2.999 -2.95678
-2.945447
