-2.828712 -2.788147 -2.806224 -2.811265 -2.911405
-2.908203 -2.834837 -2.766821 -2.701899 -2.922392
-2.751254 -2.739618 -2.719564 -2.751372 -2.85092
-2.781973 -2.745449 -2.765359 -2.751366 -2.782473
-2.864466 -2.771815 -2.796566 -2.766283 -2.822402
-2.85854 -2.73073 -2.794438 -2.785287 -2.722506
-2.830806 -2.868052 -2.927731 -2.794836 -2.776229
-2.765152 -2.82053 -2.845006 -2.76939 -2.843862
-2.739149 -2.831076 -2.700738 -2.747818 -2.86406
-2.782008 -2.957174 -2.883699 -2.834287 -2.844715
-2.660472 -2.768023 -2.819129 -2.876244 -2.850222
-2.852425 -2.85483 -2.837459 -2.811095 -2.885703
-2.833625 -2.728364 -2.796077 -2.878404 -2.798185
-2.798694 -2.79643 -2.8246 -2.807805 -2.806175
-2.809549 -2.809303 -2.841765 -2.813958 -2.786038
-2.766805 -2.834387 -2.80563 -2.883807 -2.893073
-2.894277 -2.815988 -2.755969 -2.815684 -2.653383
-2.886367 -2.801275 -2.862551 -2.698713 -2.777391
-2.754558 -2.919112 -2.809129 -2.858954 -2.964115
-2.814961 -2.773051 -2.772048 -2.777444 -2.804942
-2.909726 -2.760875 -2.939845 -2.845856 -2.800833
-2.671207 -2.830769 -2.791457 -2.698477 -2.848648
-2.675905 -2.843585 -2.814345 -2.807083 -2.93127
-2.805096 -2.975317 -2.788337 -2.902841 -2.829654
-2.809477 -2.717645 -2.763114 -2.835263 -2.915041
-2.824435 -2.754741 -2.782957 -2.889799 -2.821783
-2.773873 -2.89268 -2.944032 -2.800494 -2.867039
-2.810935 -2.783274 -2.929761 -2.844859 -2.776693
-2.681985 -2.895506 -2.805058 -2.8072 -2.853512
-2.835952 -2.869019 -2.775692 -2.896668 -2.775247
-2.870142 -2.721618 -2.856527 -2.812915 -2.802839
-2.885674 -2.780965 -2.841879 -2.967573 -2.919592
-2.80343 -2.749885 -2.732994 -2.683218 -2.838158
-2.753845 -2.738941 -2.889292 -2.840148 -2.755588
-2.78016 -2.8409 -2.918527 -2.860575 -2.87408
-3.003508 -2.84126 -2.889049 -2.79671 -2.704705
-2.837351 -2.836539 -2.81445 -2.916793 -2.742844
-2.677613 -2.778828 -2.852377 -2.886881 -2.929407
-2.855418 -2.872773 -2.793724 -2.816517 -2.79798
-2.789944 -2.903835 -2.827912 -2.887552 -2.882773
-2.862695
