-2.86412 -2.786649 -2.88796 -2.865835 -2.857934
-2.835844 -2.86791 -2.872821 -2.884678 -2.801861
-2.86796 -2.798684 -2.812122 -2.879038 -2.896815
-2.85587 -2.825297 -2.837799 -2.81525 -2.817
-2.841008 -2.880342 -2.896042 -2.868092 -2.825681
-2.874685 -2.823559 -2.889572 -2.830562 -2.87202
-2.859578 -2.838111 -2.80056 -2.830124 -2.858727
-2.824669 -2.824992 -2.885268 -2.864282 -2.869873
-2.881311 -2.873084 -2.857275 -2.886569 -2.867491
-2.80901 -2.878314 -2.834943 -2.857847 -2.857212
-2.812755 -2.899081 -2.858275 -2.859127 -2.879764
-2.875473 -2.8538 -2.875348 -2.858399 -2.784025
-2.918792 -2.843328 -2.849858 -2.838247 -2.822794
-2.87671 -2.810096 -2.88774 -2.865161 -2.877915
-2.819888 -2.813316 -2.884371 -2.847852 -2.812534
-2.861863 -2.836444 -2.821375 -2.872893 -2.847632
-2.868182 -2.84248 -2.864397 -2.890581 -2.841012
-2.865305 -2.819885 -2.875398 -2.904726 -2.833989
-2.908668 -2.883696 -2.835567 -2.832485 -2.873726
-2.820666 -2.860411 -2.852499 -2.868541 -2.860483
-2.830318 -2.909202 -2.892329 -2.884791 -2.86689
-2.864047 -2.834281 -2.830803 -2.860454 -2.861169
-2.812074 -2.838519 -2.818449 -2.828911 -2.811881
-2.883542 -2.879392 -2.89353 -2.80786 -2.85162
-2.919453 -2.946347 -2.754455 -2.827004 -2.861534
-2.907003 -2.814322 -2.854905 -2.84537 -2.876467
-2.834577 -2.868235 -2.849808 -2.862365 -2.813677
-2.808748 -2.832535 -2.837709 -2.850922 -2.849117
-2.846162 -2.731988 -2.830206 -2.793192 -2.887936
-2.795473 -2.848181 -2.892395 -2.854635 -2.846025
-2.881191 -2.876244 -2.818083 -2.858844 -2.875795
-2.845108 -2.836378 -2.870164 -2.78891 -2.795596
-2.870665 -2.856756 -2.81955 -2.79257 -2.833829
-2.870654 -2.891356 -2.859863 -2.905306 -2.856664
-2.833334 -2.844292 -2.783706 -2.812873 -2.850011
-2.795506 -2.876858 -2.880392 -2.849883 -2.895984
-2.889164 -2.880683 -2.864957 -2.847548 -2.844512
-2.839324 -2.810907 -2.883907 -2.835275 -2.956726
-2.862976 -2.855791 -2.847276 -2.835185 -2.824866
-2.82337 -2.887413 -2.837998 -2.847621 -2.842459
-2.917494
