-2.833223 -2.73958 -3.002254 -2.838343 -2.793839
-2.889933 -2.81347 -2.894158 -2.885766 -2.884866
-2.784138 -2.851521 -2.782973 -2.743282 -2.845613
-2.89609 -2.840105 -2.736801 -2.766484 -2.770496
-2.631813 -2.85746 -2.88419 -2.827598 -2.85322
-2.915181 -2.868795 -2.834077 -2.797382 -2.781911
-2.767001 -2.816766 -2.797302 -2.860952 -2.854266
-2.818086 -2.846749 -2.765753 -2.959448 -2.669011
-2.803158 -2.826597 -2.846 -2.76948 -2.817368
-2.74695 -2.832424 -2.863386 -2.855156 -2.769017
-2.824468 -2.974274 -2.783135 -2.838366 -2.886412
-2.896792 -2.811227 -2.78767 -2.841671 -2.798369
-2.890815 -2.752407 -2.917111 -2.834028 -2.828594
-2.81796 -2.767484 -2.864119 -2.77418 -2.850485
-2.811838 -2.895775 -2.836253 -2.917906 -2.828226
-2.755695 -2.885265 -2.797389 -2.880879 -2.783882
-2.903837 -2.735691 -2.8597 -2.834407 -2.673718
-2.841653 -2.788953 -2.878647 -2.774274 -2.797691
-2.920206 -2.80329 -2.778135 -2.83809 -2.81564
-2.847374 -2.773934 -2.876192 -2.910448 -2.831953
-2.776126 -2.83065 -2.931989 -2.89793 -2.744635
-2.864941 -2.815346 -2.854059 -2.872272 -2.852724
-2.846676 -2.811403 -2.845867 -2.789552 -2.797828
-2.907351 -2.83506 -2.73228 -2.797144 -2.906185
-2.840524 -2.854319 -2.761846 -2.876168 -2.82666
-2.827649 -2.798012 -2.870778 -2.81809 -2.878972
-2.668357 -2.739315 -2.930725 -2.748941 -2.830461
-2.774621 -2.757424 -2.89877 -2.758574 -2.848781
-2.807467 -2.850415 -2.763849 -2.817918 -2.804007
-2.835816 -2.89488 -2.702128 -2.876471 -2.763912
-2.836656 -2.752853 -2.800655 -2.839011 -2.741745
-2.850701 -2.903744 -2.80182 -2.852534 -2.814003
-2.813946 -2.911954 -2.802627 -2.801847 -2.941071
-2.908163 -2.835956 -2.848597 -2.847334 -2.858533
-2.904567 -2.953905 -2.818375 -2.771846 -2.9151
-2.822455 -2.824738 -2.797797 -2.9175 -2.678985
-2.922743 -2.782135 -2.870847 -2.796453 -2.769204
-2.80478 -2.810879 -2.819462 -2.864255 -2.892696
-2.878001 -2.717808 -2.760868 -2.872091 -2.974374
-2.916293 -2.708757 -2.889257 -2.843698 -2.804695
-2.883191
