-2.796017 -2.793787 -2.751388 -2.765044 -2.801421
-2.791027 -2.785814 -2.794521 -2.773382 -2.788349
-2.593981 -2.733573 -2.78988 -2.831543 -2.772145
-2.503856 -2.615118 -2.516115 -2.812397 -2.699408
-2.785591 -2.769548 -2.752846 -2.780758 -2.7361
-2.753206 -2.809754 -2.747156 -2.772164 -2.703392
-2.813558 -2.799121 -2.76462 -2.764766 -2.733843
-2.781925 -2.779349 -2.770329 -2.803279 -2.757555
-2.806962 -2.395784 -2.60342 -2.815402 -2.793364
-2.778171 -2.776343 -2.792485 -2.805851 -2.760976
-2.514431 -2.732292 -2.765449 -2.757812 -2.803212
-2.751654 -2.781107 -2.766085 -2.802965 -2.433694
-2.753659 -2.807036 -2.80902 -2.346933 -2.816189
-2.737024 -2.342862 -2.760964 -2.813814 -2.760821
-2.609557 -2.709395 -2.809734 -2.752909 -2.744527
-2.790518 -2.575475 -2.792328 -2.659967 -2.792518
-2.829782 -2.797471 -2.787544 -2.799909 -2.768846
-2.689286 -2.801839 -2.811331 -2.74666 -2.758319
-2.741202 -2.741828 -2.689394 -2.799017 -2.788019
-2.555455 -2.680539 -2.612516 -2.801635 -2.812867
-2.482924 -2.699992 -2.758067 -2.788615 -2.773856
-2.467241 -2.819623 -2.769739 -2.800532 -2.713422
-2.730617 -2.755477 -2.702214 -2.489275 -2.779263
-2.799298 -2.797002 -2.616036 -2.794112 -2.734062
-2.724639 -2.832631 -2.791738 -2.703577 -2.794276
-2.699461 -2.749322 -2.750106 -2.577175 -2.77763
-2.808906 -2.783342 -2.754901 -2.769926 -2.833807
-2.728946 -2.499293 -2.773293 -2.767326 -2.231466
-2.230904 -2.81502 -2.577877 -2.785641 -2.471475
-2.742345 -2.80915 -2.800405 -2.788812 -2.759585
-2.70165 -2.773416 -2.785506 -2.77032 -2.664352
-2.763187 -2.116958 -2.753586 -2.763016 -2.798759
-2.770314 -2.763922 -2.782285 -2.710903 -2.717605
-2.79998 -2.72164 -2.777606 -2.79617 -2.721258
-2.381049 -2.752028 -2.783673 -2.736524 -2.497609
-2.580597 -2.797788 -2.783218 -2.795069 -2.719398
-2.726299 -2.423137 -2.777726 -2.780186 -2.657397
-2.791554 -2.799457 -2.770776 -2.815829 -2.809442
-2.77586 -2.640193 -2.852908 -2.781203 -2.786853
-2.755872 -2.719475 -2.766138 -2.812587 -2.565738
-2.791116
