-2.868808 -2.894958 -2.912429 -2.907372 -2.833684
-2.791941 -2.881773 -2.889745 -2.92417 -2.845956
-2.898953 -2.888944 -2.833341 -2.948691 -2.90352
-2.877777 -2.869292 -2.866739 -2.917358 -2.833632
-2.846805 -2.920205 -2.806817 -2.885945 -2.932091
-2.862579 -2.882951 -2.898085 -2.929068 -2.870067
-2.852825 -2.911161 -2.90922 -2.83416 -2.871375
-2.87703 -2.910067 -2.837822 -2.859961 -2.813868
-2.856439 -2.779763 -2.863568 -2.835154 -2.894457
-2.839793 -2.884154 -2.792602 -2.811207 -2.832017
-2.829204 -2.873599 -2.871015 -2.874855 -2.992778
-2.834849 -2.920798 -2.849429 -2.845597 -2.874865
-2.881614 -2.861251 -2.879722 -2.875141 -2.872271
-2.875003 -2.850823 -2.811602 -2.891888 -2.894042
-2.859228 -2.835238 -2.84104 -2.836163 -2.922073
-2.890841 -2.867846 -2.88702 -2.789985 -2.824052
-2.862986 -2.819176 -2.819241 -2.833371 -2.850052
-2.839438 -2.897173 -2.845256 -2.863152 -2.856126
-2.865544 -2.915562 -2.8947 -2.868781 -2.904252
-2.838872 -2.835 -2.942585 -2.896475 -2.808306
-2.857579 -2.820965 -2.824592 -2.814241 -2.87312
-2.815968 -2.785269 -2.839338 -2.877328 -2.930792
-2.847224 -2.806283 -2.888017 -2.894846 -2.850868
-2.836183 -2.82627 -2.861474 -2.772378 -2.898366
-2.892026 -2.840624 -2.879185 -2.837706 -2.864158
-2.821437 -2.899703 -2.887052 -2.899829 -2.834928
-2.781894 -2.884456 -2.857713 -2.90093 -2.908198
-2.929883 -2.882736 -2.881733 -2.921406 -2.87076
-2.799162 -2.854764 -2.871632 -2.850326 -2.862192
-2.86185 -2.904271 -2.834639 -2.850232 -2.879816
-2.892348 -2.798995 -2.942459 -2.872075 -2.918367
-2.843452 -2.85905 -2.892322 -2.826344 -2.839402
-2.842455 -2.881937 -2.848654 -2.830517 -2.84667
-2.800628 -2.7875 -2.902544 -2.87763 -2.806809
-2.902373 -2.812149 -2.881354 -2.848889 -2.837176
-2.866391 -2.840626 -2.861376 -2.959824 -2.826105
-2.89957 -2.844754 -2.889166 -2.873301 -2.950722
-2.820347 -2.859961 -2.92261 -2.861522 -2.87856
-2.86696 -2.85294 -2.909411 -2.817175 -2.877225
-2.820623 -2.887932 -2.934549 -2.814164 -2.850071
-2.79075
