-2.862972 -2.853113 -2.868183 -2.865441 -2.910898
-2.823604 -2.864777 -2.833041 -2.818006 -2.874905
-2.887267 -2.858727 -2.881053 -2.86644 -2.847048
-2.88859 -2.853218 -2.857399 -2.82001 -2.854534
-2.871978 -2.836682 -2.877238 -2.82608 -2.90314
-2.91514 -2.827194 -2.858561 -2.827902 -2.812365
-2.85027 -2.834955 -2.81476 -2.860816 -2.852396
-2.896307 -2.823501 -2.847242 -2.806836 -2.892111
-2.871295 -2.888886 -2.821458 -2.836825 -2.853618
-2.866191 -2.829352 -2.939481 -2.859287 -2.883076
-2.889678 -2.894858 -2.852908 -2.879477 -2.86864
-2.836625 -2.875786 -2.836944 -2.82633 -2.834121
-2.88002 -2.848979 -2.904857 -2.868168 -2.885068
-2.859642 -2.81259 -2.869222 -2.862996 -2.862869
-2.858764 -2.851566 -2.855544 -2.821372 -2.853064
-2.863683 -2.888179 -2.831642 -2.891277 -2.798699
-2.848546 -2.875736 -2.834421 -2.915345 -2.868069
-2.883156 -2.851463 -2.858459 -2.868949 -2.860382
-2.817197 -2.856733 -2.882829 -2.905818 -2.846872
-2.852165 -2.843838 -2.860162 -2.854855 -2.855316
-2.854893 -2.878163 -2.870799 -2.805911 -2.865544
-2.859048 -2.856621 -2.829633 -2.861482 -2.888351
-2.774941 -2.831731 -2.842616 -2.889344 -2.904235
-2.84479 -2.820165 -2.880629 -2.811167 -2.851792
-2.875337 -2.874447 -2.817436 -2.815071 -2.873852
-2.844444 -2.9215 -2.819758 -2.860444 -2.883259
-2.836215 -2.885111 -2.803132 -2.835848 -2.808722
-2.897262 -2.828618 -2.911645 -2.896465 -2.830062
-2.863687 -2.862329 -2.839944 -2.881806 -2.86023
-2.865599 -2.882862 -2.855469 -2.824093 -2.903915
-2.862524 -2.875427 -2.843983 -2.827258 -2.865498
-2.87002 -2.829873 -2.862961 -2.901651 -2.822784
-2.863621 -2.871976 -2.878274 -2.868504 -2.84416
-2.875167 -2.929219 -2.889395 -2.844288 -2.830824
-2.866596 -2.796557 -2.887284 -2.853497 -2.850401
-2.894093 -2.84293 -2.841728 -2.836699 -2.840556
-2.853026 -2.896983 -2.8772 -2.882795 -2.846591
-2.81183 -2.841001 -2.854508 -2.854174 -2.863888
-2.868457 -2.881945 -2.879268 -2.873488 -2.836598
-2.87414 -2.80851 -2.825937 -2.848273 -2.867122
-2.871252
