-2.855274 -2.826287 -2.792579 -2.833642 -2.851784
-2.841089 -2.862827 -2.905948 -2.828419 -2.951218
-2.839185 -2.846738 -2.879456 -2.804526 -2.851105
-2.831085 -2.899811 -2.851476 -2.823869 -2.887311
-2.806127 -2.906324 -2.833745 -2.834373 -2.913597
-2.847526 -2.853285 -2.853947 -2.877058 -2.832499
-2.858919 -2.846882 -2.86541 -2.825495 -2.882144
-2.841608 -2.84317 -2.860051 -2.896432 -2.854465
-2.837543 -2.902956 -2.854087 -2.861865 -2.830856
-2.849836 -2.865225 -2.829231 -2.841567 -2.82686
-2.841633 -2.887077 -2.853042 -2.784271 -2.872733
-2.856023 -2.805311 -2.854769 -2.841705 -2.82738
-2.864963 -2.814296 -2.851275 -2.843876 -2.856859
-2.825937 -2.812322 -2.808477 -2.820195 -2.844479
-2.860059 -2.804756 -2.827346 -2.798552 -2.863282
-2.835627 -2.865476 -2.812894 -2.819225 -2.813837
-2.875619 -2.785989 -2.877057 -2.769986 -2.893421
-2.847671 -2.815023 -2.825657 -2.828832 -2.861788
-2.820751 -2.831616 -2.821268 -2.833119 -2.862499
-2.819578 -2.867876 -2.820884 -2.882745 -2.900126
-2.834948 -2.836111 -2.871918 -2.818956 -2.824493
-2.816537 -2.889091 -2.808863 -2.835463 -2.820285
-2.897432 -2.834822 -2.86999 -2.891341 -2.88928
-2.862475 -2.833465 -2.84165 -2.793512 -2.82534
-2.892309 -2.867565 -2.844162 -2.89141 -2.862469
-2.893073 -2.84071 -2.875081 -2.883053 -2.839381
-2.857233 -2.8524 -2.847735 -2.816089 -2.808853
-2.833432 -2.845708 -2.841736 -2.824568 -2.805655
-2.820069 -2.80276 -2.827436 -2.833671 -2.81052
-2.883 -2.859096 -2.848337 -2.836879 -2.830807
-2.859431 -2.824356 -2.879527 -2.863442 -2.863319
-2.846302 -2.835586 -2.817877 -2.880521 -2.784175
-2.846622 -2.861236 -2.828728 -2.762914 -2.853303
-2.850147 -2.92769 -2.872458 -2.859008 -2.805846
-2.822604 -2.887761 -2.857407 -2.870559 -2.809771
-2.857539 -2.849466 -2.901973 -2.8561 -2.760033
-2.846201 -2.856581 -2.913353 -2.832998 -2.835658
-2.853941 -2.795043 -2.84214 -2.82764 -2.832071
-2.848532 -2.844615 -2.791754 -2.899305 -2.865995
-2.834712 -2.847288 -2.830986 -2.871486 -2.842492
-2.892876
