-2.843003 -2.772509 -2.827279 -2.793406 -2.88172
-2.646949 -2.8266 -2.797239 -2.088458 -2.796459
-2.844415 -2.713231 -2.849183 -2.833147 -2.752208
-2.770024 -2.780181 -2.744381 -2.741781 -2.832635
-2.855086 -2.803853 -2.796382 -2.842975 -2.852774
-2.724254 -2.809468 -2.84047 -2.813615 -2.839894
-2.845707 -2.773193 -2.862355 -2.86037 -2.439984
-2.814162 -2.775084 -2.788085 -2.829765 -2.677978
-2.738891 -2.871393 -2.760015 -2.621742 -2.865154
-2.865434 -2.811105 -2.841883 -2.84301 -2.600801
-2.765274 -2.866252 -2.857334 -2.186231 -2.739082
-2.821702 -2.520772 -2.807827 -2.777092 -2.788772
-2.623805 -2.766702 -2.815389 -2.82523 -2.847646
-2.817781 -2.864215 -2.82515 -2.859119 -2.81562
-2.833973 -2.794783 -2.746814 -2.803031 -2.848713
-2.82581 -2.719428 -2.830613 -2.812002 -2.892499
-2.738356 -2.713812 -2.823088 -2.822509 -2.836823
-2.831781 -2.859318 -2.699395 -2.842229 -2.704111
-2.832587 -2.674457 -2.821372 -2.812835 -2.833609
-2.731147 -2.307108 -2.773809 -2.874345 -2.858093
-2.692316 -2.866989 -2.831016 -2.833522 -2.838362
-2.738285 -2.804005 -2.402073 -2.812935 -2.793145
-2.85426 -2.783878 -2.71371 -2.804383 -2.856
-2.83097 -2.798456 -2.806106 -2.760219 -2.849725
-2.830911 -2.820136 -2.868355 -2.861858 -2.859902
-2.796649 -2.829645 -2.845339 -2.771364 -2.739144
-2.796844 -2.815368 -2.820914 -2.657492 -2.876976
-2.749233 -2.739578 -2.801999 -2.878399 -2.835318
-2.609379 -2.759937 -2.619512 -2.832328 -2.828549
-2.810339 -2.790822 -2.696974 -2.828351 -2.813877
-2.763479 -2.783503 -2.887732 -2.87116 -2.817593
-2.854098 -2.866335 -2.774303 -2.850007 -2.854688
-2.510911 -2.697211 -2.851728 -2.867911 -2.844506
-2.863324 -2.758319 -2.719567 -2.83005 -2.693124
-2.840438 -2.781482 -2.793186 -2.445974 -2.809254
-2.800579 -2.816421 -2.800694 -2.796298 -2.690288
-2.789517 -2.834805 -2.840233 -2.853492 -2.813803
-2.846594 -2.841613 -2.811537 -2.811499 -2.789514
-2.595208 -2.769081 -2.815365 -2.859343 -2.568673
-2.809459 -2.767076 -2.799204 -2.875996 -2.838918
-2.80974
