-2.853555 -2.790188 -2.859136 -2.884653 -2.8394
-2.821326 -2.913034 -2.837287 -2.876809 -2.863747
-2.849964 -2.765855 -2.869618 -2.883148 -2.827059
-2.899077 -2.898524 -2.630373 -2.9458 -2.848111
-2.698026 -2.842249 -2.826516 -2.894246 -2.853536
-2.8055 -2.864558 -2.900932 -2.818233 -2.927364
-2.893156 -2.807998 -2.796168 -2.753769 -2.790921
-2.89794 -2.81226 -2.747035 -2.784485 -2.746962
-2.867323 -2.737823 -2.847809 -2.850185 -2.860406
-2.751116 -2.778159 -2.867052 -2.83257 -2.798361
-2.862288 -2.861593 -2.887302 -2.792158 -2.781974
-2.750187 -2.816863 -2.781341 -2.808676 -2.794808
-2.835834 -2.742412 -2.63272 -2.809037 -2.693185
-2.772798 -2.72834 -2.869766 -2.640896 -2.756472
-2.739972 -2.740741 -2.751457 -2.834091 -2.80665
-2.721945 -2.747452 -2.761964 -2.823529 -2.92805
-2.871309 -2.854436 -2.754855 -2.867866 -2.854564
-2.827306 -2.849375 -2.537065 -2.874107 -2.886713
-2.844411 -2.778919 -2.838923 -2.452381 -2.807155
-2.856613 -2.520605 -2.808524 -2.794602 -2.852959
-2.773047 -2.858412 -2.729922 -2.894111 -2.832524
-2.858629 -2.814817 -2.82978 -2.886124 -2.752186
-2.823754 -2.764 -2.865287 -2.776682 -2.814329
-2.887527 -2.79428 -2.719858 -2.7115 -2.892075
-2.787982 -2.83455 -2.819571 -2.893832 -2.862717
-2.933487 -2.826859 -2.944278 -2.779554 -2.756562
-2.852228 -2.898512 -2.810924 -2.815976 -2.879104
-2.871586 -2.743607 -2.899414 -2.733862 -2.875247
-2.853686 -2.925358 -2.854243 -2.877731 -2.865166
-2.852702 -2.842855 -2.838187 -2.823344 -2.874922
-2.896084 -2.833048 -2.875113 -2.859706 -2.719918
-2.463354 -2.843102 -2.800267 -2.854479 -2.749675
-2.855132 -2.805732 -2.914017 -2.73519 -2.933275
-2.75095 -2.739814 -2.81348 -2.785909 -2.620783
-2.844885 -2.938649 -2.803068 -2.914745 -2.900407
-2.591221 -2.859746 -2.766689 -2.880382 -2.864213
-2.83717 -2.710684 -2.769579 -2.783888 -2.877107
-2.793682 -2.788137 -2.894588 -2.754575 -2.858429
-2.884245 -2.79804 -3.004365 -2.774311 -2.784722
-2.915867 -2.74189 -2.841259 -2.800384 -2.891454
-2.724088
