-2.796492 -2.14997 -2.814283 -1.867439 -2.109436
-2.55361 -2.571006 -2.777103 -2.080939 -2.7488
-2.100687 -2.76316 -2.786059 -2.254621 -2.089968
-2.831937 -2.043082 -1.988617 -2.794609 -2.755269
-2.840548 -2.133234 -2.267241 -2.147401 -2.716792
-2.735093 -2.280979 -1.987655 -2.045786 -2.755336
-2.731215 -2.399632 -2.751819 -2.732471 -2.287595
-2.198039 -2.068218 -2.067825 -2.172997 -1.969307
-2.713312 -2.724852 -2.725368 -2.736487 -2.055164
-2.724963 -2.848176 -2.645378 -2.813663 -2.077926
-2.832613 -2.069381 -2.830219 -2.338418 -2.149759
-2.620303 -2.304853 -2.804778 -2.722424 -2.761697
-2.788957 -2.071282 -2.845837 -2.746477 -2.70129
-2.844857 -2.305676 -2.793039 -2.882616 -1.99103
-2.342019 -2.062427 -2.705498 -2.152256 -2.005716
-2.058226 -2.139031 -1.99345 -2.7712 -2.544951
-2.785616 -2.67554 -2.759998 -2.271261 -2.807865
-2.34341 -2.079007 -2.481425 -2.751608 -2.766009
-2.583679 -1.979995 -2.798246 -2.494306 -2.752882
-2.662813 -2.591194 -2.727185 -2.757237 -2.035714
-2.849813 -2.274937 -2.059192 -2.770171 -2.766985
-2.563605 -2.850876 -2.009793 -2.010836 -2.713717
-2.699535 -2.780124 -2.849249 -2.095044 -2.399076
-2.138028 -2.197204 -2.24208 -2.42024 -2.719539
-2.757899 -2.756143 -2.651174 -2.108737 -2.627634
-2.368235 -2.821562 -2.786012 -2.798124 -2.706435
-2.806626 -2.814106 -2.729186 -2.722008 -2.790768
-2.611256 -2.216993 -2.277935 -2.462726 -2.045788
-2.454705 -2.767523 -2.350721 -2.787465 -2.783972
-2.766512 -2.572171 -1.966546 -2.803456 -2.56624
-2.700364 -2.457862 -2.292653 -2.724658 -2.792655
-2.34771 -2.419269 -2.838974 -2.173751 -2.692549
-2.605321 -2.336723 -2.116503 -2.789401 -2.729036
-2.765495 -2.705852 -2.035763 -2.759184 -2.041757
-1.997344 -2.830305 -2.519905 -2.113341 -2.788739
-2.062457 -2.097301 -2.218798 -2.683919 -2.716873
-2.700704 -2.685029 -2.824677 -2.588908 -2.787382
-2.616354 -2.68454 -2.028684 -2.755463 -2.81221
-2.284978 -2.743884 -2.599147 -2.749499 -2.663855
-2.024439 -2.726621 -2.777203 -2.674369 -2.126239
-2.082963
