-2.924155 -2.904737 -2.919317 -2.959366 -2.923005
-2.918759 -2.951525 -2.900885 -2.927162 -2.929316
-2.87102 -2.881672 -2.888927 -2.889589 -2.848467
-2.920463 -2.921575 -2.940572 -2.940013 -2.911559
-2.915995 -2.921722 -2.944901 -2.914175 -2.82522
-2.975757 -2.907514 -2.955451 -2.905094 -2.88121
-2.917336 -2.919002 -2.903051 -2.896588 -2.94246
-2.886154 -2.930139 -2.915089 -2.834429 -2.89883
-2.93399 -2.828689 -2.931387 -2.890711 -2.960043
-2.907679 -2.924502 -2.893699 -2.798953 -2.909277
-2.929213 -2.887935 -2.912286 -2.934262 -2.905173
-2.924123 -2.929826 -2.936753 -2.966579 -2.945691
-2.949255 -2.908607 -2.926774 -2.907627 -2.926039
-2.910876 -2.911502 -2.937525 -2.920928 -2.912745
-2.762943 -2.9057 -2.904976 -2.917563 -2.917565
-2.758754 -2.879067 -2.924923 -2.901379 -2.922092
-2.914047 -2.899471 -2.899864 -2.922234 -2.868539
-2.782721 -2.859655 -2.916348 -2.894169 -2.953768
-2.924405 -2.906147 -2.939407 -2.906454 -2.933621
-2.943256 -2.780235 -2.941572 -2.917073 -2.915998
-2.900168 -2.909546 -2.90552 -2.939774 -2.934519
-2.909081 -2.910814 -2.903917 -2.917658 -2.926424
-2.936276 -2.915707 -2.926863 -2.901599 -2.910843
-2.896316 -2.919292 -2.933226 -2.947036 -2.95118
-2.913909 -2.915417 -2.9661 -2.902898 -2.946734
-2.91305 -2.93768 -2.966751 -2.921373 -2.92102
-2.89442 -2.930236 -2.941259 -2.908081 -2.92169
-2.94043 -2.882527 -2.901309 -2.905313 -2.926783
-2.89995 -2.94452 -2.896309 -2.935582 -2.877542
-2.903604 -2.902123 -2.913013 -2.908116 -2.890395
-2.922528 -2.934482 -2.912828 -2.919164 -2.947937
-2.92857 -2.935505 -2.904728 -2.917363 -2.920409
-2.893321 -2.929547 -2.947361 -2.90301 -2.884253
-2.940041 -2.919042 -2.83191 -2.898483 -2.802772
-2.940844 -2.947701 -2.959507 -2.91052 -2.938768
-2.94223 -2.928245 -2.934046 -2.896071 -2.86496
-2.904299 -2.901558 -2.895659 -2.902096 -2.918333
-2.868139 -2.894989 -2.965243 -2.896789 -2.919682
-2.914948 -2.849902 -2.959508 -2.93266 -2.929586
-2.924851 -2.921058 -2.87006 -2.94218 -2.902938
-2.909875
