-2.903625 -2.94779 -2.86711 -2.945489 -2.836754
-2.921259 -2.946117 -2.891388 -2.95657 -2.958667
-2.949128 -2.845855 -2.80208 -2.974713 -3.053135
-2.794785 -2.902404 -2.872257 -2.885129 -2.880284
-2.954174 -2.935223 -2.852585 -2.797696 -2.933329
-2.82355 -2.746718 -2.914382 -2.892109 -2.877539
-2.89456 -2.92851 -2.863628 -2.828308 -2.937172
-2.928891 -2.716832 -2.876556 -2.899211 -2.790175
-2.936836 -2.892315 -2.989067 -2.801336 -2.818817
-2.905767 -2.881987 -2.846065 -2.87187 -2.897626
-2.86713 -2.84313 -2.858994 -2.814783 -2.85474
-2.759002 -2.857599 -2.966586 -2.915054 -3.034749
-2.970711 -2.892547 -2.952446 -2.88879 -2.944165
-2.839737 -2.911052 -2.797959 -2.820604 -2.865923
-2.918193 -2.958593 -2.78606 -2.948479 -2.969793
-2.805228 -2.858682 -2.921491 -2.714929 -2.872366
-2.83499 -2.761741 -2.825723 -2.846629 -2.982831
-2.918852 -2.828931 -2.635725 -2.905673 -2.793423
-2.962099 -2.884072 -3.032758 -2.981617 -2.942872
-2.769632 -2.942147 -2.868978 -2.980438 -3.008429
-2.841336 -2.887442 -2.845264 -2.857071 -2.798656
-2.959559 -2.877414 -3.033706 -2.848643 -2.894711
-2.79004 -2.870329 -2.765549 -2.990042 -3.031324
-2.947086 -2.942011 -2.859257 -2.929673 -2.874562
-2.765676 -2.889059 -2.931819 -2.923327 -2.83709
-2.867597 -2.914616 -2.81941 -2.89505 -2.888766
-2.860616 -2.856183 -2.874204 -2.773875 -2.781106
-2.796273 -2.892408 -3.030363 -2.972416 -2.935083
-2.916417 -2.818963 -2.879685 -2.936311 -3.022226
-2.889536 -2.742587 -2.892339 -2.884376 -2.904931
-2.911691 -2.827482 -2.914681 -2.904131 -2.849393
-2.891168 -2.938716 -2.91603 -2.815914 -2.915536
-2.89533 -2.840471 -3.000126 -2.93969 -2.92305
-2.907038 -2.926948 -2.814569 -2.851068 -2.951844
-2.931049 -2.916488 -2.963717 -2.949866 -3.071972
-2.966269 -2.975213 -2.936218 -2.9519 -2.812595
-2.909077 -2.868278 -2.883005 -2.946306 -2.822542
-2.942792 -2.89142 -2.736106 -2.889817 -2.770134
-2.882483 -2.893996 -2.82072 -2.948285 -2.910326
-2.846214 -2.796086 -2.917236 -2.935299 -3.000251
-2.934427
