-2.874681 -2.845337 -2.408839 -2.847755 -2.896058
-2.906393 -2.870444 -2.822488 -2.844065 -2.794996
-2.787217 -2.851517 -2.91041 -2.88397 -2.292881
-2.792507 -2.9408 -2.832032 -2.844248 -2.866414
-2.926982 -2.350265 -2.935772 -2.92238 -2.882946
-2.727786 -2.826408 -2.813188 -2.849023 -2.852698
-2.04148 -2.851296 -2.920737 -2.056255 -2.937187
-2.182592 -2.929992 -2.826162 -2.885711 -2.880991
-2.913954 -2.918517 -2.857137 -2.897617 -2.786547
-2.860301 -2.855308 -2.905249 -2.848633 -2.90786
-2.532793 -2.670875 -2.465568 -2.846299 -2.901166
-2.681349 -2.863912 -2.881729 -2.515764 -2.8132
-2.629152 -2.685815 -2.887048 -2.840644 -2.545678
-2.962203 -2.926521 -2.809491 -2.841892 -2.414296
-2.805889 -2.683248 -2.925975 -2.859797 -2.927094
-2.842656 -2.28179 -2.824775 -2.896556 -2.798969
-2.818443 -2.370785 -2.851738 -2.714748 -2.778924
-2.864934 -2.54543 -2.351438 -2.946168 -2.905238
-2.811222 -2.796416 -2.804686 -2.846443 -2.898817
-2.879184 -2.234142 -2.908679 -2.906709 -2.8998
-2.809306 -2.910386 -2.920939 -2.836742 -2.641261
-2.922838 -2.235698 -2.810403 -2.87877 -2.813155
-2.812394 -2.851499 -2.848908 -2.838091 -2.867043
-2.864225 -2.866392 -2.766638 -2.805984 -2.702965
-2.417913 -2.927131 -2.679281 -2.917952 -2.796226
-2.711775 -2.812334 -2.859744 -2.734552 -2.832792
-2.905486 -2.536381 -2.811672 -2.840261 -2.880775
-2.900254 -2.728736 -2.942118 -2.922026 -2.866852
-2.862987 -2.896272 -2.715853 -2.657621 -2.719639
-2.408523 -2.802871 -2.772668 -2.621111 -2.655569
-2.500449 -2.793247 -2.876505 -2.836225 -2.931765
-2.89696 -2.917389 -2.884154 -2.899484 -2.835258
-2.874868 -2.495534 -2.844531 -2.864825 -2.794054
-2.837091 -2.855707 -2.803039 -2.90445 -2.906982
-2.918151 -2.87328 -2.845378 -2.90688 -2.658986
-2.869029 -2.911208 -2.58228 -2.876321 -2.827333
-2.855099 -2.862376 -2.878159 -2.854106 -2.878404
-2.535498 -2.839012 -2.735786 -2.901804 -2.901232
-2.903577 -2.287773 -2.860821 -2.786301 -2.820622
-2.554937 -2.700807 -2.293273 -2.850394 -2.875041
-2.81891
