-2.823842 -2.787722 -2.831952 -2.869748 -2.789874
-2.80775 -2.791579 -2.785105 -2.808458 -2.817286
-2.822975 -2.841643 -2.820273 -2.824393 -2.817283
-2.800727 -2.801746 -2.821452 -2.845435 -2.774018
-2.821437 -2.864406 -2.803683 -2.801497 -2.826167
-2.82988 -2.844195 -2.810951 -2.87064 -2.846717
-2.815963 -2.775839 -2.826701 -2.861778 -2.832233
-2.793913 -2.81943 -2.786767 -2.796452 -2.890824
-2.833242 -2.821228 -2.836774 -2.835862 -2.806648
-2.774636 -2.79825 -2.831606 -2.834858 -2.842176
-2.811345 -2.811106 -2.810777 -2.737848 -2.794921
-2.792937 -2.884682 -2.808532 -2.834854 -2.854583
-2.811826 -2.753018 -2.833481 -2.783004 -2.807762
-2.865836 -2.766477 -2.877699 -2.822562 -2.807135
-2.834776 -2.851821 -2.795167 -2.839922 -2.809579
-2.804635 -2.813395 -2.821049 -2.826932 -2.758177
-2.815018 -2.842096 -2.802419 -2.789345 -2.801942
-2.791286 -2.827586 -2.814267 -2.86154 -2.826062
-2.817796 -2.871513 -2.871891 -2.811793 -2.836522
-2.813792 -2.794055 -2.849748 -2.824963 -2.825055
-2.792927 -2.848372 -2.758123 -2.775331 -2.81946
-2.866268 -2.855366 -2.805603 -2.843752 -2.79865
-2.853141 -2.863685 -2.833379 -2.841311 -2.810407
-2.833889 -2.873006 -2.823427 -2.841684 -2.834233
-2.852851 -2.84355 -2.800627 -2.789438 -2.851016
-2.826393 -2.855469 -2.806391 -2.787555 -2.825337
-2.855656 -2.782801 -2.838366 -2.815673 -2.866181
-2.848664 -2.851546 -2.837081 -2.834644 -2.834369
-2.805906 -2.826526 -2.825444 -2.772438 -2.832577
-2.856143 -2.837136 -2.840997 -2.819489 -2.823711
-2.825552 -2.831883 -2.872361 -2.75988 -2.859708
-2.843766 -2.781132 -2.78 -2.793988 -2.831368
-2.847247 -2.769886 -2.803793 -2.79422 -2.808804
-2.849017 -2.786583 -2.871779 -2.820486 -2.81458
-2.830488 -2.823099 -2.847305 -2.847574 -2.850743
-2.878924 -2.846661 -2.833658 -2.813289 -2.757532
-2.824945 -2.865356 -2.806696 -2.842442 -2.839432
-2.826818 -2.785795 -2.88904 -2.808839 -2.8054
-2.847722 -2.777685 -2.820518 -2.815285 -2.826229
-2.787641 -2.803477 -2.794853 -2.843649 -2.796448
-2.791013
