-2.852339 -2.901295 -2.829551 -2.869294 -2.853942
-2.522822 -2.860389 -2.895064 -2.865021 -2.868407
-2.807631 -2.885624 -2.781597 -2.91211 -2.819813
-2.8234 -2.888416 -2.838921 -2.851388 -2.898429
-2.942381 -2.861803 -2.757397 -2.811053 -2.837133
-2.916212 -2.852605 -2.835308 -2.842765 -2.791784
-2.839519 -2.870629 -2.771777 -2.874761 -2.874558
-2.758027 -2.912203 -2.86539 -2.833481 -2.793991
-2.868083 -2.787716 -2.80843 -2.857276 -2.71981
-2.854385 -2.896136 -2.838833 -2.855551 -2.800197
-2.825058 -2.910506 -2.777591 -2.860446 -2.863716
-2.989722 -2.822695 -2.815763 -2.840683 -2.796537
-2.873606 -2.830105 -2.677182 -2.824048 -2.816589
-2.949517 -2.787449 -2.701469 -2.837806 -2.871808
-2.811675 -2.891927 -2.866029 -2.737413 -2.812826
-2.864653 -2.86443 -2.739841 -2.929354 -2.821601
-2.718395 -2.900753 -2.868951 -2.800519 -2.814591
-2.548055 -2.868405 -2.890479 -2.911542 -2.858979
-2.92367 -2.846816 -2.735332 -2.838423 -2.824812
-2.728103 -2.822806 -2.87475 -2.87805 -2.828286
-2.843987 -2.890697 -2.877961 -2.757761 -2.852692
-2.805746 -2.831059 -2.844481 -2.708414 -2.785282
-2.825064 -2.831455 -2.778814 -2.596266 -2.85404
-2.857746 -2.891422 -2.889589 -2.722381 -2.523003
-2.639786 -2.860065 -2.39368 -2.742532 -2.812207
-2.828863 -2.819017 -2.904135 -2.877648 -2.842975
-2.944567 -2.889924 -2.877855 -2.729704 -2.842877
-2.697015 -2.688517 -2.783623 -2.899173 -2.658381
-2.833499 -2.803706 -2.766518 -2.929226 -2.775781
-2.828407 -2.860809 -2.860483 -2.828194 -2.419307
-2.423839 -2.833031 -2.828851 -2.894923 -2.844284
-2.875585 -2.558305 -2.412798 -2.685748 -2.818453
-2.788854 -2.828269 -2.244382 -2.830944 -2.758221
-2.784482 -2.853513 -2.901343 -2.838829 -2.875801
-2.809653 -2.898259 -2.459309 -2.83096 -2.814034
-2.751744 -2.774113 -2.88834 -2.864355 -2.854016
-2.944775 -2.54595 -2.935757 -2.472008 -2.855532
-2.814333 -2.859894 -2.748426 -2.933131 -2.481898
-2.772323 -2.391354 -2.766978 -2.856376 -2.888595
-2.789103 -2.798356 -2.885498 -2.65667 -2.832953
-2.508482
