-2.865577 -2.868541 -2.907333 -2.853568 -2.878888
-2.887859 -2.84201 -2.853595 -2.890315 -2.879831
-2.859219 -2.850323 -2.84976 -2.839338 -2.81139
-2.881975 -2.878123 -2.841743 -2.912004 -2.853466
-2.893281 -2.863404 -2.816375 -2.912168 -2.878414
-2.847315 -2.828951 -2.856133 -2.827512 -2.867168
-2.811064 -2.882562 -2.790343 -2.85377 -2.893478
-2.88119 -2.874556 -2.915113 -2.836566 -2.877345
-2.852731 -2.836358 -2.839718 -2.886161 -2.894488
-2.879115 -2.836973 -2.867926 -2.889649 -2.867584
-2.891931 -2.843188 -2.874808 -2.836829 -2.923872
-2.853358 -2.879224 -2.842725 -2.83889 -2.813033
-2.890728 -2.853811 -2.878599 -2.884261 -2.877451
-2.92188 -2.914985 -2.925819 -2.877567 -2.842381
-2.877353 -2.922584 -2.874679 -2.855024 -2.966594
-2.816201 -2.856185 -2.812363 -2.873604 -2.92666
-2.900655 -2.858243 -2.916571 -2.850078 -2.912825
-2.82913 -2.872783 -2.899247 -2.857436 -2.798404
-2.897979 -2.90763 -2.867345 -2.876739 -2.893951
-2.886824 -2.822523 -2.8593 -2.84002 -2.864042
-2.871047 -2.837265 -2.886009 -2.822769 -2.823548
-2.848098 -2.819665 -2.866172 -2.863023 -2.851142
-2.827402 -2.834899 -2.916052 -2.85788 -2.889046
-2.855902 -2.892059 -2.857356 -2.828495 -2.858963
-2.890368 -2.861023 -2.789161 -2.792912 -2.823793
-2.827621 -2.876017 -2.866259 -2.944571 -2.792648
-2.906143 -2.825028 -2.904246 -2.949381 -2.88244
-2.842125 -2.829525 -2.905035 -2.911152 -2.937875
-2.778697 -2.876608 -2.862996 -2.862752 -2.842287
-2.810131 -2.905318 -2.853974 -2.896804 -2.881763
-2.801142 -2.866141 -2.907081 -2.803946 -2.891106
-2.8587 -2.913913 -2.830069 -2.841177 -2.838632
-2.871318 -2.811092 -2.836893 -2.787058 -2.835508
-2.877083 -2.783261 -2.918705 -2.855309 -2.885699
-2.869027 -2.900858 -2.831602 -2.868904 -2.840073
-2.819954 -2.837115 -2.87862 -2.891556 -2.79233
-2.898203 -2.888081 -2.919234 -2.845464 -2.775283
-2.812378 -2.881948 -2.878305 -2.818512 -2.940085
-2.812629 -2.840917 -2.847534 -2.910486 -2.886886
-2.792214 -2.84638 -2.889745 -2.858674 -2.896074
-2.92788
