-2.785282 -2.746742 -2.776759 -2.793438 -2.731157
-2.836751 -2.813354 -2.754993 -2.719603 -2.804096
-2.783473 -2.805058 -2.778524 -2.756221 -2.787516
-2.771857 -2.755793 -2.753293 -2.791974 -2.786992
-2.797801 -2.753638 -2.783787 -2.79719 -2.715639
-2.785108 -2.813638 -2.825473 -2.797498 -2.800428
-2.760009 -2.789794 -2.817671 -2.807713 -2.777474
-2.784528 -2.737432 -2.807176 -2.798019 -2.752217
-2.766249 -2.792121 -2.761299 -2.723605 -2.800302
-2.730195 -2.79377 -2.82727 -2.790159 -2.765331
-2.814498 -2.821254 -2.73256 -2.788315 -2.847205
-2.795868 -2.836454 -2.762257 -2.806268 -2.815575
-2.750521 -2.778041 -2.836374 -2.813064 -2.771921
-2.798547 -2.77039 -2.755306 -2.759444 -2.751927
-2.750342 -2.807272 -2.800532 -2.764397 -2.758494
-2.761176 -2.765689 -2.773281 -2.743521 -2.724253
-2.741952 -2.803291 -2.7909 -2.745479 -2.807453
-2.748534 -2.844182 -2.764468 -2.7912 -2.809615
-2.817764 -2.792802 -2.783593 -2.786275 -2.761879
-2.749311 -2.787838 -2.799155 -2.832155 -2.76217
-2.736772 -2.755625 -2.771301 -2.766561 -2.793852
-2.753955 -2.776238 -2.807041 -2.787679 -2.790156
-2.733349 -2.801448 -2.73298 -2.736396 -2.797269
-2.769999 -2.776626 -2.796559 -2.740787 -2.754345
-2.765281 -2.827803 -2.767701 -2.733593 -2.811584
-2.721276 -2.778261 -2.774878 -2.838588 -2.744465
-2.714101 -2.76924 -2.760464 -2.800786 -2.805307
-2.819 -2.839072 -2.814512 -2.804514 -2.747508
-2.799437 -2.750078 -2.761231 -2.749359 -2.780125
-2.828355 -2.773337 -2.807683 -2.804918 -2.811341
-2.819141 -2.762499 -2.74688 -2.800242 -2.776166
-2.768247 -2.810792 -2.77623 -2.804831 -2.780746
-2.751844 -2.809479 -2.779465 -2.739406 -2.784636
-2.794151 -2.802734 -2.773502 -2.786071 -2.764285
-2.754994 -2.727619 -2.807289 -2.768123 -2.765487
-2.775025 -2.785133 -2.806498 -2.787787 -2.781535
-2.776513 -2.765841 -2.801459 -2.761506 -2.824764
-2.770895 -2.798015 -2.772884 -2.765272 -2.808412
-2.786269 -2.805401 -2.760937 -2.786524 -2.776618
-2.781548 -2.830335 -2.783474 -2.747201 -2.813986
-2.738166
