-2.899573 -2.825815 -2.900591 -2.859788 -2.962277
-2.913542 -2.830241 -2.945173 -2.607966 -2.950736
-2.802025 -2.901519 -2.884503 -2.854286 -2.891486
-2.892704 -2.909504 -2.843165 -2.923169 -2.850305
-2.890886 -2.959261 -2.943611 -2.936534 -2.848712
-2.810203 -2.860856 -2.868455 -2.896753 -2.977733
-2.842462 -2.86874 -2.885802 -2.948899 -2.89072
-2.847821 -2.873274 -2.936374 -2.820205 -2.848288
-2.841915 -2.995121 -2.800891 -2.88044 -2.900316
-2.861031 -2.970854 -2.793572 -2.827702 -2.871919
-2.89805 -2.966744 -2.86674 -2.936803 -2.83215
-2.894671 -2.892078 -2.82404 -2.935382 -2.83996
-2.922146 -2.890755 -2.819352 -2.894521 -2.929668
-2.803295 -2.925756 -2.860219 -2.819021 -2.849404
-2.823518 -2.765901 -2.936043 -2.88342 -2.621046
-2.852576 -2.940885 -2.847326 -2.931767 -2.833209
-2.841021 -2.92624 -2.908586 -2.637364 -2.953515
-2.903093 -2.811482 -2.900974 -2.873055 -2.82721
-2.769457 -2.86336 -2.725808 -2.889721 -2.855064
-2.791685 -2.35028 -2.855437 -2.819089 -2.831025
-2.961083 -2.883231 -2.968029 -2.839204 -2.733664
-2.788445 -2.846661 -2.852775 -2.87614 -2.844466
-2.791153 -2.925355 -2.871287 -2.864802 -2.908089
-2.870887 -2.893987 -2.920102 -2.883791 -2.92961
-2.811753 -2.914886 -2.787047 -2.933121 -2.858072
-2.659047 -2.896052 -2.761676 -2.884368 -2.839379
-2.865988 -2.90436 -2.999232 -2.738058 -2.838965
-2.787593 -2.888882 -2.777865 -2.866173 -2.913703
-2.776375 -2.795674 -2.933636 -2.837025 -2.893662
-2.855224 -2.817455 -2.863518 -2.901467 -2.806094
-2.900998 -2.877949 -2.979201 -2.942471 -2.910047
-2.915732 -2.868159 -2.88351 -2.909728 -2.8371
-2.886181 -2.971486 -2.879476 -2.936287 -2.818165
-3.0089 -2.941498 -2.833182 -2.895389 -2.852965
-2.891404 -2.949362 -2.902307 -2.902957 -2.967617
-2.827189 -2.857948 -2.844787 -2.937015 -2.960186
-2.935633 -2.856624 -2.809508 -2.91409 -2.956239
-2.922799 -2.979547 -2.825136 -2.958274 -2.906539
-2.803209 -2.956433 -2.794049 -2.90916 -2.899685
-2.965912 -2.97869 -2.881693 -2.993419 -2.897721
-2.838819
