-2.859129 -2.931353 -2.891 -2.859474 -2.838627
-2.868577 -2.881274 -2.837418 -2.831471 -2.813314
-2.919691 -2.848063 -2.860853 -2.836559 -2.799255
-2.805323 -2.879312 -2.823341 -2.92265 -2.757435
-2.936598 -2.885766 -2.849905 -2.830578 -2.931974
-2.844642 -2.949291 -2.890745 -2.818946 -2.885215
-2.771024 -2.958541 -2.894442 -2.864177 -2.860963
-2.786338 -2.890209 -2.824204 -2.845819 -2.855119
-2.878316 -2.812519 -2.89639 -2.92224 -2.827404
-2.842375 -2.846559 -2.874807 -2.942805 -2.928785
-2.885753 -2.87442 -2.849004 -2.842073 -2.849187
-2.882368 -2.889375 -2.837713 -2.808239 -2.89468
-2.902333 -2.827236 -2.93098 -2.817685 -2.881223
-2.911504 -2.855852 -2.785521 -2.839065 -2.87503
-2.896463 -2.830408 -2.827246 -2.8874 -2.8321
-2.897005 -2.791658 -2.885924 -2.880351 -2.831291
-2.904679 -2.818714 -2.834711 -2.840323 -2.879609
-2.824441 -2.907805 -2.814779 -2.875359 -2.781699
-2.872091 -2.899913 -2.827187 -2.873865 -2.851301
-2.747368 -2.830598 -2.840688 -2.823667 -2.945753
-2.894302 -2.78258 -2.85786 -2.855462 -2.870278
-2.762151 -2.827035 -2.841365 -2.908268 -2.867498
-2.889354 -2.827835 -2.873475 -2.775917 -2.78977
-2.871978 -2.794888 -2.878911 -2.768827 -2.949281
-2.835847 -2.895252 -2.837523 -2.893308 -2.87639
-2.893403 -2.841356 -2.865538 -2.864096 -2.880492
-2.866109 -2.786494 -2.926879 -2.973512 -2.818212
-2.796668 -2.844615 -2.845527 -2.83505 -2.962483
-2.84296 -2.877659 -2.848249 -2.859814 -2.888165
-2.845296 -2.797451 -2.845643 -2.886054 -2.862216
-2.820569 -2.90295 -2.806708 -2.841721 -2.84132
-2.854601 -2.851754 -2.832078 -2.787027 -2.873913
-2.860132 -2.827347 -2.818097 -2.868696 -2.867553
-2.871823 -2.92144 -2.802647 -2.87494 -2.839664
-2.881433 -2.790294 -2.915061 -2.884255 -2.83089
-2.78535 -2.927155 -2.838901 -2.877629 -2.805863
-2.875251 -2.838848 -2.821087 -2.789584 -2.843321
-2.814295 -2.866654 -2.778715 -2.788154 -2.793284
-2.837042 -2.812914 -2.766589 -2.854149 -2.79291
-2.827392 -2.875826 -2.785637 -2.930773 -2.855274
-2.985081
