-2.91304 -2.829654 -2.903521 -2.893749 -2.939376
-2.937395 -2.929919 -2.885996 -2.932075 -2.828704
-2.911545 -2.912753 -2.8898 -2.870225 -2.935956
-2.845181 -2.911256 -2.84488 -2.878376 -2.87675
-2.851612 -2.902954 -2.978477 -2.902051 -2.924167
-2.925679 -2.864546 -2.775721 -2.986542 -2.905563
-2.956229 -2.986465 -2.871558 -2.941215 -2.84192
-2.884025 -2.814379 -2.947831 -2.93862 -2.829104
-2.858837 -2.873488 -2.976744 -2.943195 -2.928344
-2.932665 -2.942283 -2.9075 -2.849283 -2.965831
-2.86398 -2.940734 -2.943639 -2.907542 -2.870465
-2.868363 -2.843757 -2.847363 -2.90991 -2.885919
-2.911975 -3.013757 -2.922072 -2.909845 -2.987373
-2.841148 -2.862512 -2.873886 -2.874358 -2.901235
-2.866242 -2.883483 -2.917821 -2.931073 -2.907571
-2.876696 -2.868084 -2.940754 -2.923698 -2.811466
-2.946639 -2.929186 -2.903696 -2.88949 -2.894924
-2.974567 -2.936731 -2.792722 -2.854174 -2.906655
-2.962843 -2.935299 -2.814305 -2.87015 -2.943992
-2.920698 -2.920296 -2.874033 -3.011096 -2.880712
-2.988199 -2.898946 -2.931582 -2.830123 -2.893951
-2.880452 -2.876137 -2.864683 -2.859871 -2.958174
-2.835541 -2.908231 -2.926515 -2.917629 -2.88948
-2.963162 -2.871155 -2.810869 -2.908488 -2.923428
-2.911399 -2.924732 -2.943588 -2.919716 -2.879563
-2.911697 -2.921433 -2.860118 -2.86769 -2.924269
-2.855273 -2.879353 -2.91369 -2.889187 -2.894725
-2.882251 -2.975962 -2.970587 -2.906628 -2.922693
-2.870113 -2.875023 -2.879535 -2.950711 -2.953018
-2.869233 -2.902499 -2.960177 -2.860493 -2.877111
-2.910611 -2.904683 -2.937803 -2.856547 -2.983437
-2.891341 -2.896383 -2.970322 -2.915981 -2.904152
-2.785359 -2.864159 -2.898031 -2.947527 -2.862582
-2.985607 -2.868197 -2.909292 -2.796223 -2.859976
-2.933732 -2.930494 -2.928848 -2.821372 -2.96423
-2.821893 -2.939474 -2.911707 -2.84002 -2.876442
-2.889693 -2.914747 -2.883269 -2.912066 -2.960391
-2.944933 -2.870542 -2.909951 -2.925477 -2.909261
-2.924653 -2.982398 -2.856179 -2.869019 -2.911766
-2.92059 -2.905908 -2.937738 -2.901386 -2.922855
-2.87645
