-2.907283 -2.872378 -2.935926 -2.934798 -2.826673
-2.892226 -2.915168 -2.926996 -2.875729 -2.941314
-2.898106 -2.894849 -2.953695 -2.960182 -2.890602
-2.920171 -2.915751 -2.870955 -2.91058 -2.814629
-2.95465 -2.881828 -2.867428 -2.97595 -2.962199
-2.867703 -2.923152 -2.918238 -2.905888 -2.900135
-2.909268 -2.905634 -2.828725 -2.847662 -2.885563
-2.924281 -3.009949 -2.895406 -2.910657 -2.863174
-2.867991 -2.868433 -2.889379 -2.974793 -2.867031
-2.921039 -2.887009 -2.902247 -2.873164 -2.88887
-2.933782 -2.936114 -2.847702 -2.837863 -2.928155
-2.956152 -2.893462 -2.937935 -2.957653 -2.885016
-2.871754 -2.811621 -2.8748 -2.873654 -2.917903
-2.887669 -2.913191 -2.95021 -2.930502 -2.956329
-2.904663 -2.903924 -2.968761 -2.900996 -2.976816
-2.864978 -2.880399 -2.93495 -2.925866 -2.8729
-2.922081 -2.861647 -2.848301 -2.969629 -3.003949
-2.926391 -2.881633 -2.98139 -2.958007 -2.839845
-2.928628 -2.899965 -2.887165 -2.932387 -2.886514
-2.898008 -3.015527 -2.872464 -2.932716 -2.92622
-2.883413 -2.951888 -2.918246 -2.91573 -2.892738
-2.913681 -2.931628 -2.870872 -2.947534 -2.841101
-2.893554 -2.915574 -2.931408 -2.858935 -2.856159
-2.9274 -2.944255 -2.942495 -2.921509 -2.917266
-2.930747 -2.875782 -2.92034 -2.961052 -2.903254
-2.974395 -2.86195 -2.899369 -2.911383 -2.871425
-2.94545 -2.912594 -2.932577 -2.819674 -2.950935
-2.929466 -2.876612 -2.982657 -2.847101 -2.890523
-2.928185 -2.844895 -2.921108 -2.911127 -2.91734
-2.93564 -2.8635 -2.915707 -2.937506 -2.900521
-2.893995 -2.886585 -2.855553 -2.935459 -2.850733
-2.96818 -2.908287 -2.879403 -2.938304 -2.915546
-2.868039 -2.925334 -2.914654 -2.946259 -2.955138
-2.872748 -2.934945 -2.955067 -2.901957 -2.904244
-2.880481 -2.74289 -2.935282 -2.928583 -2.919225
-2.90149 -2.946372 -2.872855 -2.892881 -2.971245
-2.931307 -2.90457 -2.876352 -2.912489 -2.885855
-2.844058 -2.906036 -2.908046 -2.924551 -2.967215
-2.936391 -2.894792 -2.903733 -2.966463 -2.887345
-2.869994 -2.898772 -2.964047 -2.976721 -2.946041
-2.973806
