-2.900421 -2.903417 -2.914702 -2.895122 -2.897693
-2.872768 -2.878157 -2.882594 -2.952469 -2.900176
-2.892282 -2.866108 -2.876305 -2.952221 -2.780767
-2.88566 -2.90819 -2.968256 -2.929432 -2.939513
-2.960419 -2.91469 -2.798363 -2.932833 -2.899385
-2.903582 -2.897353 -2.875083 -2.86537 -2.917104
-2.953715 -2.915908 -2.863645 -2.924304 -2.844946
-2.975441 -2.893179 -2.892693 -2.891405 -2.911902
-2.919094 -2.96288 -2.874492 -2.831858 -2.902438
-2.917452 -2.880317 -2.866912 -2.954767 -2.932407
-2.868588 -2.93295 -2.891722 -2.92324 -2.976093
-2.919704 -2.852184 -2.930839 -2.96708 -2.88912
-2.811342 -2.809038 -2.908772 -2.922444 -2.819899
-2.876442 -2.956277 -2.847104 -2.930597 -2.904053
-2.929326 -2.873697 -2.900952 -2.837528 -2.884357
-2.79475 -2.895179 -2.868685 -2.874071 -2.921679
-2.870903 -2.958167 -2.961802 -2.942379 -2.964184
-2.979486 -2.901046 -2.824364 -2.917976 -2.899789
-2.958253 -2.851144 -2.908692 -2.920252 -2.809271
-2.842086 -2.915959 -2.865543 -2.960886 -2.892952
-2.861801 -2.979975 -2.873213 -2.912202 -2.806968
-2.971124 -2.874281 -2.851979 -2.914475 -2.866909
-2.847129 -2.880716 -2.820395 -2.910344 -2.864154
-2.885771 -2.943751 -2.898267 -2.970754 -2.819702
-2.95643 -2.956839 -2.819909 -2.894042 -2.928232
-2.793281 -2.923585 -2.952207 -2.899335 -2.884643
-2.837475 -2.789535 -2.775728 -2.84752 -2.858833
-2.902293 -2.769854 -2.872033 -2.915657 -2.987442
-2.82509 -2.756207 -2.879383 -2.886345 -2.886035
-2.889004 -2.975683 -2.845202 -2.8871 -2.828735
-2.982761 -2.798955 -2.925419 -2.992626 -2.860821
-2.880349 -2.860911 -2.807127 -2.874177 -2.965596
-2.885622 -2.984957 -2.825252 -2.833659 -2.915711
-2.826777 -2.861657 -2.897963 -2.886173 -2.881017
-2.915965 -2.80184 -2.88014 -2.864055 -2.974586
-2.917943 -2.94197 -2.887739 -2.913872 -2.907838
-2.922967 -2.915092 -2.966065 -2.916962 -2.823249
-2.960879 -2.838092 -2.935925 -2.878416 -2.919183
-2.845982 -2.919747 -2.97315 -2.890408 -2.96023
-2.950524 -2.89811 -2.912799 -2.895291 -2.942113
-2.945232
