0.03746511 0.0257168 0.0397096 0.0357765 0.03638121
0.03296722 0.04153591 0.03677299 0.03114044 0.03698247
0.0450868 0.04540501 0.04064918 0.03444458 0.04154586
0.04310662 0.04279335 0.03193965 0.03733504 0.02569452
0.03373721 0.02875283 0.04231332 0.03349696 0.04501875
0.03775569 0.03700878 0.03366084 0.03645277 0.03731613
0.03818438 0.03650432 0.0446665 0.03786488 0.0414562
0.03355916 0.03426753 0.0419282 0.03811585 0.03977698
0.03703842 0.04424481 0.03039556 0.03278726 0.03632508
0.04623167 0.04081669 0.0355686 0.04469512 0.03533148
0.04385344 0.04282427 0.03737338 0.02686581 0.04119338
0.0395666 0.03836149 0.0420472 0.03875609 0.03890077
0.03420213 0.03772649 0.03847348 0.036525 0.0416076
0.04102427 0.03672694 0.03630367 0.03934048 0.03588011
0.04441617 0.03783709 0.04073465 0.03376326 0.04754796
0.0336232 0.02969697 0.03856837 0.04248954 0.03442999
0.03370136 0.03026807 0.04121947 0.0306088 0.0336674
0.03372329 0.03809539 0.04197781 0.03433818 0.03901219
0.03522859 0.02885778 0.0380736 0.04026814 0.03851006
0.04288361 0.03733156 0.03303987 0.04064992 0.03452361
0.03739883 0.05242332 0.04082017 0.03882634 0.03797135
0.02804994 0.04194252 0.03186143 0.04571588 0.03609611
0.04122324 0.04053178 0.03793658 0.03310825 0.04006241
0.03582164 0.04109917 0.03066739 0.04265888 0.04039002
0.03584237 0.04443862 0.03798731 0.03771255 0.04405594
0.03918173 0.04191894 0.03973152 0.04168808 0.03768556
0.04901102 0.04780451 0.03664865 0.03936989 0.04086893
0.03566412 0.03436214 0.0323151 0.04024498 0.04015935
0.02811077 0.03921123 0.03491308 0.04843918 0.06387343
0.03760561 0.04001858 0.0345202 0.03953834 0.03635049
0.03883334 0.03883571 0.03830911 0.03172166 0.03246868
0.04107593 0.03491562 0.03842096 0.03279567 0.03450183
0.03417485 0.03822634 0.03427553 0.03837598 0.03590504
0.04336183 0.03374551 0.03245657 0.0392234 0.04133802
0.04070152 0.04182279 0.03786332 0.04934119 0.0338998
0.03731612 0.04158487 0.03942828 0.03444433 0.03005165
0.0393299 0.03624665 0.03207824 0.04108577 0.03308483
0.04178572 0.03007733 0.03513077 0.0348416 0.03495888
0.02294958 0.04273435 0.03522181 0.05725559 0.04061883
0.03458573 0.04935098 0.0403343 0.03942773 0.03662292
0.03602907 0.02648471
