0.04155925 0.02605183 0.04072522 0.04398614 0.04588293
0.04633689 0.03387945 0.03657871 0.03642639 0.04253019
0.03973931 0.04678223 0.04244473 0.03308263 0.03544725
0.04165023 0.04780727 0.0416844 0.04043564 0.04348102
0.04714382 0.04236394 0.04104145 0.03840639 0.04521573
0.04118622 0.0409624 0.04339526 0.04023817 0.04863088
0.04177998 0.04551602 0.04070772 0.03958334 0.04542067
0.04280906 0.037546 0.04214507 0.0465906 0.0440366
0.03842308 0.03715908 0.0426174 0.03804487 0.04869944
0.04448855 0.04087507 0.04144575 0.04767439 0.03964932
0.03995837 0.04563205 0.0360631 0.04301353 0.0418143
0.03644219 0.04148191 0.0399544 0.03966286 0.04098632
0.03907181 0.04261333 0.041207 0.04160125 0.04310613
0.03859946 0.04132963 0.0454975 0.04006781 0.04119139
0.0366443 0.04392012 0.04128156 0.04223931 0.04020473
0.04134532 0.04177781 0.03637853 0.04078891 0.0401872
0.04465337 0.03407087 0.03697212 0.04051836 0.04491007
0.04424673 0.03799005 0.03667598 0.03749924 0.03879885
0.04189171 0.04006284 0.04401764 0.04472326 0.04270003
0.03898102 0.03575151 0.044438 0.0454588 0.0432085
0.04282116 0.04435369 0.04464328 0.04702622 0.04310429
0.0396912 0.04066344 0.0398208 0.04412289 0.03657942
0.03659047 0.04758939 0.04798251 0.04196756 0.04109992
0.04530159 0.04350521 0.04666177 0.04177558 0.04394627
0.04533029 0.04285978 0.04166889 0.04424351 0.03873589
0.04393994 0.03944648 0.03547646 0.03998173 0.03885472
0.04582966 0.03949547 0.04431138 0.03999822 0.04176436
0.03888248 0.04060309 0.04112372 0.0390747 0.04831125
0.04174533 0.04495191 0.04583821 0.03885001 0.04244528
0.04093523 0.04844023 0.04671877 0.04211387 0.04429694
0.04616914 0.04288607 0.04302763 0.03945665 0.0411896
0.03766086 0.04588876 0.03688651 0.04142843 0.04707352
0.04389811 0.04202367 0.04542761 0.04026484 0.03941802
0.04081358 0.04173179 0.0436495 0.04218036 0.04481707
0.04987952 0.04040499 0.04417217 0.04088278 0.0382381
0.03774086 0.04226722 0.03851607 0.0455598 0.03813183
0.04209755 0.04883783 0.04238187 0.04525467 0.03606263
0.0442484 0.04008078 0.04211244 0.04095488 0.04584374
0.03731266 0.0388521 0.04065713 0.03585056 0.03909349
0.04327445 0.04128644 0.04080284 0.04227466 0.03588734
0.0477397 0.04315496
