0.04065382 0.02691259 0.04199185 0.0416665 0.03767068
0.03995843 0.04227362 0.0423142 0.04205958 0.03915272
0.03871926 0.04036856 0.04203114 0.03847011 0.03875677
0.03971111 0.03342798 0.04291062 0.04298227 0.04680238
0.03917239 0.03781954 0.03609156 0.04146813 0.04689227
0.03905936 0.04225586 0.03502274 0.03840321 0.0410116
0.04520282 0.03985013 0.03680647 0.04278889 0.03860415
0.04239451 0.03954474 0.04057258 0.03767519 0.0368187
0.03893073 0.04345251 0.04234305 0.03904766 0.03643191
0.03904851 0.04264955 0.03642577 0.04248417 0.03555771
0.04248479 0.03188076 0.03674209 0.03760906 0.03499564
0.0414036 0.04187893 0.04120881 0.03775239 0.03865417
0.04122762 0.04192616 0.04110819 0.03912315 0.03940114
0.04378335 0.04470395 0.04117998 0.03408091 0.03866696
0.04333605 0.0409265 0.04071278 0.03554359 0.03853179
0.03847898 0.04157253 0.04034102 0.04001756 0.04020824
0.04487027 0.04172112 0.04370501 0.04031884 0.03753826
0.04114638 0.0462409 0.04187821 0.0379122 0.0373622
0.04063669 0.04215798 0.03952499 0.04172317 0.04375691
0.03939972 0.03861953 0.03643857 0.03777753 0.04062925
0.04140218 0.04591164 0.03812913 0.03838425 0.04399536
0.04258294 0.03981313 0.04490305 0.03651703 0.03968484
0.04236749 0.04085313 0.03603243 0.04409026 0.03983416
0.03873465 0.03519601 0.03893208 0.04014227 0.0425576
0.04520818 0.03990577 0.04458982 0.04172039 0.04298047
0.03955295 0.03856001 0.04341014 0.04621271 0.03976648
0.03909612 0.04210716 0.04045945 0.03845789 0.04221278
0.0394136 0.04030932 0.04060219 0.03804245 0.03709838
0.03733539 0.04176498 0.04198216 0.04093024 0.0375221
0.04285928 0.04384532 0.04552665 0.04408228 0.04242524
0.04209306 0.03959663 0.03571784 0.03493035 0.03446586
0.03737926 0.04158717 0.04333774 0.0392955 0.04255371
0.0412282 0.03722852 0.03682818 0.04146762 0.040225
0.04026244 0.03694904 0.0394349 0.03951583 0.04261771
0.04218657 0.04380679 0.03919079 0.04298536 0.04472528
0.04525468 0.04172149 0.03884329 0.03789763 0.04114643
0.03612751 0.03724073 0.03725642 0.03673832 0.03682737
0.03684023 0.04040359 0.03663388 0.04183674 0.04072978
0.03310615 0.04314973 0.03965766 0.04409086 0.03833782
0.04413285 0.04357077 0.04104167 0.03800586 0.04164203
0.04125463 0.03738718
