0.03871753 0.02506827 0.03825178 0.04033591 0.04284269
0.04086557 0.03946544 0.03589388 0.04084837 0.03327274
0.03747919 0.03858877 0.04109275 0.03817555 0.03602284
0.03995002 0.04063035 0.03993142 0.03844003 0.03533065
0.03572993 0.03454311 0.03696976 0.03408119 0.0423017
0.03456816 0.04094679 0.04866162 0.0327573 0.03863219
0.03889489 0.03873574 0.03954644 0.03621966 0.03251623
0.03298484 0.04339502 0.04292166 0.03665711 0.02865261
0.03977609 0.02971466 0.0379494 0.03175904 0.04081657
0.03877222 0.04110788 0.03523738 0.04416718 0.03285039
0.03871025 0.0393492 0.0361573 0.03328677 0.03630676
0.03430929 0.03602111 0.03443192 0.03431309 0.04061289
0.04345474 0.03532682 0.04021876 0.03881937 0.03560722
0.04250403 0.03379489 0.03925964 0.0383232 0.03348783
0.0368692 0.03595795 0.02820901 0.04040544 0.03647866
0.0451342 0.03625781 0.03875833 0.0397745 0.0391144
0.04057567 0.04021263 0.03634018 0.04996018 0.03398146
0.04379514 0.04231296 0.03696692 0.04502093 0.03594089
0.02928764 0.04016107 0.03863489 0.03943179 0.04196214
0.04281667 0.03388979 0.04155678 0.03754899 0.04599318
0.03956695 0.0362881 0.04212034 0.03514265 0.03525186
0.03965743 0.03900903 0.03522267 0.02700505 0.03721952
0.04061564 0.03824114 0.02938081 0.03516357 0.03866432
0.04212268 0.03841708 0.03754845 0.03477905 0.03449762
0.03291534 0.03854672 0.03861649 0.03281932 0.04082893
0.03398639 0.03555579 0.04130025 0.04811878 0.03983322
0.0374996 0.03611584 0.03633938 0.03364917 0.03427003
0.03158782 0.03569066 0.0364744 0.03567215 0.04093775
0.03348254 0.03452311 0.04026616 0.04209048 0.03027934
0.03565369 0.03392552 0.03019903 0.04502943 0.03751482
0.03579732 0.03897813 0.03278866 0.03232651 0.0302428
0.03188754 0.03781084 0.03132424 0.03766058 0.03661784
0.03792924 0.04164211 0.03639772 0.03085565 0.03998996
0.03397445 0.03629578 0.03731793 0.02892862 0.03493048
0.03421588 0.03365525 0.04063751 0.04024371 0.04059755
0.03742916 0.03866584 0.04264079 0.03346888 0.04267889
0.04402764 0.03523734 0.03218038 0.03652339 0.03580052
0.03758641 0.03513893 0.03511848 0.03520611 0.03478107
0.03927396 0.04030217 0.03849704 0.03529496 0.03553981
0.04028328 0.03448955 0.03810264 0.0439439 0.02580306
0.03869298 0.03786442
