0.03998742 0.02603291 0.04027106 0.04071949 0.03796258
0.03869902 0.0387353 0.0334437 0.04299497 0.03633267
0.03697175 0.03942589 0.03860125 0.04715179 0.04558013
0.03677986 0.0398963 0.03783435 0.03775172 0.03817573
0.03637279 0.04484218 0.04164838 0.04433354 0.0432753
0.03264079 0.04005633 0.03742329 0.03800784 0.04141463
0.0390846 0.03944073 0.04191598 0.04074845 0.03601639
0.03825644 0.04174782 0.04453132 0.03817027 0.03531876
0.03798818 0.04287938 0.03549676 0.04352369 0.03752447
0.04423634 0.0384474 0.03530187 0.03848516 0.04653406
0.03768084 0.03696999 0.0392697 0.03857726 0.03757691
0.03815585 0.03665397 0.04742751 0.04153446 0.04033741
0.04254283 0.04174438 0.04703092 0.04416344 0.04195489
0.03995237 0.04504655 0.04206134 0.04598073 0.03565984
0.03632028 0.04147751 0.03627539 0.03691398 0.03865133
0.04188063 0.04277955 0.04345099 0.04185722 0.03984706
0.03931878 0.03518855 0.03929741 0.0374256 0.03858993
0.04601016 0.04457696 0.03968763 0.03632612 0.03945542
0.03709381 0.03846633 0.03700877 0.0358923 0.0359704
0.03747087 0.04230086 0.03684514 0.04672302 0.04249333
0.04717537 0.03957531 0.03789406 0.04070767 0.04103276
0.04619228 0.04321703 0.03962935 0.04302959 0.04248398
0.0425447 0.03461176 0.03916566 0.03917502 0.03484599
0.03391223 0.04416098 0.03968725 0.04643733 0.03948281
0.03383088 0.03585075 0.04028421 0.04028321 0.03821442
0.03759408 0.03718331 0.03670954 0.04017835 0.03584212
0.04110254 0.03883408 0.03951919 0.03722349 0.03899655
0.03973916 0.04644327 0.03645556 0.0522699 0.0437031
0.03717059 0.03893488 0.0383778 0.04290207 0.04268881
0.03747657 0.04143942 0.03491828 0.04045632 0.04023461
0.03586093 0.05275485 0.04473521 0.03470915 0.04434617
0.03858778 0.03855496 0.03807466 0.03739344 0.03740053
0.03831403 0.03502098 0.04182004 0.04133269 0.04077539
0.04568701 0.04359715 0.03977291 0.03954332 0.04821981
0.04110831 0.04396287 0.03995762 0.04380018 0.03273202
0.04082843 0.04179854 0.03764524 0.03808744 0.04299094
0.0394827 0.04227883 0.03888579 0.04505924 0.03914614
0.03979529 0.03982817 0.03902873 0.0398351 0.04094674
0.0421501 0.04290151 0.04202883 0.0437477 0.03666216
0.03731549 0.04436336 0.04039306 0.04501662 0.03549786
0.03590894 0.03656261
