0.04022409 0.02668282 0.0327277 0.03721945 0.03482111
0.03514844 0.03158321 0.04673746 0.03999732 0.04366293
0.04260167 0.04538685 0.03891427 0.04800812 0.04376594
0.04013721 0.03999379 0.0422571 0.03919338 0.04397359
0.03916825 0.04466939 0.04117245 0.03930134 0.04142233
0.04266071 0.04239981 0.04152838 0.04117982 0.03767726
0.03551323 0.03364369 0.04399967 0.04136987 0.04060189
0.04249731 0.03746975 0.04193489 0.04313804 0.04359648
0.03712071 0.04261638 0.04458129 0.04276024 0.04401477
0.03907125 0.04206844 0.04302155 0.03750931 0.04325327
0.03543367 0.05234717 0.03970478 0.039814 0.03409823
0.0379578 0.03640444 0.04930579 0.0343631 0.03573397
0.04268617 0.03384625 0.03497478 0.04121756 0.04288655
0.03894025 0.03897095 0.03802199 0.0371488 0.04120834
0.0422106 0.03762455 0.03785755 0.03563859 0.04523778
0.03678634 0.0406931 0.04169997 0.0425652 0.03871318
0.04073674 0.03643932 0.03009355 0.04073484 0.03851744
0.04277643 0.0368988 0.0406235 0.04153244 0.03464144
0.04324536 0.03774322 0.04371402 0.03491796 0.04051139
0.05055584 0.03472801 0.04086278 0.04498568 0.03609692
0.04613346 0.04098812 0.03263987 0.03933961 0.04591288
0.03887939 0.04134969 0.03429972 0.03243282 0.0478132
0.04129378 0.04044237 0.03965733 0.03898173 0.04410865
0.04719347 0.04524316 0.04444212 0.03536584 0.04463713
0.03620861 0.04722826 0.04206201 0.0505116 0.03336261
0.03715401 0.05180499 0.04968899 0.04427335 0.03732675
0.04469952 0.03910753 0.03876114 0.03752989 0.04774629
0.04228396 0.03511087 0.04321434 0.03219028 0.03672421
0.03867362 0.04177015 0.03807357 0.04632998 0.03628764
0.05327061 0.03971524 0.04055249 0.0383627 0.04533273
0.04083353 0.03890555 0.04346802 0.03675855 0.03595894
0.04239048 0.03681198 0.05352057 0.03920368 0.03725225
0.03559812 0.04011468 0.03991527 0.04506817 0.03714387
0.03562118 0.04295456 0.04167795 0.06139176 0.03873312
0.05125966 0.04132442 0.03639295 0.03614934 0.03705327
0.02946286 0.04221445 0.0494363 0.04489916 0.04066222
0.0386943 0.04043139 0.03640786 0.03945927 0.03649252
0.04108846 0.0391487 0.03546325 0.03962414 0.0451795
0.04085247 0.0444764 0.04926117 0.04515326 0.04574234
0.03354933 0.03418866 0.04305005 0.03534251 0.04107565
0.04516875 0.0389184
