0.03548763 0.02486309 0.04683088 0.03586748 0.03082199
0.03922915 0.03425 0.03227069 0.03057509 0.03911168
0.03133212 0.03569419 0.05169202 0.04212498 0.03661029
0.03978567 0.02800103 0.0358666 0.03439768 0.0368842
0.03715306 0.03567481 0.03218868 0.0346875 0.05539295
0.03192479 0.03505084 0.03471116 0.03029369 0.03590769
0.05608565 0.03217385 0.03860388 0.03268143 0.03780925
0.03659424 0.05575363 0.03569337 0.03398605 0.03689022
0.03322344 0.03946157 0.03724565 0.03442727 0.03747043
0.03377902 0.03897884 0.03399504 0.03285503 0.03735364
0.03555799 0.03679743 0.03806822 0.03288009 0.03888788
0.03275909 0.03072068 0.04717673 0.03458878 0.03582724
0.03421146 0.04043198 0.03296427 0.03561791 0.03338668
0.0389128 0.03687856 0.03352763 0.04056977 0.03935695
0.04189045 0.03332402 0.03463978 0.03715643 0.03183431
0.02989491 0.03429485 0.03200609 0.03569654 0.02840796
0.03711739 0.03301453 0.03615512 0.03576889 0.03270996
0.02833583 0.03790628 0.03466887 0.04154087 0.04716769
0.03163805 0.03651275 0.03183042 0.03747345 0.03123434
0.03795691 0.03625328 0.03575658 0.03336776 0.03717492
0.03333382 0.03492104 0.02822082 0.04158021 0.03088705
0.03540325 0.03274034 0.03965543 0.03454698 0.03476036
0.05947253 0.03841804 0.03265539 0.03472344 0.03488502
0.03780181 0.03441445 0.03647972 0.03938753 0.03171502
0.03466061 0.04321121 0.03641029 0.03632155 0.05310924
0.03274444 0.03585763 0.03410298 0.0311468 0.03358229
0.03454566 0.03569745 0.03578892 0.03689944 0.03587324
0.0326829 0.03211454 0.03272076 0.03669766 0.03499675
0.03803222 0.04015584 0.03316515 0.03535023 0.03315434
0.0339977 0.03936598 0.03534481 0.03703714 0.03077212
0.03642953 0.03395324 0.04203855 0.03981395 0.03504365
0.04923478 0.03553442 0.03229918 0.03810511 0.0415157
0.03412891 0.04036947 0.03237712 0.03369855 0.03491337
0.03308512 0.03600044 0.03594808 0.03021462 0.03801142
0.03718244 0.03721608 0.03757945 0.03326605 0.03045914
0.03882735 0.03064547 0.03324814 0.0372196 0.03296798
0.03528675 0.03213006 0.03240299 0.03420195 0.03078504
0.03344943 0.03841787 0.0374368 0.03613172 0.03532588
0.03629317 0.04688922 0.03285159 0.03538543 0.03452211
0.04111542 0.03553915 0.04139096 0.03240907 0.03092651
0.03684835 0.03386752
