0.04075966 0.02695759 0.03685501 0.04096709 0.04386269
0.03892769 0.04157632 0.03824609 0.03797118 0.03919137
0.0441923 0.04010088 0.04416554 0.03750436 0.03915528
0.04327223 0.03353492 0.04023745 0.04121057 0.03682541
0.0372671 0.04312243 0.03397365 0.04251901 0.0466917
0.03900594 0.0448561 0.04218906 0.03847617 0.04152441
0.04503122 0.03801601 0.04228602 0.0444321 0.03900311
0.0428951 0.03842735 0.04263659 0.03762712 0.03570432
0.04125491 0.04146273 0.04009253 0.04095672 0.04584034
0.0410783 0.04196182 0.04581779 0.03868724 0.03692993
0.03511014 0.03972529 0.04203256 0.04278631 0.043358
0.03660872 0.04276625 0.03229607 0.03896476 0.03383643
0.03955367 0.04065318 0.04156756 0.03688861 0.0426435
0.04056616 0.04194443 0.04184462 0.03133882 0.03763589
0.04606358 0.04032375 0.03858942 0.03781819 0.04729453
0.04060123 0.04361767 0.04115952 0.04005635 0.03571235
0.03876989 0.04491418 0.04506932 0.0385964 0.04367947
0.03716257 0.04269167 0.04645118 0.03720312 0.04005276
0.04122248 0.03837686 0.03378997 0.04053512 0.04196274
0.04000322 0.04117465 0.03607188 0.04225338 0.04377964
0.04494959 0.03374208 0.03995793 0.03689333 0.04853627
0.03780644 0.03851843 0.04008095 0.0438281 0.03842207
0.03789597 0.0387014 0.04122094 0.04259076 0.03912773
0.03330744 0.04732485 0.04192159 0.0407421 0.0386683
0.03385329 0.03845569 0.03986622 0.04665815 0.04182587
0.0348693 0.03813238 0.03857051 0.03956839 0.04380974
0.03806051 0.04071457 0.03927294 0.04181004 0.04214305
0.03224245 0.03698002 0.03777907 0.04059795 0.04217472
0.04277466 0.04358542 0.03730138 0.03778383 0.03547463
0.04256116 0.03681355 0.04016014 0.03812773 0.03850174
0.04724733 0.03867552 0.04034889 0.03936919 0.04774884
0.04225122 0.03859917 0.03603481 0.04125488 0.04288145
0.04063458 0.03717433 0.0436184 0.04016827 0.03883927
0.03702657 0.03235407 0.04039321 0.04099131 0.03847221
0.03441268 0.04481356 0.04278711 0.03716716 0.03689842
0.04278242 0.03599155 0.04523937 0.03739113 0.03941556
0.03784635 0.04415681 0.03394969 0.0387305 0.03912214
0.03704853 0.03718348 0.03622616 0.03964862 0.03929678
0.04131939 0.03792184 0.0409237 0.03938105 0.03974883
0.0394858 0.04519463 0.04421474 0.03683895 0.0391393
0.0441915 0.04239764
