0.03933638 0.02675735 0.03713073 0.0399655 0.03916388
0.03992486 0.03874449 0.04310434 0.04106677 0.03865863
0.03697123 0.04049526 0.04472254 0.0346685 0.0421655
0.0417947 0.03800438 0.04035073 0.03672938 0.04038053
0.04367849 0.03664294 0.03877438 0.0403593 0.04337628
0.04250441 0.03805875 0.04314264 0.04642596 0.0389946
0.0366594 0.04287863 0.04058843 0.04181264 0.03813053
0.03462572 0.04882092 0.03752101 0.03950876 0.03698188
0.03578979 0.04348189 0.03702397 0.04159377 0.03924989
0.0426586 0.04035577 0.03547374 0.04022751 0.03982624
0.04408644 0.03707898 0.03828797 0.04303826 0.04143979
0.03756746 0.03999392 0.04099466 0.04082159 0.03589971
0.04252343 0.03688052 0.04492224 0.04113695 0.04019325
0.03741613 0.03930234 0.03471029 0.04046935 0.04215491
0.04361273 0.04547265 0.0353618 0.03663225 0.04286191
0.04130417 0.04180536 0.03735825 0.03563053 0.03902948
0.04509008 0.04484039 0.04373797 0.04165124 0.04232832
0.0356774 0.03801433 0.03762579 0.04010954 0.0459499
0.03664705 0.03862665 0.03798492 0.04303431 0.04146289
0.03779445 0.04429291 0.04618859 0.03777616 0.03856205
0.03945986 0.04032718 0.04185636 0.04057601 0.0351999
0.03520443 0.04681935 0.04034684 0.04314411 0.03884899
0.04134166 0.04207619 0.04357591 0.03724223 0.04065767
0.04203027 0.04159807 0.04283598 0.04130722 0.04118876
0.0402067 0.03981834 0.03900447 0.03447914 0.03556756
0.04246977 0.04468786 0.03966427 0.04242931 0.04859804
0.03826707 0.03823263 0.03890085 0.03472671 0.03931309
0.0384897 0.03810197 0.04308306 0.04032864 0.0387486
0.03575071 0.04077429 0.04145618 0.03593473 0.04287599
0.04038808 0.04042001 0.04377285 0.04369857 0.0375597
0.0332045 0.0389627 0.04124079 0.0432555 0.0393943
0.04070454 0.03817995 0.0416742 0.04112518 0.03846392
0.03920007 0.03931974 0.04374078 0.04376077 0.03898899
0.04544152 0.04507769 0.038952 0.04282405 0.03738614
0.04419291 0.04053917 0.04024381 0.03961043 0.04131876
0.04636962 0.04154572 0.04077417 0.03825483 0.04130416
0.03682486 0.04842503 0.04088759 0.0402785 0.04169048
0.04303552 0.04107914 0.04296889 0.03345385 0.0425428
0.04315023 0.041486 0.04019747 0.03863879 0.04081766
0.04075098 0.03855987 0.04058852 0.03777869 0.0358733
0.03499357 0.03893617
