0.04102534 0.02740374 0.04191336 0.04448655 0.036827
0.0417469 0.04183486 0.04406122 0.04305562 0.04194776
0.03912968 0.03731527 0.03960128 0.03659532 0.03816313
0.04199116 0.04299808 0.04028664 0.04661883 0.04013385
0.04282239 0.03820693 0.04703166 0.03796162 0.03878681
0.03847164 0.03748451 0.03586094 0.0429526 0.03999775
0.03828398 0.03658218 0.03498532 0.03940828 0.04487085
0.04079407 0.03667852 0.03703201 0.04457783 0.03992226
0.04190158 0.0365063 0.03900736 0.04035801 0.04203827
0.03742466 0.0425644 0.04142825 0.0371225 0.03692766
0.03939178 0.03897763 0.0424466 0.04002333 0.03855178
0.04619545 0.04016784 0.04294306 0.04102232 0.03894084
0.04142307 0.03808779 0.03909964 0.0467812 0.0414405
0.03262633 0.04344803 0.04341336 0.03949021 0.04055095
0.04327446 0.04514303 0.04048498 0.04204263 0.03872306
0.04618924 0.04290436 0.04060282 0.04013513 0.04142486
0.03804528 0.04181214 0.03812432 0.03973267 0.0422641
0.03705964 0.03861087 0.04372418 0.04039295 0.04534561
0.04222347 0.04118097 0.03833782 0.03576569 0.041397
0.03997061 0.04446459 0.04658792 0.04010323 0.0450432
0.03904992 0.03934964 0.03734667 0.04085472 0.0383585
0.041213 0.04165232 0.04111819 0.04003533 0.04307912
0.04142054 0.03781666 0.04266199 0.04017966 0.04287842
0.0400935 0.04016956 0.03809216 0.0378384 0.04321419
0.04112023 0.04154484 0.03785184 0.04250101 0.04317876
0.04392252 0.03999833 0.0425335 0.03849988 0.04390571
0.0378094 0.04176616 0.03580091 0.04330928 0.04274869
0.03597798 0.04139305 0.04353681 0.04180398 0.04541451
0.03892476 0.04343156 0.04093289 0.03918995 0.04699524
0.04309297 0.04152432 0.0383756 0.04310332 0.03495346
0.03932593 0.03715311 0.04116757 0.04072964 0.03855659
0.03627432 0.04070402 0.03935671 0.03652845 0.04049896
0.04210293 0.03686003 0.04005098 0.03961231 0.04056509
0.03869163 0.03887036 0.04012548 0.04160954 0.03717241
0.04135094 0.04540022 0.04120399 0.04207177 0.03872002
0.03995789 0.04332775 0.04312903 0.03833802 0.03934018
0.04138789 0.04010982 0.04329728 0.04429766 0.03921786
0.03777683 0.04146458 0.04057015 0.04135101 0.04154777
0.03943353 0.04134572 0.03504311 0.03743588 0.03862453
0.04328005 0.04260555 0.0476528 0.04417361 0.04277311
0.03793601 0.050075
