0.03699298 0.02724603 0.03839119 0.1459871 0.03898581
0.03602287 0.1629761 0.03762713 0.03942386 0.04260037
0.06802042 0.04621345 0.04328277 0.0420475 0.04424499
0.04207162 0.1353614 0.03647517 0.1595968 0.03847935
0.03776299 0.0364787 0.0930856 0.04215617 0.03495901
0.04126862 0.03838788 0.0371932 0.1091502 0.03801629
0.02932294 0.05668078 0.07972508 0.035408 0.07250221
0.03993058 0.03433255 0.04233372 0.1584129 0.04010479
0.1659046 0.03794672 0.03397108 0.2067064 0.05063836
0.0506853 0.07874288 0.1151971 0.02990491 0.04077881
0.04407145 0.09343913 0.1135789 0.0432299 0.1519484
0.03999802 0.04635935 0.03906935 0.1905153 0.1903774
0.03269683 0.04729527 0.04147298 0.06022193 0.03720853
0.04073896 0.04182216 0.03563521 0.03349565 0.03443968
0.03821173 0.09758997 0.03399384 0.03510171 0.03054694
0.03775022 0.03594977 0.04749281 0.07234931 0.03410409
0.0345137 0.03797058 0.04082832 0.03818231 0.0415837
0.03950417 0.03267451 0.07433006 0.03424033 0.03912713
0.103762 0.03846337 0.03711122 0.0413755 0.125327
0.128241 0.03694225 0.04074239 0.04065887 0.1225939
0.03497483 0.04060549 0.05732424 0.03207947 0.04184442
0.04093459 0.03801954 0.08218057 0.06716773 0.03704125
0.0401017 0.03583736 0.03935745 0.04130741 0.1599593
0.03810194 0.04071834 0.03392955 0.03915129 0.0347929
0.150591 0.03460583 0.03514585 0.0388332 0.03709512
0.037294 0.06517984 0.03881569 0.03890503 0.05143252
0.04233628 0.07033522 0.04158968 0.03591377 0.0540242
0.09623489 0.02961178 0.03648033 0.1303666 0.03596848
0.03154799 0.03952935 0.03481092 0.03366876 0.1700609
0.03772076 0.04122842 0.04192781 0.02910706 0.03955128
0.03778855 0.03657624 0.0349099 0.09316266 0.06167025
0.04114087 0.03893334 0.06014611 0.03402069 0.05760771
0.1765416 0.03459439 0.03764212 0.03699454 0.05374902
0.13649 0.03609677 0.07528585 0.04616665 0.03754013
0.03582025 0.03658066 0.08832821 0.04357155 0.145701
0.03968714 0.05516474 0.1562381 0.04413248 0.0387504
0.1201397 0.03941342 0.03825979 0.05606751 0.08653373
0.1061604 0.0412436 0.06363579 0.03989851 0.2114452
0.04084721 0.1075093 0.03219845 0.05332177 0.04531356
0.03841112 0.03841216 0.1612038 0.04492873 0.07903074
0.03723058 0.05934033
