0.04136983 0.02609371 0.0412177 0.04149712 0.03864466
0.04346661 0.03920993 0.04036161 0.03904855 0.04181741
0.04587173 0.04007931 0.04566886 0.04060505 0.04494292
0.04072942 0.03901844 0.04259826 0.03760396 0.03400954
0.04153815 0.0513074 0.03593138 0.03948392 0.04268725
0.04009819 0.04179446 0.04028101 0.04161635 0.04126423
0.03859511 0.03864179 0.04105281 0.03621102 0.04262358
0.03995799 0.04003571 0.04626552 0.04197922 0.03919848
0.03979929 0.04554683 0.04014543 0.04591587 0.04273798
0.04185779 0.04677519 0.03612229 0.04857917 0.03465725
0.04070903 0.03958996 0.04457732 0.04133393 0.03718763
0.0446189 0.0455513 0.03896714 0.04149077 0.0443042
0.04210585 0.04403639 0.03714114 0.04228348 0.03963411
0.04329905 0.04144869 0.03823679 0.04369373 0.03750696
0.04988844 0.03947153 0.03377966 0.04082119 0.03739215
0.03584784 0.03584838 0.03974722 0.04268853 0.03771541
0.03947913 0.04460124 0.03863487 0.03890286 0.0462973
0.03718828 0.03991489 0.05186204 0.04418562 0.04220927
0.0440098 0.04030045 0.05074792 0.0398759 0.03517599
0.03727723 0.04312676 0.04437047 0.04538295 0.04109687
0.03710901 0.04305005 0.04205924 0.03339048 0.0423979
0.03377393 0.0401759 0.04107482 0.04323869 0.04395945
0.03374123 0.040306 0.0410423 0.04117085 0.0341574
0.04125039 0.03965668 0.04425106 0.04580009 0.04010229
0.04085194 0.04289904 0.04254077 0.03933393 0.04161395
0.04389803 0.03877847 0.04287768 0.04087014 0.04142202
0.05139211 0.03986986 0.0363116 0.04270805 0.04036462
0.03089361 0.04526598 0.04563055 0.04168895 0.03364945
0.04465678 0.03866684 0.05078424 0.03837639 0.03865625
0.04375601 0.04600952 0.04301009 0.04506657 0.04281727
0.03658977 0.04390736 0.05191768 0.03847879 0.04017977
0.04146366 0.039473 0.0337606 0.03763075 0.04254405
0.03935038 0.03943788 0.04530241 0.03468324 0.04520679
0.0351064 0.03692179 0.04313301 0.03686057 0.03789924
0.03378523 0.04366326 0.03998977 0.03770993 0.03685587
0.04979891 0.03360984 0.04255257 0.03939935 0.04241451
0.03667682 0.03535738 0.04284493 0.03581351 0.04783639
0.03963059 0.04742766 0.04502123 0.04511812 0.04142796
0.04532409 0.03829443 0.03911275 0.04076986 0.04222736
0.03996882 0.04380251 0.04180202 0.0423478 0.0416702
0.03784886 0.04088231
