0.03587865 0.02493399 0.03656107 0.03769257 0.03916189
0.0381069 0.03272037 0.03832163 0.0332325 0.02958515
0.03409447 0.03619154 0.03991528 0.03225526 0.0288684
0.03427506 0.03318167 0.03728279 0.03024216 0.03318204
0.03188129 0.0304639 0.02275665 0.03660676 0.03426903
0.03431574 0.03496224 0.0379282 0.03378769 0.0384794
0.03478082 0.03092395 0.02940782 0.03016122 0.03791764
0.03305063 0.04391138 0.03175624 0.03167423 0.03995419
0.03247661 0.03751206 0.03269407 0.02491529 0.03217943
0.03606431 0.03751855 0.02988237 0.03466485 0.03347353
0.03516025 0.03843511 0.0258801 0.03514916 0.03565837
0.03609836 0.03192953 0.03368705 0.03502615 0.0366277
0.03482548 0.02677021 0.03639818 0.03535683 0.03475168
0.0365354 0.03490758 0.03400017 0.03849639 0.03647831
0.03575051 0.03476361 0.04149234 0.03152948 0.03653425
0.03817222 0.02963639 0.03921228 0.03434127 0.03530708
0.04043769 0.03599436 0.0285802 0.03474262 0.03868347
0.0349222 0.03543977 0.03429744 0.0325469 0.03598303
0.03237301 0.04215298 0.03522982 0.03616852 0.0488828
0.02717607 0.0342021 0.03733784 0.03941929 0.03761769
0.03251125 0.03365729 0.03567941 0.03860801 0.03540726
0.03328422 0.03630813 0.04064881 0.02811933 0.03819574
0.03501061 0.03147405 0.0398103 0.02879843 0.04051526
0.03396476 0.03646484 0.03632557 0.03839733 0.03459036
0.03129451 0.03422586 0.03249084 0.03840219 0.02911492
0.03913569 0.04031806 0.03868905 0.03470255 0.03995329
0.03303225 0.03785425 0.03930589 0.03931223 0.0355192
0.03616237 0.03306205 0.03898971 0.03729291 0.03574128
0.03836258 0.03620552 0.03862112 0.03434353 0.03299652
0.03957427 0.03767586 0.03546516 0.0283646 0.02786526
0.03494549 0.04085784 0.02545919 0.035635 0.03419592
0.03366437 0.03191266 0.03343487 0.03028233 0.03464217
0.03539952 0.02630826 0.02781515 0.03609894 0.04413551
0.03561791 0.03107828 0.03782631 0.03318418 0.03864193
0.03777574 0.03597672 0.03562554 0.04014648 0.03590427
0.03243748 0.0373686 0.03012108 0.02891922 0.03829739
0.02861646 0.03479172 0.04111368 0.03365767 0.03959666
0.02991651 0.04115858 0.03711353 0.0294426 0.03698829
0.0355772 0.03348218 0.03470237 0.03697914 0.0391818
0.0345955 0.03458273 0.03692614 0.03518168 0.03071926
0.03802026 0.035413
