0.03848677 0.02612271 0.04054126 0.04108966 0.04179307
0.03765958 0.03936398 0.03673899 0.03684585 0.03729199
0.03546122 0.04697474 0.03663601 0.03841826 0.03801651
0.0441386 0.03434115 0.03553785 0.04069143 0.04215419
0.03859934 0.04329666 0.03867033 0.03963417 0.0352004
0.04306005 0.03553827 0.03848284 0.03546648 0.03482944
0.03824464 0.03449365 0.03959825 0.03524447 0.04556128
0.04205117 0.03589814 0.03967065 0.04377722 0.0379946
0.04447589 0.03635422 0.04103805 0.0386733 0.03722977
0.03820139 0.04387271 0.0394825 0.04109022 0.04164225
0.03760734 0.03716666 0.03855905 0.03890961 0.04070927
0.03633986 0.03917173 0.03563531 0.0377432 0.03686085
0.04461818 0.0340943 0.03911901 0.03440961 0.03819636
0.03568853 0.03809209 0.03850693 0.04033454 0.04400393
0.03507626 0.03996887 0.03603098 0.0353161 0.04343017
0.03686815 0.03993715 0.03703308 0.03544144 0.03293015
0.03965126 0.03456584 0.03658425 0.03740496 0.04152581
0.03816012 0.03750113 0.04258101 0.03562922 0.03712114
0.036845 0.03934842 0.04568997 0.03256374 0.03865334
0.03777491 0.03558065 0.03845621 0.03431529 0.04049764
0.04029385 0.03529037 0.03900728 0.03744032 0.03632017
0.03479034 0.04371205 0.035968 0.03991938 0.03404021
0.03443026 0.04207559 0.03440245 0.03746501 0.03966286
0.03802765 0.03675119 0.04125132 0.03503377 0.03635645
0.03886027 0.0355017 0.03864136 0.0377476 0.03907872
0.04136898 0.03534736 0.03706979 0.04530338 0.03875537
0.03945313 0.03888421 0.03836907 0.03667404 0.03717803
0.03865052 0.04309841 0.03941668 0.03824228 0.04050495
0.03665798 0.03563352 0.03657563 0.0415832 0.03747403
0.0376856 0.0397952 0.04184031 0.03698089 0.03959358
0.0378336 0.03366882 0.030503 0.03907967 0.03491478
0.0377285 0.03903579 0.0404241 0.04025955 0.03876153
0.03623334 0.04185372 0.03670983 0.03563071 0.03617834
0.03119808 0.03477007 0.03603991 0.03842519 0.03511218
0.04230599 0.03763824 0.03547792 0.04066326 0.03409238
0.03621453 0.04206797 0.03925548 0.03985239 0.03579567
0.04053433 0.03467948 0.04139778 0.03477713 0.03881395
0.03749361 0.03509281 0.03875081 0.03355588 0.03942478
0.04603703 0.03788733 0.03677729 0.03631353 0.03718854
0.03490316 0.03637601 0.03762745 0.03779191 0.0357808
0.03625058 0.0382885
