0.04262314 0.02839939 0.03877294 0.04189882 0.0386287
0.04080521 0.0436498 0.04063942 0.04150811 0.03954882
0.03921415 0.03920257 0.04257909 0.04486058 0.05003349
0.03902415 0.04013579 0.04089514 0.04348756 0.04158852
0.03781639 0.04548872 0.04304944 0.04228292 0.04030623
0.04187652 0.03948825 0.04224605 0.03760053 0.04073121
0.04305935 0.04136159 0.04297858 0.04582454 0.04224479
0.04128533 0.0380907 0.04310224 0.04210543 0.04509338
0.04575586 0.03988847 0.03878114 0.04171328 0.04284549
0.03947045 0.04784652 0.04510277 0.04076398 0.04337993
0.04873869 0.04351276 0.03643752 0.04101913 0.04268621
0.04421003 0.03902705 0.0456884 0.04327088 0.04177292
0.04119672 0.04149223 0.03753974 0.04462219 0.04498026
0.04003326 0.0434201 0.04505615 0.03799438 0.04261879
0.04657423 0.04412988 0.0419051 0.04420092 0.04177729
0.04404988 0.04044949 0.03899703 0.03978048 0.03995886
0.04551066 0.04768894 0.04023689 0.04448363 0.04347449
0.04764071 0.038288 0.04168514 0.04386204 0.04060313
0.03950438 0.04444965 0.04181623 0.04071719 0.03982394
0.03670901 0.04378355 0.04441937 0.03827317 0.04934316
0.05176713 0.0434773 0.04103533 0.04653097 0.04090892
0.04735399 0.04383662 0.04536541 0.03732843 0.04811155
0.04291235 0.03710974 0.04529542 0.03998636 0.03996349
0.04465142 0.04204571 0.03906312 0.03417994 0.04256654
0.0407231 0.04061856 0.04921413 0.04264455 0.04061161
0.04010252 0.03796781 0.04119437 0.04366036 0.0377636
0.04299966 0.04282801 0.0427522 0.0476089 0.03965755
0.03938129 0.03980333 0.04929009 0.04175735 0.04480082
0.04043391 0.03976366 0.04344729 0.04264832 0.04567557
0.04223048 0.04687202 0.04729546 0.03724368 0.04606124
0.03974312 0.04194494 0.03847523 0.04377879 0.04029963
0.0358389 0.03899483 0.04329182 0.0448721 0.04047485
0.04836212 0.04465415 0.04083079 0.04199207 0.04589052
0.04461324 0.04336466 0.04608548 0.04177671 0.04457971
0.04477921 0.04218195 0.03603333 0.0388144 0.04569484
0.04092506 0.04513847 0.04041747 0.04133067 0.04320971
0.04469687 0.03927668 0.04513458 0.04317235 0.04849274
0.03701506 0.03973606 0.05336273 0.04170018 0.04840043
0.04346011 0.04328743 0.04079298 0.04326979 0.04184288
0.04721688 0.04356762 0.04452839 0.044047 0.04203299
0.03830658 0.05016164
