0.04007051 0.02790682 0.06848508 0.04090187 0.04402487
0.04445277 0.0410876 0.05660342 0.0512442 0.0600712
0.05332034 0.0471884 0.04782475 0.04383353 0.04775768
0.03813576 0.03934444 0.04278705 0.06762276 0.04261824
0.04908751 0.04600977 0.0461728 0.04109832 0.05019188
0.04283839 0.03895197 0.03674018 0.0561999 0.04489734
0.04638266 0.05317555 0.03993075 0.04696629 0.03787471
0.03855824 0.03982769 0.03630583 0.04044175 0.03987345
0.03854171 0.040992 0.03417589 0.04919602 0.04332653
0.04855984 0.04933308 0.04340901 0.04356287 0.04174409
0.03731836 0.04785917 0.04710871 0.0422792 0.04119039
0.04154766 0.04121491 0.035785 0.03598814 0.07702232
0.06037371 0.04227397 0.0639664 0.03956742 0.04032216
0.07306201 0.03819817 0.0353081 0.04256331 0.04431876
0.04564706 0.03868593 0.06467426 0.03853567 0.0374048
0.04284169 0.03865978 0.03659312 0.049674 0.04303258
0.03766238 0.04684534 0.03678974 0.0593748 0.03948955
0.04100643 0.03969897 0.03615895 0.03715827 0.04503689
0.04001165 0.04606764 0.04959617 0.06181048 0.04319824
0.04777703 0.04191913 0.03390638 0.05114841 0.04143407
0.05456866 0.04972512 0.04735139 0.05764583 0.04325353
0.04818071 0.03790188 0.04619019 0.04984376 0.03436847
0.04470039 0.04747598 0.04325904 0.0323575 0.04709549
0.03756432 0.03702631 0.0449851 0.04220665 0.05307075
0.04311881 0.04869842 0.04309946 0.04228967 0.04343873
0.05102041 0.03809539 0.04354289 0.04258028 0.038048
0.05507969 0.03602248 0.03975845 0.04148422 0.04289262
0.03925197 0.04318608 0.03983747 0.04505376 0.04088977
0.03770076 0.05690111 0.04990342 0.04484513 0.04465966
0.03920815 0.0460958 0.0403694 0.04703612 0.03979647
0.04200293 0.03486936 0.04098389 0.04089525 0.03862173
0.03996711 0.04314568 0.04832742 0.04643053 0.03498623
0.04178731 0.04320038 0.04088114 0.03468577 0.03872817
0.05032152 0.04114287 0.0473991 0.04218702 0.03568956
0.05132103 0.03889673 0.04801599 0.04004094 0.03946208
0.04904968 0.06325703 0.0349833 0.03892778 0.04161274
0.041715 0.04184397 0.04446043 0.04354904 0.03831044
0.0372628 0.03498241 0.03984684 0.03947072 0.04262987
0.04674298 0.05771721 0.05213445 0.04830794 0.05086802
0.03944909 0.04337136 0.0455063 0.04850073 0.04074086
0.0576468 0.0324748
