0.03754765 0.02589329 0.03787693 0.04093213 0.03747621
0.0330666 0.041469 0.03738757 0.04490328 0.03612284
0.03846133 0.04113054 0.04178467 0.03915137 0.0397295
0.03737722 0.04183826 0.04256354 0.03913088 0.0371192
0.03793 0.03922204 0.03929929 0.03583964 0.03849604
0.03557301 0.04054449 0.04592791 0.03880863 0.03643964
0.04077303 0.03999703 0.0398042 0.03733471 0.03909564
0.0393646 0.03696252 0.03908437 0.03658234 0.0403695
0.03607261 0.04051151 0.03393545 0.03199487 0.0434312
0.04309066 0.04002808 0.04507137 0.03493714 0.04315467
0.03643182 0.03893028 0.04613274 0.03725349 0.03737024
0.03837303 0.03783853 0.03535809 0.03818401 0.0383552
0.0380634 0.03971492 0.04596004 0.04010495 0.04056303
0.03436885 0.03888858 0.04173831 0.04062063 0.03403417
0.03939002 0.04251856 0.0358363 0.03600711 0.04545739
0.04079564 0.04470761 0.04005528 0.03414747 0.04483902
0.0398167 0.04183599 0.04060988 0.03600854 0.04158905
0.03835404 0.03712305 0.04282248 0.035739 0.03600434
0.03478418 0.03439978 0.03578745 0.03977956 0.04011864
0.03749448 0.03605131 0.03357015 0.04188329 0.03494393
0.04297756 0.03555134 0.04167846 0.03714592 0.0374188
0.03483868 0.03550433 0.03804876 0.04088991 0.04287685
0.03375693 0.03778989 0.03840161 0.03728222 0.03929103
0.0386389 0.03687005 0.03855548 0.04363068 0.03650645
0.04044821 0.03769148 0.04395079 0.03812299 0.03618116
0.03648781 0.04001218 0.03796742 0.03911659 0.03379749
0.0354092 0.03769974 0.03491052 0.04495439 0.04027718
0.03409833 0.04253877 0.0435416 0.03208463 0.0412258
0.03393765 0.04099411 0.0431851 0.04162542 0.03482678
0.04042719 0.03837923 0.03597411 0.03475636 0.03486547
0.04300549 0.03989121 0.04248153 0.03462502 0.03428673
0.04519201 0.03744884 0.04425607 0.03982888 0.03905295
0.0406124 0.03963126 0.03938921 0.03768137 0.03530146
0.04451999 0.04401385 0.04426681 0.04346992 0.03461018
0.03925121 0.03868076 0.0309223 0.0380668 0.03588848
0.03692301 0.0376252 0.03518909 0.03915329 0.03706929
0.03542799 0.04145302 0.03704944 0.0374337 0.03468066
0.04067014 0.0355408 0.04441164 0.0340206 0.0331262
0.03599827 0.03359442 0.03734187 0.03773407 0.05172889
0.03735333 0.03435862 0.03216389 0.03595966 0.03663797
0.03789111 0.03453383
