0.03473086 0.02438275 0.04021474 0.03619935 0.03773729
0.04411455 0.03965518 0.03634566 0.03485379 0.04399681
0.03948255 0.03808301 0.03704732 0.03919289 0.03252654
0.03377876 0.03716798 0.03393403 0.03822002 0.03730264
0.03098007 0.03808348 0.03333179 0.03866736 0.03721425
0.03390512 0.03502318 0.03303004 0.03427384 0.03717771
0.03367171 0.03866743 0.03411166 0.03680179 0.03341389
0.03393335 0.03403322 0.03327833 0.0386146 0.03535877
0.04289567 0.03520189 0.03006724 0.0379849 0.03828225
0.03690408 0.03371425 0.03289076 0.03290625 0.03193717
0.0381974 0.03027172 0.03491977 0.03643419 0.02993376
0.03107041 0.03536005 0.0339029 0.03966651 0.03016356
0.04351215 0.03178211 0.03113987 0.03746812 0.03911685
0.03698283 0.03454781 0.0363483 0.03801881 0.03437315
0.03892997 0.04150541 0.03639816 0.03503642 0.03572607
0.03682932 0.04050344 0.03588702 0.0372308 0.03973456
0.03620809 0.04143713 0.04063253 0.03982541 0.04125719
0.03845124 0.03956347 0.03482503 0.03435515 0.03639244
0.03752376 0.03445569 0.03614993 0.03310798 0.03408101
0.03222256 0.03466021 0.03553836 0.04032927 0.03395371
0.03102244 0.03108178 0.03500011 0.02805597 0.03181521
0.0364432 0.04002885 0.03869841 0.03493646 0.04228549
0.0363777 0.03826017 0.03616862 0.03319624 0.0323025
0.03651162 0.03660485 0.04365134 0.03476159 0.03712038
0.03779653 0.04239089 0.03771283 0.03680347 0.03741537
0.04133663 0.03210131 0.03506045 0.03601587 0.03161415
0.03565467 0.03486309 0.03419682 0.03904623 0.03081318
0.03281477 0.03762241 0.03818557 0.03315595 0.03135901
0.04069329 0.03539188 0.02857755 0.03269893 0.03748837
0.03836312 0.03809772 0.0368249 0.03359953 0.03966119
0.0329072 0.0399315 0.03771085 0.03429382 0.02804511
0.03807183 0.04388798 0.03421362 0.04004669 0.0334906
0.03791635 0.03450176 0.03185588 0.03617055 0.03178476
0.03970313 0.03523884 0.03410862 0.03779239 0.03392931
0.03682846 0.0368737 0.03961825 0.03619444 0.03381652
0.03891099 0.03534354 0.03052484 0.03356502 0.03449021
0.03564413 0.03910651 0.02812971 0.03826649 0.03892462
0.03836851 0.0399695 0.03548935 0.03531163 0.03604888
0.02989084 0.03300249 0.03463692 0.03280783 0.03577889
0.0268996 0.03153807 0.0316607 0.02926631 0.0346596
0.03591172 0.04177649
