0.03962627 0.02668403 0.04847217 0.04734014 0.03647962
0.03511491 0.03874325 0.04093908 0.03801169 0.0370321
0.03758846 0.03833549 0.0429956 0.04159639 0.03966199
0.04029596 0.03830957 0.04055004 0.03806139 0.04175528
0.03956505 0.03499397 0.04374047 0.0362006 0.03434192
0.04224366 0.0482558 0.0367551 0.04597745 0.03913918
0.039196 0.03509258 0.0413858 0.04300645 0.03774248
0.03931597 0.0366664 0.03946366 0.04314459 0.04176808
0.0428973 0.03498138 0.04241048 0.03566896 0.04133145
0.03858856 0.04496073 0.0404431 0.04078233 0.04054519
0.03736583 0.04138045 0.04337734 0.04346374 0.03834876
0.04036624 0.04065728 0.04578429 0.03983753 0.04268551
0.03719212 0.03792383 0.04479768 0.03733271 0.03875518
0.05017419 0.04387306 0.04137523 0.03718175 0.04064185
0.04100781 0.04040774 0.03944035 0.03875405 0.04300403
0.04146268 0.04313663 0.04003356 0.03569228 0.04076384
0.04255592 0.04126223 0.03671614 0.04059358 0.04050761
0.04095484 0.03813715 0.0486224 0.04299287 0.03723633
0.04392355 0.03989331 0.0440287 0.04043825 0.04062652
0.04584488 0.04142515 0.04152871 0.03725281 0.03465255
0.03899962 0.03694543 0.04117918 0.04257809 0.03573723
0.04000033 0.03842717 0.03913657 0.04585135 0.04605683
0.04296625 0.04045412 0.03902571 0.0348748 0.03839692
0.03235099 0.04469264 0.03900187 0.03796323 0.04254265
0.04518949 0.04111004 0.03827705 0.04612798 0.03543356
0.02631235 0.03897785 0.04099171 0.03868618 0.04051158
0.03671336 0.04150902 0.03464017 0.03869039 0.04236219
0.04177837 0.0412192 0.0350865 0.0360048 0.0434576
0.03856306 0.03448892 0.04260432 0.04702082 0.04119714
0.04597199 0.0426897 0.04001679 0.04110983 0.04051226
0.03694138 0.04460081 0.04340749 0.04449336 0.04519041
0.04014237 0.04128088 0.04274746 0.03683105 0.04535872
0.0399466 0.04035751 0.03643566 0.03987097 0.042671
0.04076157 0.04283367 0.0341529 0.04356838 0.04239922
0.0456301 0.04131313 0.04400256 0.03712051 0.04051597
0.03566398 0.04684135 0.04929596 0.04789426 0.04629328
0.03786462 0.04169842 0.04387333 0.04065994 0.03936579
0.03809568 0.03498096 0.03564508 0.04184364 0.04025025
0.04134799 0.04310875 0.03537615 0.04177086 0.03846809
0.04282031 0.03937142 0.04286792 0.04101611 0.04062406
0.03828092 0.03392739
