0.04180478 0.02813967 0.04532568 0.03686826 0.06277208
0.05182858 0.04034216 0.05276668 0.05125981 0.04380445
0.05351762 0.0409584 0.0447719 0.0413341 0.05188061
0.0383622 0.04642346 0.04176503 0.03973563 0.05405056
0.04038291 0.05991011 0.05211797 0.04514093 0.06478811
0.04567535 0.04212771 0.04912991 0.07752366 0.03913346
0.04296297 0.03870766 0.0412631 0.07164773 0.03828713
0.05337225 0.03670798 0.05403792 0.05450022 0.0434473
0.04671173 0.04781288 0.04235515 0.04157583 0.05899684
0.03774365 0.04326846 0.04183687 0.03868514 0.04507553
0.04363715 0.04046558 0.04036849 0.03793747 0.06388026
0.0378595 0.07329419 0.04410889 0.03988588 0.04253746
0.05381379 0.04251217 0.04004888 0.05434642 0.04736967
0.04121457 0.04436689 0.04317613 0.04094835 0.06037687
0.04504115 0.0470052 0.03732982 0.0467837 0.04153786
0.04891219 0.06185583 0.04156538 0.04444835 0.04260857
0.05278984 0.04547479 0.04627104 0.0584537 0.03695915
0.04448242 0.05141888 0.06180239 0.04218876 0.08093283
0.06959588 0.04757258 0.04842504 0.06483785 0.04211915
0.04965878 0.05162125 0.04100999 0.05760264 0.04841628
0.04354448 0.04782297 0.07792941 0.03995318 0.05043911
0.04334196 0.04163118 0.04180237 0.04134651 0.04153482
0.04505084 0.04258102 0.04992728 0.07806686 0.05191043
0.04516229 0.04979077 0.04626555 0.06970101 0.08406721
0.03692268 0.04513482 0.03626505 0.04780733 0.04419197
0.05323121 0.04433441 0.04641138 0.04269601 0.04232415
0.04082544 0.04526126 0.04440131 0.05641031 0.04569602
0.04010071 0.04635319 0.04430923 0.0404187 0.05568443
0.04202402 0.05312069 0.03858093 0.04580565 0.04190297
0.05973724 0.04267734 0.04225535 0.04981339 0.04039635
0.04117212 0.04687885 0.04241592 0.03802079 0.04893086
0.04245146 0.04338878 0.04819877 0.04173476 0.04703344
0.04093998 0.04952328 0.05611226 0.0407824 0.06390924
0.04481655 0.04127175 0.05616165 0.04861236 0.04259815
0.04535115 0.04209632 0.06414305 0.06170803 0.04323158
0.05156534 0.0505729 0.05520433 0.04538235 0.03999444
0.04195908 0.06673633 0.04473351 0.03988446 0.04189943
0.04678863 0.1039113 0.04935294 0.03858425 0.05122497
0.05489427 0.04101922 0.03886785 0.03902504 0.05283921
0.07122558 0.0483149 0.04302284 0.05049553 0.04144998
0.04856844 0.04597494
