0.04199663 0.02633586 0.1209549 0.04659703 0.1799666
0.07170727 0.04519966 0.4207369 0.06718521 0.1004721
0.03430931 0.3319021 0.03610499 0.2304721 0.2648636
0.06020536 0.06300091 0.2724402 0.04204176 0.2956312
0.04105985 0.04465671 0.04184917 0.1383825 0.08478681
0.03940156 0.2121104 0.1590366 0.1098126 0.2770139
0.03402305 0.03548367 0.1294806 0.1089959 0.04103008
0.04395734 0.2317858 0.1554673 0.1436122 0.04061807
0.04071915 0.0439947 0.1383017 0.04219638 0.04519903
0.3783401 0.120609 0.3318272 0.03228479 0.07189111
0.3663051 0.2003272 0.03448961 0.03555304 0.04234584
0.08704095 0.0949034 0.04893669 0.1305401 0.03073248
0.03897383 0.04896209 0.1999503 0.04456119 0.04200033
0.1811035 0.1586537 0.1261542 0.04417849 0.04163639
0.09482632 0.0720726 0.0753908 0.05696354 0.222408
0.1536 0.2064599 0.03174259 0.05507159 0.2317849
0.05895264 0.1284272 0.3015602 0.1811528 0.1729727
0.04241727 0.1730248 0.07208656 0.2414421 0.05180559
0.03532275 0.04075029 0.2342155 0.3531023 0.04907016
0.3071664 0.04322428 0.03867431 0.03518042 0.0410161
0.2242564 0.04222416 0.03750205 0.1480823 0.1701011
0.3199753 0.06281022 0.08705371 0.03283103 0.07860158
0.1768083 0.04079756 0.04068908 0.1182621 0.03812762
0.04551635 0.146504 0.05245735 0.128161 0.04201059
0.231791 0.2755043 0.04112646 0.06953598 0.0354442
0.2590827 0.03282797 0.06311779 0.03708078 0.1701511
0.349686 0.1014683 0.1001325 0.05237408 0.06791932
0.1297888 0.03569183 0.0404377 0.087951 0.1742728
0.04587056 0.03453325 0.03655606 0.2571928 0.3536749
0.0480522 0.04412425 0.04840713 0.03731335 0.1069845
0.05257747 0.03213563 0.25065 0.04223791 0.03960525
0.03785765 0.0794341 0.1458397 0.1635867 0.0400044
0.04925538 0.04260717 0.2450016 0.03800627 0.1970189
0.03700384 0.2648309 0.1130582 0.2505251 0.3570209
0.1552606 0.03870825 0.03375332 0.05787763 0.04105427
0.03498151 0.05925255 0.04040725 0.3267412 0.1613025
0.03508186 0.04785291 0.0671345 0.03843789 0.1103045
0.06743742 0.04473238 0.3016714 0.04335849 0.03651578
0.1903195 0.3000519 0.07267315 0.1940191 0.3495355
0.04404024 0.1816612 0.07036455 0.04044119 0.3314078
0.03878102 0.2351064
