0.03569984 0.02420722 0.03965023 0.03957734 0.03489852
0.04104565 0.02810475 0.03517178 0.03413144 0.04086449
0.03828249 0.03063471 0.03554792 0.03637041 0.03415076
0.04683183 0.02466085 0.03680529 0.03835608 0.03549648
0.03314644 0.04543512 0.03606757 0.03133809 0.04647034
0.04123317 0.04025297 0.02899318 0.03692075 0.03473203
0.03009313 0.03596616 0.0379868 0.03209907 0.02647799
0.04118316 0.05705662 0.03443131 0.04066152 0.0410999
0.03150693 0.03516628 0.0324872 0.03839678 0.03730161
0.04316762 0.03626367 0.03910264 0.03979694 0.0351082
0.02934182 0.03922146 0.03740636 0.03017723 0.03802395
0.03847373 0.03348745 0.03528636 0.02848242 0.02295152
0.03471459 0.03457729 0.03645949 0.02989072 0.04635071
0.02449857 0.03492884 0.03556838 0.03286103 0.04492374
0.04169872 0.03319707 0.04058971 0.0440294 0.03532023
0.03055283 0.03884953 0.03623788 0.03917084 0.03648381
0.02890887 0.02874404 0.02838542 0.03941026 0.03685965
0.04160677 0.03545743 0.04391953 0.03163435 0.03628891
0.03595993 0.03126019 0.0353253 0.03323545 0.03486163
0.03553329 0.03014031 0.037845 0.02549063 0.03537121
0.03420991 0.03882613 0.03661426 0.04248957 0.04363745
0.03738402 0.0343406 0.03796738 0.03058898 0.03023864
0.02537014 0.04343064 0.02861968 0.0406691 0.02341589
0.0371618 0.03791596 0.03828923 0.03922945 0.03325468
0.0377883 0.04403008 0.03763798 0.0393401 0.04880669
0.04083715 0.04501065 0.02557976 0.02252428 0.04648724
0.03233022 0.03241404 0.03251915 0.03606782 0.03604013
0.03307656 0.03869489 0.03610979 0.04296316 0.037101
0.0401411 0.03567663 0.02102732 0.03753457 0.03677449
0.03544076 0.03540513 0.03870256 0.03855395 0.03167522
0.03323366 0.03750133 0.03940599 0.03766659 0.0340479
0.03956863 0.03883574 0.04033268 0.03732084 0.03012875
0.03540926 0.04096116 0.04691196 0.03575042 0.03649411
0.04056757 0.03421427 0.03689933 0.03674899 0.03479996
0.03624878 0.03306424 0.03499263 0.03607143 0.04377923
0.03171898 0.03431732 0.0319726 0.0376121 0.03836262
0.03573906 0.03468564 0.02208642 0.02823383 0.03909107
0.03459034 0.04219961 0.02967624 0.03483174 0.0402698
0.03826706 0.0364424 0.03856489 0.03852964 0.03322702
0.03192032 0.03392929 0.03696477 0.03444587 0.03607444
0.03419541 0.04271213
