0.03670934 0.02625639 0.03461171 0.03749028 0.03547659
0.03570349 0.03453793 0.03186765 0.03702968 0.03525314
0.03510808 0.03355563 0.03744755 0.03610581 0.03825562
0.0425903 0.04185916 0.04196119 0.04026325 0.03634996
0.03774755 0.03533438 0.0353438 0.03701929 0.03610922
0.03887283 0.03529777 0.04160637 0.03667156 0.03512151
0.03502941 0.0369374 0.03828352 0.04010508 0.03433701
0.03241025 0.03681608 0.04440735 0.03815954 0.0360007
0.03715915 0.02896419 0.04456076 0.03939785 0.03761372
0.03510135 0.0394458 0.04400069 0.03807549 0.04260514
0.03199373 0.03860408 0.03491647 0.03545621 0.04372655
0.03075382 0.03065496 0.03647874 0.03983422 0.04058002
0.03709709 0.03760334 0.03197307 0.03493981 0.03712996
0.03582953 0.04234216 0.03324663 0.03715907 0.0375041
0.03839252 0.0412069 0.03431641 0.03355813 0.03368928
0.03784566 0.03821722 0.04036429 0.04293072 0.04199303
0.03223571 0.03999797 0.03456794 0.03559591 0.03106337
0.04403085 0.03357463 0.05081037 0.04012896 0.0350724
0.03853934 0.03973474 0.0381453 0.03637051 0.03592439
0.03844127 0.03354367 0.03796953 0.03917682 0.03885782
0.03670052 0.03484367 0.03323216 0.03461455 0.03290176
0.0411128 0.03294976 0.03766241 0.03667561 0.03662889
0.03688019 0.03689776 0.03611544 0.03589087 0.03747958
0.03537292 0.0395047 0.04029342 0.03279723 0.03420866
0.03563524 0.03550595 0.04031523 0.04336292 0.06506414
0.03133443 0.03629752 0.04003041 0.03838033 0.04154491
0.03585927 0.03835163 0.03628086 0.04069192 0.04031688
0.03862053 0.03073419 0.04056883 0.03760525 0.03512293
0.04328305 0.03670258 0.03320441 0.03662683 0.04353356
0.03844387 0.03702736 0.03366329 0.044893 0.03711284
0.03868558 0.03737273 0.03489565 0.03330792 0.03506478
0.03329197 0.03849924 0.03727215 0.03941628 0.03576891
0.03625969 0.03444652 0.0354712 0.03508284 0.03490859
0.03511644 0.04183629 0.03851775 0.03932786 0.04235618
0.03793591 0.03742024 0.03643454 0.03388243 0.03963062
0.04401607 0.03343394 0.04049708 0.03985123 0.03738777
0.03879758 0.03155862 0.04398022 0.04080456 0.03496962
0.03718333 0.03906658 0.03505681 0.03904259 0.03733507
0.03531441 0.03431493 0.03711977 0.03683373 0.04108683
0.03525537 0.03392138 0.03391196 0.03640159 0.04121429
0.03623198 0.03291331
