0.04066933 0.02803319 0.040571 0.03892978 0.04509063
0.036509 0.04023824 0.03879656 0.03798046 0.03863627
0.04045747 0.04287879 0.03856053 0.0399077 0.04318688
0.04092497 0.03837103 0.03883899 0.03770006 0.04302193
0.04158835 0.04374097 0.04213301 0.03774127 0.04144109
0.0354949 0.04375717 0.03787666 0.04382197 0.0407314
0.03451432 0.03823508 0.04015766 0.03738638 0.03825177
0.04338351 0.04086296 0.03669431 0.04631179 0.04314442
0.04363625 0.04212841 0.04155305 0.03694445 0.03904471
0.04464432 0.03937299 0.04355581 0.04184288 0.03937086
0.04312495 0.04324492 0.04143522 0.03818566 0.04115382
0.04185232 0.03954425 0.03919949 0.03865938 0.040209
0.03737898 0.04313828 0.04286699 0.04010661 0.03776704
0.03326802 0.04208201 0.03653599 0.03284902 0.04034242
0.0404488 0.03465841 0.0398556 0.04360635 0.03368176
0.04348131 0.04298351 0.04425598 0.0442278 0.03939605
0.04154498 0.04329003 0.04152702 0.03947489 0.0402727
0.03791832 0.0396053 0.03607288 0.03558829 0.03775448
0.0355095 0.03832847 0.0390007 0.03659437 0.03724212
0.03969243 0.04088155 0.04748454 0.04003989 0.04015795
0.04065289 0.0445465 0.04386503 0.04257907 0.04570882
0.04276442 0.03944168 0.04395545 0.04272814 0.04054108
0.03607436 0.03881372 0.03823195 0.03801919 0.04243017
0.04168269 0.04085778 0.03486998 0.04104032 0.03645012
0.03721013 0.03987106 0.0370833 0.04779352 0.03970602
0.04690931 0.04346932 0.03653634 0.04343481 0.03973985
0.04050975 0.03725364 0.0401681 0.03832559 0.04010999
0.04325202 0.0412286 0.03982154 0.04412669 0.03965397
0.04250946 0.04217573 0.03705415 0.03779533 0.04293765
0.04094095 0.04492109 0.03959142 0.03683152 0.04485726
0.03782787 0.03669059 0.03886627 0.04244924 0.03455879
0.04172304 0.03757992 0.03984615 0.04286294 0.03967267
0.03913597 0.04112819 0.04805348 0.03907929 0.04208872
0.03791109 0.03661629 0.04193362 0.03896196 0.03457119
0.04079312 0.03988234 0.03868244 0.04372627 0.04310763
0.0397471 0.0394278 0.04402712 0.03477426 0.0438852
0.03649211 0.04523101 0.03606157 0.04173191 0.03496699
0.03966506 0.03834436 0.03846036 0.04487286 0.03560094
0.04200218 0.04340277 0.03907202 0.04367092 0.04511201
0.03839974 0.04185979 0.03493201 0.04452688 0.04248785
0.04074807 0.03848065
