0.0403448 0.02768994 0.03943147 0.03803211 0.03655111
0.04243009 0.04030456 0.03904893 0.03966576 0.04200348
0.04068447 0.04254628 0.04521127 0.03754548 0.04321854
0.03856154 0.04054811 0.04127021 0.04080825 0.03972982
0.04449857 0.03881174 0.04176067 0.04177733 0.04215058
0.03915231 0.04338792 0.04203911 0.04437034 0.03914572
0.038179 0.03679897 0.03904658 0.04242084 0.03939778
0.0421725 0.04193475 0.04082789 0.04320393 0.04585889
0.03863362 0.04349151 0.04018881 0.04181336 0.04337506
0.04062062 0.04150456 0.03953978 0.03982204 0.04199668
0.04352494 0.0371445 0.04542441 0.04421107 0.04372906
0.03653525 0.03767766 0.03825873 0.04249521 0.03471294
0.04311019 0.04136952 0.0389416 0.0431324 0.03973216
0.04209734 0.04273189 0.03931504 0.04142587 0.04024993
0.04208174 0.03469367 0.03848741 0.03733397 0.04017725
0.04440282 0.04256632 0.04220168 0.03763098 0.0405815
0.04313331 0.03825463 0.04171617 0.04062568 0.04415114
0.03976037 0.0406967 0.04315675 0.03954025 0.03691441
0.04712411 0.03874715 0.03891718 0.040228 0.04211466
0.0392114 0.03992384 0.04004631 0.03960651 0.04349779
0.04104898 0.04525731 0.04182254 0.04855112 0.0392431
0.03889296 0.03972921 0.03906479 0.03783194 0.03872339
0.04303523 0.03950681 0.04209534 0.04344189 0.03165536
0.04375587 0.03646841 0.03824598 0.04271079 0.0480947
0.04177917 0.04610792 0.04510778 0.03885561 0.04428938
0.04408139 0.04475401 0.04150153 0.03681123 0.03919536
0.0403441 0.04127791 0.04250921 0.04432488 0.04251024
0.04104809 0.03605258 0.04049043 0.03879869 0.03739013
0.03833835 0.04028597 0.04580179 0.04381663 0.03627963
0.04294015 0.04030888 0.03943199 0.04255215 0.04250942
0.03647026 0.03656821 0.04049698 0.03426994 0.04059197
0.03872037 0.0366801 0.04198 0.04497114 0.04256684
0.0412672 0.04185661 0.04055635 0.04389571 0.0378696
0.04210022 0.04244157 0.0402522 0.03977256 0.03636923
0.03868677 0.03992234 0.0348232 0.04315009 0.03541262
0.04268236 0.03781551 0.04180169 0.03747675 0.03891997
0.04072569 0.03917983 0.03289284 0.04441644 0.03871456
0.03962991 0.0418691 0.04317107 0.0421979 0.04317939
0.04453645 0.04699774 0.03733058 0.04811663 0.04317507
0.04125167 0.03661945 0.03884278 0.03742187 0.03790986
0.03795335 0.03890604
