0.03488508 0.02503962 0.03726832 0.03079323 0.03741693
0.04100364 0.04001288 0.03315939 0.03017843 0.03799254
0.04358793 0.03182137 0.03925497 0.03841214 0.03457932
0.04063883 0.03729066 0.04208796 0.03856755 0.03815048
0.03915436 0.03569078 0.03074636 0.02952063 0.03604103
0.04209839 0.03986395 0.0435315 0.03925864 0.02894499
0.03135967 0.0390394 0.03329353 0.03285111 0.03490612
0.02844564 0.0406969 0.03662858 0.04414734 0.04152443
0.03782121 0.03836287 0.02912712 0.03963844 0.03817315
0.03023543 0.03407315 0.04056902 0.03619379 0.03821708
0.03770185 0.03953906 0.03005583 0.03626679 0.03543463
0.03545674 0.03362997 0.03498049 0.03660296 0.03620945
0.03629189 0.03682639 0.03767421 0.04027274 0.03684221
0.03494743 0.03600425 0.03487426 0.03714146 0.03601735
0.03789714 0.03728065 0.03838984 0.03375489 0.03507632
0.0340766 0.03561114 0.03566117 0.04269374 0.03629728
0.03757779 0.0383951 0.0321456 0.04070198 0.0321298
0.03687132 0.03729959 0.03779329 0.03859874 0.03247132
0.0381805 0.03481317 0.03447768 0.03230447 0.03513085
0.04313113 0.03836891 0.03741632 0.0398098 0.03334496
0.04103988 0.03953681 0.03731733 0.03798401 0.0379271
0.03356829 0.04307465 0.03892782 0.03212491 0.03538572
0.03656772 0.03353662 0.03785927 0.03875865 0.03401936
0.03954925 0.03542143 0.0324102 0.03792791 0.03451793
0.03392614 0.03421583 0.03323513 0.04303599 0.03736211
0.03534351 0.04059299 0.03193648 0.03347316 0.03699173
0.03277371 0.0354179 0.04220139 0.03846895 0.03462695
0.03660443 0.04048252 0.03509435 0.03597108 0.03727171
0.03720784 0.03779375 0.04063451 0.03672898 0.0342097
0.03206272 0.04002387 0.03579439 0.03665881 0.03408319
0.03519631 0.03480902 0.03692592 0.03682722 0.03036581
0.03367715 0.0381562 0.03231904 0.03313606 0.03340905
0.03536765 0.03734826 0.04042342 0.03707565 0.03677377
0.04089626 0.03578431 0.03911786 0.03553779 0.03869938
0.03624717 0.03328109 0.03609719 0.03369648 0.03841514
0.03678871 0.03896986 0.03701705 0.03702008 0.03610182
0.03874139 0.03640149 0.03374736 0.03717108 0.03518256
0.03262613 0.04041629 0.03421524 0.03736432 0.0332353
0.03773786 0.03950514 0.04309543 0.03980762 0.04156716
0.03010255 0.03380961 0.03819279 0.03305461 0.03675669
0.04329284 0.0400966
