0.04219109 0.02684473 0.04842993 0.04721247 0.04180587
0.05901484 0.05969175 0.06487493 0.04569491 0.04272753
0.04289863 0.05591842 0.04749975 0.05606292 0.05325212
0.03761168 0.04522466 0.04299706 0.04300074 0.03559052
0.04802554 0.05027778 0.03920621 0.04541049 0.05807943
0.04113538 0.05728323 0.04311521 0.04351672 0.04552965
0.03604021 0.06594235 0.05262682 0.0494122 0.03883432
0.04002913 0.03679778 0.04317117 0.04512101 0.05483143
0.09466119 0.04517729 0.05248997 0.04472228 0.0402306
0.05043128 0.03717027 0.04211165 0.03793008 0.04792193
0.04579124 0.06256447 0.03949841 0.0445821 0.04394973
0.03865382 0.05276003 0.06329491 0.04884711 0.07332229
0.04176238 0.0459992 0.04503102 0.0447365 0.04280575
0.03479233 0.06878565 0.05286803 0.04425634 0.04034985
0.04387471 0.04134462 0.04831476 0.04342646 0.04263854
0.04605751 0.04138669 0.04233556 0.04250976 0.04229859
0.04325619 0.04127417 0.04096572 0.05983826 0.05269992
0.03715486 0.04530839 0.05732846 0.03940548 0.04275035
0.04073036 0.08246173 0.06610402 0.0614391 0.06252404
0.04071635 0.04550451 0.0405851 0.04691377 0.04649667
0.04222057 0.04057683 0.04530792 0.04200246 0.04349886
0.04147894 0.05981339 0.05197043 0.04780914 0.04472639
0.04670832 0.04266217 0.04456519 0.05787445 0.03757789
0.05712283 0.04649894 0.04126179 0.03870052 0.0449166
0.03536091 0.06035067 0.04562136 0.03444176 0.05091337
0.04182927 0.04034855 0.05867002 0.05735877 0.06035773
0.0388515 0.04361251 0.04170565 0.04445554 0.04300804
0.05036331 0.05333729 0.03986886 0.04488137 0.04655617
0.039841 0.03945751 0.04167898 0.03517094 0.05917176
0.04143157 0.04332295 0.03654925 0.04441958 0.04252423
0.03661659 0.05723151 0.03910847 0.05391506 0.04521762
0.05783912 0.03353223 0.05633303 0.04949648 0.04081521
0.04678072 0.04445562 0.06610923 0.04181929 0.04902316
0.04676454 0.04313102 0.04165814 0.04608252 0.04118656
0.04282007 0.04827152 0.05182752 0.03976206 0.04716734
0.0389697 0.064792 0.04236798 0.04473985 0.04927409
0.04079764 0.04569375 0.04230904 0.04777373 0.04604772
0.04274002 0.04938634 0.04607893 0.03768991 0.06171169
0.05777435 0.03577493 0.03327174 0.04142484 0.04197946
0.04577815 0.04329678 0.06142616 0.0448513 0.06136599
0.06220545 0.0441541
