0.04108541 0.0264255 0.03982703 0.04063912 0.03819033
0.03830969 0.0397416 0.03287281 0.04375405 0.0390106
0.04291849 0.04013493 0.04794898 0.03983405 0.04157601
0.03850985 0.03899397 0.04360934 0.0378505 0.0415466
0.03940581 0.04300849 0.04306464 0.04195152 0.03600581
0.03858641 0.04094164 0.03881051 0.03612285 0.0385124
0.03869995 0.04174131 0.03896017 0.04199799 0.03750692
0.03702903 0.04061201 0.04131493 0.03842397 0.0409349
0.04130336 0.03806721 0.03929526 0.04221522 0.04419022
0.04086348 0.03758456 0.03798537 0.04439244 0.04099165
0.04106186 0.04538207 0.04115923 0.03611817 0.04211133
0.04144486 0.0396406 0.04082648 0.03567628 0.03447117
0.03892527 0.03898629 0.04583478 0.04039958 0.04410315
0.04492852 0.04043132 0.04646775 0.038803 0.04234899
0.04006388 0.04317138 0.04562486 0.03781143 0.04037598
0.04181578 0.04145984 0.04213656 0.04153339 0.03737128
0.04018642 0.03943217 0.03997584 0.03874179 0.04204459
0.0398949 0.03744317 0.04286668 0.03985711 0.03808511
0.04470851 0.04238255 0.04082443 0.03871263 0.04406861
0.03668766 0.0422798 0.03861923 0.03579997 0.04282662
0.03458311 0.03999194 0.04129007 0.03769459 0.0367085
0.04580206 0.03867852 0.04183378 0.04104366 0.03907825
0.0389831 0.04367569 0.04156231 0.04260751 0.03982633
0.03731833 0.04403578 0.04283429 0.04164616 0.03871383
0.03619332 0.04076371 0.04316051 0.03800498 0.04239742
0.04237107 0.03872768 0.04545574 0.04135648 0.03721138
0.04149031 0.03974484 0.0364911 0.04009572 0.04040345
0.04276976 0.0437018 0.03391694 0.03970808 0.03666464
0.03967964 0.04145589 0.04487792 0.03974811 0.0395406
0.03872244 0.03990065 0.0421037 0.03857766 0.03961291
0.0438162 0.04158305 0.03594332 0.04090834 0.04234199
0.03608617 0.04283038 0.04137491 0.04179373 0.0374609
0.04133773 0.04074997 0.03815297 0.03913823 0.03925879
0.03982365 0.0462933 0.04129445 0.04166978 0.03891665
0.0458699 0.04286391 0.03753372 0.03957083 0.03883286
0.04075401 0.04757547 0.04147764 0.041906 0.0419438
0.03531803 0.04405032 0.04281205 0.03945148 0.03816226
0.03794919 0.04152677 0.0419983 0.03490713 0.04247184
0.04040201 0.04367206 0.03242151 0.03662619 0.03825036
0.04174877 0.04083354 0.03373506 0.04398615 0.03610073
0.04216347 0.0385377
