0.03811662 0.02539702 0.03329442 0.0363426 0.03715361
0.04059507 0.03327036 0.03013205 0.04357868 0.03778052
0.0379486 0.03542281 0.04020509 0.03548537 0.03625715
0.03616613 0.03872064 0.0370425 0.0369035 0.03608622
0.04016955 0.04482513 0.03833703 0.04074432 0.03865102
0.03813392 0.0351089 0.04117953 0.0372104 0.03540147
0.03838041 0.03932874 0.03548974 0.04033005 0.03456213
0.03321384 0.03943858 0.03834077 0.03558474 0.03776183
0.03954234 0.03842866 0.03884558 0.03098334 0.04047974
0.03701265 0.03666725 0.03844576 0.03764472 0.04052324
0.04120369 0.04097404 0.0373096 0.03830145 0.03912403
0.03607787 0.04219394 0.03650614 0.0350164 0.03606043
0.04042626 0.03445525 0.03916385 0.04101056 0.03470827
0.03517913 0.03899185 0.03243168 0.03700266 0.04252028
0.03902018 0.04089923 0.03746101 0.04026432 0.0410645
0.03366188 0.03630206 0.04140918 0.0393611 0.04155394
0.03788048 0.03674209 0.03403931 0.02951079 0.03873029
0.03266694 0.03270345 0.03999109 0.03948561 0.03984295
0.03729139 0.04601802 0.04494341 0.03780622 0.03352244
0.03826891 0.03820787 0.0378796 0.04245539 0.04174827
0.0365424 0.04529798 0.03877267 0.03739298 0.03553065
0.03507274 0.0422239 0.03695744 0.04304782 0.03529183
0.03884131 0.04049319 0.03709338 0.0411557 0.03702775
0.03497885 0.0390187 0.03652121 0.0357851 0.0379395
0.03120059 0.04225905 0.04057993 0.03575018 0.03895403
0.04141127 0.03867807 0.03759361 0.03259716 0.04003972
0.04106743 0.0373518 0.03056895 0.02786963 0.04181047
0.03376259 0.04284695 0.03692043 0.04010206 0.03705689
0.0408507 0.0346587 0.0380184 0.03416961 0.03850074
0.03517858 0.03516149 0.04045008 0.04161547 0.04256788
0.03936657 0.04012839 0.03870472 0.03787462 0.0387144
0.03854464 0.03390556 0.03807245 0.04513604 0.03500764
0.03753271 0.04167829 0.03829235 0.03520941 0.03723026
0.03966822 0.03540237 0.03227163 0.04051986 0.03423582
0.03989696 0.03598009 0.03816037 0.04034493 0.03923246
0.0352034 0.03970553 0.04331794 0.03827142 0.03539466
0.04094429 0.0365667 0.0378307 0.03785161 0.0362322
0.04861915 0.03638776 0.03593625 0.03794645 0.03622819
0.03482037 0.03642748 0.03387445 0.03628486 0.03690305
0.03484425 0.03550995 0.04085613 0.03880724 0.03937033
0.03155652 0.04031335
