0.043254 0.02828672 0.04262569 0.0466224 0.04240055
0.05346134 0.03957313 0.039435 0.04428267 0.04624962
0.0403126 0.03896444 0.04183901 0.04185452 0.04119834
0.04304005 0.04258298 0.04888239 0.04038384 0.04377014
0.04943215 0.04200902 0.04468146 0.03747034 0.04527588
0.04057629 0.04355085 0.04468844 0.04232893 0.03658425
0.03982122 0.04821256 0.04067265 0.04706516 0.0404539
0.04758958 0.04160696 0.03960221 0.04170221 0.04126994
0.04155213 0.04639174 0.04855028 0.04210035 0.04427022
0.03823972 0.04086549 0.04060171 0.04115675 0.04244344
0.04218341 0.04216691 0.03963244 0.0475066 0.0501724
0.04347957 0.04284895 0.04072534 0.04104534 0.04534017
0.04192609 0.04401077 0.0405409 0.04533974 0.03995404
0.03976083 0.04493808 0.03845004 0.03911939 0.03964123
0.04294453 0.04028495 0.04388356 0.03900098 0.04875753
0.04282002 0.03988991 0.04287167 0.04439476 0.04233069
0.03835856 0.04210656 0.041157 0.03958701 0.04233463
0.03651143 0.04449008 0.0397069 0.04304662 0.04443794
0.04323693 0.04489694 0.04212173 0.03953835 0.04410465
0.04529119 0.0424226 0.04160806 0.04237929 0.04385209
0.04413751 0.04330302 0.04871792 0.04148733 0.04414657
0.04603019 0.04277766 0.04319733 0.04272528 0.04351134
0.04479516 0.04482172 0.03775866 0.04146806 0.04339345
0.04384303 0.04073382 0.04202629 0.04070952 0.04181726
0.04501478 0.03598975 0.04017413 0.0426563 0.03932777
0.04073553 0.0496741 0.0449007 0.04591326 0.04003032
0.03868389 0.0385536 0.04038265 0.04222584 0.04670986
0.04488204 0.03765197 0.03822391 0.04525192 0.04600904
0.04214707 0.04467584 0.04020001 0.04002003 0.04296607
0.0469688 0.04286338 0.03719053 0.03726761 0.04354535
0.03987956 0.0479736 0.04291229 0.04282004 0.04167652
0.0422328 0.03808254 0.04163947 0.04622917 0.04511784
0.04605199 0.04019826 0.03977927 0.03927655 0.04374799
0.04185595 0.04251653 0.0519025 0.04543519 0.04528136
0.03830077 0.03977953 0.04652939 0.04749062 0.03616914
0.03848805 0.04363146 0.04589315 0.043712 0.04242995
0.04047825 0.04648522 0.04186034 0.04030027 0.04177198
0.03822505 0.04281652 0.04598222 0.04453224 0.03778532
0.03957273 0.04354764 0.04749991 0.0413668 0.03969823
0.04251244 0.034138 0.0443673 0.03927814 0.04168679
0.04560455 0.04394153
