0.04496021 0.02751173 0.04798816 0.04561432 0.05459461
0.04367689 0.04987912 0.0482717 0.03887657 0.04601877
0.04660229 0.04160638 0.04291849 0.04901635 0.04161594
0.04832719 0.03692895 0.04434711 0.04703749 0.04361985
0.04470263 0.06785196 0.03820235 0.04998298 0.0426278
0.04949817 0.03481021 0.04807251 0.04245488 0.04928803
0.03769159 0.0437023 0.04401527 0.04197264 0.0420475
0.04411608 0.06450872 0.05102246 0.04845408 0.04175795
0.04777909 0.04131319 0.04333154 0.04871725 0.04615363
0.0390489 0.04561314 0.04462044 0.04723889 0.03764146
0.04557566 0.04365904 0.04482976 0.04599385 0.04429097
0.04123355 0.04899546 0.04071345 0.04415152 0.04252241
0.04365636 0.04684205 0.04894606 0.04523676 0.03986136
0.04546555 0.04226818 0.04600394 0.04847243 0.04160909
0.04308854 0.04347461 0.04207842 0.04402377 0.04731574
0.05208809 0.0380604 0.02754811 0.03948818 0.04829259
0.03871365 0.04558041 0.04038288 0.05511866 0.04530018
0.0389617 0.04803645 0.04646543 0.04402628 0.04511777
0.04491073 0.04717549 0.03994866 0.04410156 0.03889526
0.0438366 0.04606727 0.04122194 0.04025397 0.03976076
0.04558332 0.03781654 0.04464467 0.04471158 0.04553859
0.04413577 0.04762421 0.04094471 0.04341104 0.04045957
0.04128382 0.03889894 0.04200988 0.04235774 0.04424852
0.04513772 0.03384868 0.05239305 0.04037392 0.05021952
0.04072093 0.04190632 0.04403047 0.0478331 0.04126311
0.04865536 0.04624583 0.0481556 0.03467311 0.03960566
0.05010427 0.03704818 0.04455688 0.04315422 0.04725904
0.04823947 0.04284527 0.05230103 0.03891558 0.04183785
0.04266534 0.03491018 0.0433335 0.04321205 0.04548962
0.04153773 0.04508856 0.03830289 0.03952433 0.04385677
0.04781345 0.04790076 0.05073665 0.03818614 0.0433297
0.0421978 0.04436237 0.04725554 0.04769496 0.03928979
0.04016412 0.04263798 0.03980867 0.04240277 0.04214088
0.04730419 0.06333459 0.04767137 0.04328246 0.04426462
0.05968809 0.04529396 0.03772606 0.04779639 0.03825719
0.04353447 0.04198867 0.04305613 0.04510432 0.05034353
0.04463948 0.04914047 0.04633096 0.03869871 0.04709146
0.04416492 0.0423453 0.05070332 0.05129528 0.03552248
0.04242624 0.04441803 0.04808835 0.04030243 0.04281993
0.05206554 0.04264294 0.04465027 0.03513019 0.04733236
0.04200954 0.04920867
