0.04079713 0.02680578 0.03961149 0.04195756 0.03753282
0.0374535 0.03572801 0.03326528 0.03747334 0.03915665
0.03776094 0.03904664 0.03793484 0.0382789 0.03734866
0.04446672 0.04003619 0.03405035 0.04249264 0.04335287
0.04263374 0.04154299 0.05279293 0.0455997 0.04279958
0.03599489 0.04001177 0.02763963 0.03670312 0.03560747
0.03746475 0.04049038 0.03997376 0.03960607 0.03858345
0.0404129 0.04193368 0.04333692 0.04084144 0.03988732
0.03735945 0.0391966 0.04537844 0.04196707 0.03940643
0.03541252 0.03638149 0.04257271 0.03658499 0.04368929
0.04006505 0.03895308 0.03837937 0.04139431 0.03754581
0.04764041 0.04099646 0.04348539 0.03928397 0.03489142
0.04315739 0.03982493 0.03725626 0.04316077 0.03609075
0.0387035 0.04148095 0.04062852 0.03935019 0.04161274
0.03885049 0.0413362 0.03802445 0.04230477 0.03815035
0.03750919 0.04031302 0.03936027 0.04170251 0.03787944
0.03949831 0.03173336 0.0422413 0.03698905 0.03598439
0.04253226 0.03765334 0.03826755 0.05184709 0.04339171
0.04053384 0.04609834 0.04028233 0.03894426 0.03840773
0.04182922 0.03965063 0.03810853 0.04168267 0.0382162
0.04425536 0.03949546 0.03559047 0.04341907 0.04152541
0.03928107 0.03527975 0.03663683 0.03915301 0.0379706
0.04225646 0.04018055 0.03795503 0.04362179 0.04211454
0.03963277 0.03974017 0.04244732 0.03835608 0.04359487
0.04066012 0.03407095 0.03715858 0.04146932 0.04287108
0.04085719 0.04026806 0.04466975 0.04406962 0.02951726
0.03801495 0.04172191 0.03765896 0.04215493 0.04507438
0.02964253 0.03939396 0.04152627 0.03847345 0.03720463
0.0340936 0.03745635 0.04045839 0.03321907 0.04174807
0.04289792 0.04468916 0.05437582 0.03744864 0.03828411
0.03795597 0.03872304 0.03946361 0.03782175 0.03925118
0.037115 0.040848 0.0374628 0.04459708 0.04369269
0.0448297 0.03699805 0.04273153 0.04052458 0.03852375
0.04101457 0.03567081 0.04049645 0.03908365 0.03922851
0.04353895 0.03999771 0.04129573 0.03674576 0.03758429
0.03735144 0.0455066 0.03734491 0.03612154 0.03820816
0.03692562 0.04168773 0.04079366 0.04304139 0.03359529
0.03893546 0.03879425 0.03736439 0.03702984 0.04113844
0.0414704 0.03773646 0.0384243 0.04035858 0.03595334
0.03996681 0.04484497 0.04356645 0.04049992 0.03637373
0.04258949 0.04300059
