0.04221097 0.02649844 0.03920506 0.03903756 0.03889162
0.04190576 0.04203413 0.04257669 0.03927839 0.03764521
0.03782924 0.03690181 0.04876643 0.04001393 0.03833009
0.03941768 0.04926626 0.04530271 0.04976559 0.04302294
0.0401532 0.04121125 0.04223206 0.04069353 0.03139773
0.04865117 0.03740941 0.04222843 0.03970178 0.04428152
0.04059211 0.04569424 0.05255349 0.05137671 0.04904474
0.04211402 0.04427338 0.03667493 0.04498077 0.04036481
0.03813581 0.04407639 0.03770035 0.03710593 0.03815968
0.04360842 0.04296773 0.04595153 0.03950256 0.03831469
0.04627274 0.04023542 0.04614853 0.04833746 0.04297473
0.04173649 0.03732869 0.04760168 0.03571693 0.05460568
0.03947464 0.03595769 0.04052372 0.05321296 0.04559147
0.04011237 0.03930531 0.03587027 0.04079436 0.03563255
0.04304108 0.04738738 0.03792328 0.03919803 0.045721
0.04767529 0.04078413 0.04311674 0.03580158 0.04143849
0.04073058 0.04211192 0.03828887 0.04091431 0.04649681
0.04090292 0.04198828 0.04379059 0.04032793 0.03999868
0.04149557 0.03892576 0.05196546 0.04178151 0.04311204
0.04300531 0.03549419 0.04176104 0.03937798 0.03839727
0.03845581 0.04514777 0.03918883 0.04184788 0.04306236
0.05677553 0.03953472 0.04936541 0.03531487 0.04423833
0.04545219 0.03804463 0.04588002 0.04268167 0.04019184
0.04302067 0.03580688 0.04373542 0.03590246 0.04141079
0.0384352 0.03998447 0.03811518 0.03773627 0.03960696
0.04679998 0.0383332 0.03924302 0.04153746 0.04065948
0.0397258 0.04423463 0.04416247 0.04529167 0.0393245
0.03600072 0.04132635 0.03953283 0.04261295 0.03583776
0.04234264 0.05009073 0.0445699 0.0426645 0.03797542
0.03775123 0.03877 0.04273267 0.0431475 0.03716682
0.04279772 0.04345819 0.04550366 0.03521479 0.04063404
0.04324774 0.04698095 0.0438677 0.03709096 0.04238415
0.04001233 0.04133725 0.04209354 0.03966398 0.04034445
0.04364909 0.0435536 0.04265494 0.04562976 0.04311696
0.03700949 0.0348408 0.03561993 0.04065268 0.0384431
0.04712764 0.0440185 0.04248933 0.04035983 0.04715454
0.03791923 0.04383676 0.04975546 0.0386386 0.05269406
0.04420748 0.03834112 0.04116234 0.03910934 0.04241876
0.04795736 0.04045398 0.04833124 0.04038358 0.04497035
0.03783035 0.04675105 0.0437204 0.04036429 0.03990168
0.03943135 0.03706793
