0.03600032 0.02461922 0.03426413 0.03556181 0.03932904
0.03217962 0.03837746 0.04105964 0.03481796 0.04177118
0.04027085 0.04123433 0.04418239 0.03936616 0.03395021
0.03090522 0.03611728 0.03418594 0.03542747 0.03159314
0.03870886 0.04098876 0.03838841 0.03326934 0.03954846
0.03698803 0.03878641 0.03975297 0.03401023 0.0318002
0.0324715 0.04064602 0.03596158 0.03524727 0.03350279
0.03589271 0.03368937 0.03601224 0.0310669 0.03147459
0.03680071 0.03770337 0.02810723 0.03373454 0.03618625
0.0395228 0.03612471 0.039646 0.03233914 0.03653195
0.03417762 0.03143069 0.03794485 0.03876824 0.03466655
0.03356511 0.03652193 0.0421873 0.03918202 0.03664304
0.03376612 0.02924897 0.03495868 0.03642 0.03758107
0.03685453 0.03195042 0.02959422 0.03846072 0.04008256
0.03750368 0.03618032 0.03705068 0.03590618 0.03756414
0.04484536 0.02955652 0.03830505 0.03906432 0.03572533
0.04107495 0.03979239 0.03319306 0.04393376 0.0373434
0.04574784 0.03797811 0.04004708 0.03418948 0.03481933
0.03646752 0.03660369 0.03641296 0.03471359 0.03476005
0.03901327 0.03948641 0.04313167 0.04584739 0.03836852
0.03510415 0.03832044 0.03849295 0.03776405 0.03984315
0.03145659 0.03175398 0.03945925 0.03375531 0.03319961
0.03759205 0.04209322 0.03726005 0.03720753 0.03871815
0.03279329 0.03056686 0.0356836 0.03252393 0.03516005
0.03379566 0.03634863 0.03841927 0.03579493 0.03813928
0.03298426 0.03110688 0.03838988 0.03364739 0.03378176
0.03619562 0.03411749 0.03266582 0.03903984 0.03690013
0.03573469 0.03603884 0.04082411 0.03504107 0.03451281
0.03403751 0.03839382 0.03672497 0.03896278 0.03485049
0.04081057 0.03276997 0.03212227 0.03304791 0.03518199
0.03951358 0.03915722 0.03616087 0.03603074 0.03911384
0.03154556 0.03574925 0.0320435 0.04271925 0.03646256
0.03925882 0.03724744 0.03664732 0.03527421 0.03766082
0.03510006 0.03961073 0.03612355 0.03888148 0.04016182
0.03096525 0.04100341 0.03617918 0.03749989 0.0319689
0.0385007 0.0537417 0.03366519 0.04110706 0.03409826
0.03936669 0.03624744 0.03603019 0.03308916 0.03277846
0.03771114 0.03074242 0.03605284 0.03430327 0.03595204
0.03627263 0.03725694 0.0400334 0.04133939 0.03951192
0.04306656 0.03602479 0.035855 0.03526467 0.03679442
0.03614284 0.03320252
