0.04389544 0.02814922 0.03974706 0.04446923 0.04633947
0.04028124 0.04907597 0.05238081 0.0499311 0.04750372
0.0541465 0.05454615 0.0454039 0.04893461 0.04543504
0.04539072 0.04597869 0.04514007 0.04812184 0.04136705
0.04040778 0.04174156 0.0443568 0.04715005 0.04249236
0.04934169 0.04126706 0.04287871 0.04587545 0.044409
0.04553817 0.04255099 0.04467341 0.0408288 0.04220115
0.04786786 0.04984373 0.04588663 0.04354305 0.04568376
0.04377545 0.04857433 0.04976449 0.04348518 0.05169945
0.0411097 0.04054839 0.04700211 0.04347591 0.04453718
0.04184707 0.04450041 0.04203251 0.04208104 0.04348428
0.04688875 0.03787213 0.04127133 0.04788552 0.04944435
0.04279924 0.05041845 0.04353054 0.04531685 0.0495193
0.04291906 0.04202298 0.0414406 0.04345677 0.04759735
0.04323281 0.0477651 0.03866235 0.0433732 0.04128546
0.04593035 0.04437465 0.04299049 0.04205144 0.04391835
0.03674863 0.06039374 0.04716854 0.04568042 0.04202614
0.04995227 0.04192706 0.04976151 0.043854 0.05164757
0.04176395 0.04769635 0.04448982 0.04275266 0.0421388
0.04616567 0.04458447 0.04260499 0.04401804 0.04356243
0.04277426 0.04653184 0.04238373 0.04738328 0.04728755
0.04311205 0.04219207 0.03966375 0.04344267 0.03922061
0.04178236 0.05115222 0.04202832 0.04333814 0.04164964
0.04186351 0.04696603 0.0471285 0.04667729 0.04923601
0.04298426 0.04377606 0.04319217 0.04463271 0.04636406
0.04804907 0.04784861 0.04735232 0.04233096 0.04887226
0.04594067 0.04516298 0.03823131 0.0387768 0.04243609
0.04292867 0.04338786 0.038616 0.04720895 0.04923564
0.04955831 0.04224114 0.04151149 0.04968636 0.04338455
0.04421083 0.03985496 0.05486473 0.03993666 0.05206086
0.03111932 0.04559096 0.04611312 0.04325008 0.05269808
0.04781955 0.04318644 0.04457649 0.04109685 0.03788081
0.04214414 0.04484487 0.03993397 0.04357991 0.0438072
0.04239736 0.0453695 0.0453824 0.04201269 0.04299132
0.04485168 0.04145952 0.04533975 0.04007172 0.04814062
0.04188197 0.04658328 0.04711016 0.04223046 0.04503831
0.04118727 0.04717233 0.03969538 0.04329501 0.04183179
0.04316069 0.04461486 0.04655584 0.04298317 0.03881206
0.04847197 0.04669871 0.05326637 0.04504186 0.04226133
0.04395624 0.03881317 0.04427389 0.04930517 0.04605516
0.03992135 0.04385932
