0.03654324 0.02553601 0.03581671 0.03902463 0.04121069
0.03335188 0.03544698 0.03515975 0.0356804 0.03062928
0.03766003 0.03765533 0.034424 0.03393675 0.04000086
0.03380852 0.03839068 0.03907567 0.03861501 0.03772649
0.03828159 0.03531803 0.03633457 0.0391185 0.04175423
0.03763584 0.03213808 0.03577905 0.03301506 0.0409911
0.03679046 0.0393445 0.04155329 0.03588708 0.03705833
0.03013483 0.03549 0.03488785 0.03370083 0.03565694
0.03969511 0.03804321 0.03691093 0.03739526 0.03527916
0.03509279 0.03317949 0.03622709 0.03416741 0.03338232
0.04030284 0.03677532 0.03586042 0.03835931 0.03795753
0.03617538 0.03408995 0.03884933 0.03857102 0.03307479
0.03539495 0.03585532 0.03651152 0.03370133 0.03521812
0.03955374 0.03715953 0.03811944 0.03342397 0.03798809
0.03244415 0.03311689 0.03540108 0.03504254 0.03978887
0.03659792 0.03971279 0.03648735 0.03735425 0.03740374
0.03639607 0.03850624 0.0342977 0.0386378 0.03725599
0.04025769 0.03466234 0.03501517 0.03962789 0.04066694
0.03407032 0.03514489 0.03679561 0.03933661 0.03639317
0.03312289 0.03684792 0.03626188 0.03248365 0.04163589
0.0372009 0.0370958 0.0377624 0.03579815 0.04107815
0.03201754 0.0388452 0.03878118 0.03671433 0.03632253
0.03509559 0.03544981 0.03690378 0.04040068 0.03480573
0.03400206 0.03740004 0.03953727 0.040135 0.03750884
0.04061111 0.03552829 0.04020795 0.03806185 0.0363261
0.03388592 0.03945101 0.03332963 0.03979936 0.0362236
0.03861341 0.03454702 0.0389855 0.03642769 0.03800072
0.04052294 0.04092851 0.04222851 0.03823086 0.03816158
0.03748513 0.03368446 0.03551363 0.04185338 0.03668448
0.03563399 0.03557058 0.03553133 0.03612909 0.03900174
0.03377919 0.03399829 0.03790685 0.03591683 0.03618284
0.0378619 0.03500209 0.03277916 0.03821079 0.03365772
0.03506926 0.0313921 0.0347289 0.03536448 0.04056479
0.03803601 0.03774122 0.03222027 0.03541931 0.03809809
0.03862421 0.04277528 0.04102918 0.02988981 0.03581533
0.04033581 0.03972708 0.03978874 0.03490407 0.03756178
0.03503329 0.03304905 0.03544963 0.04015957 0.03899656
0.0324944 0.03589936 0.03506593 0.03689606 0.03597083
0.03669857 0.03439176 0.03875642 0.03883583 0.03703284
0.03544041 0.03670256 0.03955445 0.03416485 0.04006847
0.03514325 0.0372581
