0.04073583 0.0272654 0.04053173 0.0402965 0.0379548
0.0405874 0.03887899 0.04504283 0.04615474 0.04161786
0.04041356 0.04362746 0.04098735 0.03734339 0.04021209
0.0379004 0.04440745 0.03899985 0.03563546 0.03731214
0.04148741 0.03732486 0.04746042 0.03732834 0.04241985
0.04208541 0.04206769 0.04259777 0.03985829 0.03813709
0.04024778 0.03728646 0.04305562 0.03900502 0.04308393
0.04186284 0.04021825 0.04489017 0.04371768 0.04105826
0.0407885 0.04308363 0.04094224 0.04296084 0.04055508
0.03580601 0.04187726 0.04126641 0.03475937 0.04079304
0.04695496 0.04043881 0.04208964 0.04011454 0.04117687
0.04180031 0.05047876 0.04359761 0.0428358 0.04437775
0.0424672 0.04155172 0.04152881 0.04286269 0.03965111
0.04080038 0.04126334 0.04410948 0.0370666 0.04200017
0.03882289 0.04095697 0.036683 0.04203669 0.03713716
0.03953495 0.04555735 0.03649985 0.03804506 0.03937553
0.04299341 0.0338821 0.04572942 0.04347646 0.04116231
0.04853345 0.04327086 0.04010553 0.03829279 0.03784162
0.03489933 0.04169381 0.04085383 0.04493196 0.03849432
0.04122285 0.03569227 0.04378545 0.04259588 0.04112919
0.04151308 0.03943143 0.04004471 0.03349457 0.04202057
0.04330099 0.04264216 0.03636587 0.03990462 0.03670896
0.03979935 0.04460167 0.04315796 0.03579397 0.04231712
0.04131026 0.0422547 0.04149067 0.03966255 0.04077251
0.04041208 0.03366338 0.04095333 0.04487906 0.04069446
0.03727784 0.04152507 0.04151445 0.04394486 0.03838251
0.03858361 0.04027884 0.03892085 0.04075241 0.0427534
0.04595081 0.04048483 0.04062473 0.03853512 0.04745863
0.04204768 0.04205477 0.04769813 0.0421812 0.04004023
0.03789086 0.04179969 0.03344699 0.04563652 0.03901289
0.03906495 0.0433352 0.03747274 0.04402005 0.03825281
0.04134989 0.03743156 0.04406102 0.04760196 0.03710524
0.0413199 0.04307923 0.04017843 0.0363248 0.04407871
0.04322526 0.04283909 0.03544101 0.03895204 0.03773099
0.03865919 0.04174989 0.03969086 0.04411427 0.04498038
0.04525845 0.03756762 0.0395154 0.04240645 0.04375338
0.04204825 0.04579606 0.04412988 0.03806297 0.04189493
0.04448129 0.04287887 0.04070299 0.04416005 0.03408602
0.04213798 0.04197532 0.0455374 0.04082978 0.03764015
0.03970702 0.03694107 0.0435154 0.04035703 0.03711113
0.04110376 0.03926555
