0.04044566 0.02662997 0.05042847 0.03779812 0.04636136
0.03903091 0.03739111 0.03412321 0.0410668 0.04147397
0.05210527 0.0475895 0.03797308 0.03807821 0.04011346
0.0392141 0.03701027 0.04176878 0.03707918 0.0422359
0.03456958 0.04249218 0.04465707 0.03987788 0.03825993
0.03997279 0.04052534 0.03949204 0.04029569 0.03950443
0.03887388 0.04292562 0.03730549 0.04154923 0.03740489
0.03404798 0.04097225 0.04130196 0.04153975 0.04492769
0.04708189 0.04772083 0.04193089 0.04454477 0.04431784
0.0379236 0.04390116 0.03933802 0.04075196 0.04556249
0.03937701 0.03537717 0.03698876 0.04478387 0.03555612
0.04653151 0.04161894 0.03797395 0.03797765 0.0372192
0.0401971 0.04315898 0.04339346 0.04463086 0.03314916
0.03582354 0.03550613 0.04103096 0.03581667 0.04355103
0.03910742 0.04035395 0.03821075 0.04483704 0.05089753
0.04426286 0.03801593 0.03900635 0.0454559 0.03877238
0.03876179 0.0365308 0.03805048 0.0389038 0.03826711
0.0422602 0.04274579 0.03753161 0.03602988 0.0421609
0.03638612 0.03863711 0.03543261 0.03511009 0.04132109
0.04622924 0.03586643 0.03830853 0.03778436 0.04398515
0.0461115 0.04892403 0.03760926 0.03987325 0.04039267
0.03587738 0.03832204 0.03670542 0.03988053 0.03527731
0.03961119 0.03942736 0.0372266 0.03643799 0.04109712
0.03704893 0.03939774 0.04157146 0.04297154 0.03872872
0.04268913 0.03812369 0.03858153 0.03605584 0.04160022
0.04024281 0.03715934 0.04390932 0.04515785 0.04146107
0.04125697 0.0341956 0.04005428 0.0444387 0.0389668
0.0511746 0.03513363 0.03616067 0.03683383 0.02975973
0.03532984 0.04048233 0.03774143 0.04245608 0.03977514
0.03955167 0.03546727 0.03798265 0.03660127 0.03510686
0.03788106 0.04256594 0.04219498 0.03631277 0.04021769
0.03432347 0.04058117 0.03882252 0.03851696 0.03657234
0.04094314 0.04956618 0.04068689 0.04070487 0.03493498
0.04322814 0.03789014 0.03912694 0.03678678 0.03792404
0.0412629 0.04022654 0.04051144 0.03643805 0.03749934
0.03463475 0.03802997 0.04297565 0.0387296 0.0359522
0.04100783 0.04731603 0.0390361 0.03791607 0.03884836
0.03890005 0.0387824 0.03869396 0.0450531 0.03836803
0.0379146 0.0347112 0.03993601 0.04016376 0.03570204
0.03598566 0.04097237 0.04206241 0.03526871 0.03812065
0.04725154 0.0384325
