0.03881068 0.02592204 0.03750691 0.03396826 0.04791755
0.04272673 0.03962387 0.04383295 0.04229657 0.04416978
0.04052502 0.03526522 0.04212324 0.03807791 0.04116624
0.03789957 0.03910372 0.03895283 0.03806085 0.03809085
0.04376893 0.03858624 0.03562773 0.03538101 0.03952265
0.03814424 0.0417877 0.03675108 0.04185202 0.03392091
0.0346096 0.04183252 0.03893637 0.03940079 0.04089347
0.04068206 0.03514171 0.04336174 0.03001104 0.03726348
0.04289233 0.03834499 0.04553476 0.0435412 0.03917506
0.04373975 0.03730165 0.03804546 0.0367626 0.04318813
0.03860819 0.04313578 0.03565734 0.03834609 0.04461746
0.04169374 0.04251578 0.03724905 0.03676616 0.04694641
0.04057061 0.0380064 0.04115433 0.04235915 0.0378811
0.03638291 0.03280052 0.04052731 0.03451742 0.03951919
0.03511703 0.03728951 0.04106444 0.04548552 0.03886919
0.03406466 0.03764102 0.04067368 0.03853018 0.0351569
0.0389049 0.03306842 0.0392006 0.04368076 0.03747954
0.03311028 0.03776606 0.0433 0.03791247 0.0398136
0.04450398 0.03519986 0.04394754 0.04392931 0.04721372
0.03478208 0.04003096 0.04178276 0.0394396 0.03308312
0.03626178 0.03865835 0.03836023 0.0384858 0.03552423
0.03622661 0.03443225 0.04113281 0.0388246 0.02995084
0.03981768 0.03989535 0.04457889 0.04053618 0.03706963
0.03529633 0.03556038 0.04056872 0.04093617 0.03922813
0.04014728 0.03638879 0.03799692 0.04038691 0.03894564
0.03876839 0.03869952 0.03802195 0.03576538 0.04100857
0.038071 0.03641528 0.03505185 0.04164045 0.03659924
0.03763216 0.0374803 0.04000358 0.03720737 0.0414425
0.03975803 0.03481304 0.04368415 0.04394747 0.03302224
0.04004632 0.03422603 0.03802397 0.039564 0.0374327
0.03890697 0.03893682 0.0359886 0.04605342 0.0360552
0.03786135 0.03835187 0.03541699 0.03637336 0.03600206
0.03875849 0.0345727 0.03731867 0.04024799 0.03471154
0.0392154 0.04451708 0.03765349 0.039034 0.03722336
0.03874865 0.03711282 0.03762623 0.03789119 0.03465842
0.03760046 0.0400972 0.03719768 0.03729846 0.03597723
0.03489599 0.03715354 0.03790324 0.0365299 0.04014559
0.03805796 0.03660738 0.03668978 0.03533749 0.03929596
0.03959761 0.03540385 0.03631309 0.04055017 0.04471112
0.04978881 0.03830506 0.04220832 0.03516799 0.03783882
0.04185187 0.03723944
