0.04907293 0.02930925 0.04549386 0.05005843 0.04799427
0.0514282 0.04330489 0.05464303 0.04517876 0.04923012
0.05338157 0.04626576 0.04701293 0.04816449 0.05239068
0.04779036 0.05464971 0.04746659 0.0500273 0.04586134
0.04702263 0.05128377 0.04645563 0.04880912 0.04951598
0.04751863 0.05038658 0.04970943 0.04582624 0.0532015
0.04581431 0.05137173 0.05082246 0.0525666 0.04813117
0.05735579 0.04651624 0.04924783 0.05067753 0.04762523
0.04855306 0.04888991 0.04833173 0.04968782 0.04900147
0.04518199 0.05004046 0.05005932 0.04599822 0.04851824
0.0445684 0.0494289 0.0512318 0.049372 0.0441402
0.04698119 0.04664609 0.04540327 0.05474187 0.04191263
0.05441764 0.0471916 0.05565268 0.04776908 0.04685768
0.04866083 0.04701078 0.04499057 0.05367246 0.04416294
0.0493006 0.04880541 0.0498484 0.05041627 0.04988757
0.05228431 0.04502535 0.05750124 0.048159 0.04201486
0.05559992 0.04965171 0.05176879 0.05146047 0.04991664
0.04982802 0.05295734 0.04871194 0.04856808 0.0495149
0.04486261 0.04581394 0.04769298 0.04487288 0.0485128
0.04828559 0.04471531 0.05190837 0.05010134 0.04955097
0.05636278 0.0507781 0.04768176 0.05143595 0.04898354
0.05269664 0.05159317 0.04641368 0.04290729 0.04727393
0.04835499 0.04776219 0.04698959 0.05122374 0.0494804
0.05321531 0.05164289 0.04558074 0.04904093 0.04830909
0.04952678 0.04748509 0.04362619 0.05341669 0.04768337
0.0491737 0.04868057 0.04271809 0.04553198 0.05060556
0.04994397 0.05405277 0.04727379 0.04648877 0.04175211
0.05895135 0.05353654 0.05387601 0.04220363 0.05118084
0.04882632 0.05025592 0.04383174 0.05479058 0.04527539
0.0506846 0.04940411 0.04731551 0.04725539 0.04289399
0.03975855 0.04691124 0.04886449 0.05611164 0.04831212
0.05576852 0.0537753 0.04690679 0.04296241 0.04499672
0.05309937 0.0561601 0.05004005 0.04671358 0.04865554
0.04993942 0.05142759 0.04781222 0.04276782 0.04778071
0.04482599 0.04592553 0.04622624 0.04936882 0.04837159
0.04864181 0.04681335 0.04864199 0.04251719 0.05577224
0.04371741 0.04447314 0.04953986 0.04650139 0.04876589
0.0506845 0.05092692 0.04772377 0.05269271 0.05238068
0.04754789 0.04718444 0.05066976 0.04975619 0.05074005
0.05252437 0.04652043 0.05748227 0.04455048 0.04644894
0.05203654 0.04604849
