0.03848052 0.02561268 0.03771255 0.04199682 0.03839375
0.03850226 0.04252912 0.03440679 0.04069919 0.0353026
0.04316687 0.03947825 0.04060639 0.03717635 0.03772023
0.03430034 0.03473663 0.03900171 0.04235843 0.04532201
0.04397754 0.0413249 0.0368307 0.04012328 0.04289784
0.03902143 0.03989604 0.04146661 0.03608724 0.03742669
0.0429057 0.03932113 0.03809102 0.03609468 0.04614907
0.03316151 0.03535769 0.03428853 0.03894595 0.03951936
0.03370821 0.03493892 0.04478196 0.0396466 0.03686241
0.03760337 0.03739822 0.04116597 0.03320175 0.04023112
0.04054435 0.0347717 0.03918774 0.0370078 0.03470961
0.03604304 0.0378706 0.03704444 0.0415113 0.0364302
0.03823635 0.0399263 0.03521816 0.03173327 0.03906858
0.03820121 0.03767384 0.03916282 0.04016348 0.03288563
0.04101367 0.03529204 0.03902346 0.0404804 0.03878124
0.03720846 0.03736221 0.03316017 0.03925998 0.03781611
0.03847164 0.03180195 0.04371354 0.03983372 0.03959892
0.04238496 0.04415118 0.04040294 0.05046954 0.04007229
0.04126747 0.04019827 0.04092855 0.03653395 0.0399361
0.04201954 0.042582 0.03878804 0.03854387 0.03768561
0.03491658 0.04461134 0.03605632 0.03828855 0.0425538
0.03823589 0.03805725 0.0376952 0.04251475 0.04400343
0.03434355 0.04108751 0.04020496 0.0390247 0.04528181
0.03543861 0.04160443 0.03295808 0.04311687 0.05203179
0.04252607 0.03467891 0.03639805 0.03419717 0.03318329
0.03613453 0.0372534 0.04058109 0.03230309 0.03964741
0.03370407 0.03702528 0.04003766 0.03808277 0.03362158
0.03835284 0.04028421 0.03328841 0.03799041 0.03954001
0.03722891 0.03961399 0.03509481 0.03727155 0.03519195
0.0412964 0.04432641 0.04017014 0.03403848 0.03713009
0.03431928 0.0351035 0.04290539 0.03798488 0.04197728
0.04085397 0.04184364 0.03850598 0.03366028 0.03901052
0.03524355 0.03997891 0.04630109 0.04129773 0.04150524
0.04005152 0.04604872 0.04444342 0.03721764 0.04032008
0.03783989 0.03213944 0.03756088 0.03946709 0.04070621
0.04051129 0.03904206 0.03931676 0.0363174 0.03990499
0.03884493 0.04107179 0.03455774 0.03834037 0.0368199
0.04956246 0.04033359 0.03600148 0.03692198 0.04357539
0.03865192 0.03833266 0.03940586 0.0415672 0.04205499
0.04846448 0.03299492 0.03897045 0.03857494 0.04099222
0.02972746 0.03222563
