0.03890151 0.0253432 0.0395287 0.03375095 0.03704152
0.03903964 0.03627292 0.04227651 0.04067504 0.0359455
0.0349831 0.03920746 0.04304206 0.04042586 0.0368226
0.0340482 0.04258374 0.03834442 0.04011882 0.03222528
0.0382577 0.03869603 0.0315734 0.03267864 0.04396932
0.03552675 0.03788504 0.04240095 0.03913791 0.04087267
0.03986232 0.03873325 0.03860308 0.04095487 0.03336205
0.04012024 0.03777053 0.04283103 0.04668074 0.04044348
0.04035909 0.04111315 0.03697505 0.03184834 0.03956984
0.03689911 0.03835288 0.03582874 0.03958289 0.03856319
0.03972364 0.04040266 0.03855683 0.04060361 0.03277396
0.03950299 0.03513746 0.03542706 0.03783635 0.03751091
0.03680882 0.04118592 0.04864305 0.03796784 0.03871125
0.04517123 0.03273751 0.03974049 0.03043044 0.03999888
0.03975418 0.04429553 0.03571501 0.04255747 0.03383314
0.03664928 0.04397031 0.03568082 0.04122023 0.03845657
0.04150815 0.04018259 0.04275308 0.03708015 0.03473879
0.04359901 0.04011642 0.04358354 0.03626859 0.03784197
0.03726642 0.04169221 0.04503906 0.04398891 0.03857376
0.04205585 0.03852906 0.0433801 0.03906846 0.04830136
0.03971247 0.03573919 0.03795217 0.04396236 0.04016004
0.04391269 0.04052348 0.03989345 0.03610164 0.03838007
0.04035968 0.0339871 0.03583498 0.03842815 0.0359622
0.03669117 0.03251991 0.03950623 0.04078209 0.04113554
0.03755918 0.03416578 0.03309749 0.03974404 0.03284626
0.03954317 0.03645191 0.04316968 0.04166681 0.0385839
0.03341568 0.03620946 0.03779002 0.03585897 0.0399688
0.03524448 0.03625831 0.0331042 0.03939669 0.03193578
0.03549575 0.03286903 0.03816501 0.03848535 0.04203941
0.03650179 0.03649434 0.03303667 0.03583322 0.04177182
0.03691846 0.03540186 0.04272171 0.04565048 0.03365263
0.04446737 0.0373773 0.0364324 0.03603691 0.03794019
0.04089118 0.03659087 0.03690503 0.03716264 0.03257791
0.03954139 0.0341711 0.04117349 0.03600909 0.04222414
0.03564817 0.03495432 0.03868568 0.04582879 0.04240851
0.03692586 0.0373555 0.0456446 0.03600185 0.03906166
0.03454177 0.03867829 0.04088887 0.03327406 0.03705838
0.03973294 0.03775287 0.03466958 0.04563916 0.04530849
0.04127275 0.03677105 0.0408283 0.0371521 0.04264777
0.043905 0.03878339 0.03978474 0.03916252 0.03213601
0.04073201 0.04136189
