0.03813336 0.02633184 0.04091152 0.0373926 0.03912138
0.03929872 0.03872482 0.03862695 0.03729028 0.03512534
0.03965308 0.03695432 0.0452248 0.04256907 0.03609215
0.03565069 0.03962054 0.03556808 0.03363406 0.04036658
0.03790868 0.03608328 0.03219877 0.03375536 0.0388516
0.03655764 0.04149161 0.04208262 0.03957611 0.03773669
0.03746008 0.03498748 0.04420903 0.03950299 0.03680099
0.03855299 0.04279676 0.0394644 0.04331647 0.03937342
0.03497047 0.0335884 0.03404772 0.04076979 0.0360713
0.03410246 0.0426967 0.04388053 0.04140822 0.03830051
0.03405304 0.0360652 0.04216421 0.03610643 0.03398408
0.04355714 0.03295959 0.03601125 0.03407688 0.03757893
0.03628828 0.03924127 0.0335603 0.03941184 0.04069095
0.03414611 0.03852787 0.03923592 0.04048028 0.03761021
0.04146974 0.04134671 0.03019035 0.04128917 0.03041518
0.03895293 0.03853547 0.03700758 0.03639023 0.04064741
0.04294374 0.03966511 0.03272102 0.03757943 0.03780064
0.03926168 0.04238826 0.0374295 0.03921456 0.03379832
0.03632174 0.03727856 0.03566737 0.0343407 0.03704777
0.03776271 0.0433106 0.03926093 0.03597014 0.04059144
0.0378215 0.03616289 0.04329851 0.04077488 0.04172876
0.03530739 0.03656559 0.03881389 0.03824008 0.03784205
0.03794543 0.03917493 0.0384722 0.03754356 0.03484482
0.03933057 0.03938119 0.03894123 0.03889339 0.04100239
0.03965197 0.03845908 0.03184903 0.03245454 0.04988484
0.03446421 0.03774196 0.03704975 0.04034865 0.03962253
0.03766795 0.04018184 0.04058801 0.03685076 0.03964172
0.04243976 0.03943621 0.03912522 0.03629738 0.03933616
0.0359354 0.04310577 0.04414662 0.03467421 0.03855876
0.03889039 0.04107697 0.03784796 0.04425512 0.03637106
0.03901145 0.03656013 0.03462444 0.041787 0.03719356
0.03513625 0.03355088 0.04308517 0.0356178 0.04267006
0.03918935 0.03659021 0.04348357 0.03338167 0.04425036
0.03393272 0.03589275 0.03508958 0.04010146 0.03861718
0.03563543 0.03951643 0.04034264 0.03674433 0.03847801
0.03905168 0.03779645 0.03850869 0.04059538 0.03412514
0.04565866 0.03797962 0.03335574 0.0421515 0.03784657
0.031894 0.04109676 0.03979206 0.03843627 0.04415291
0.04198878 0.03670772 0.04302774 0.0419873 0.04580331
0.04156834 0.03310144 0.0360523 0.03999719 0.03622024
0.03661368 0.04279015
