0.0379066 0.02561774 0.03876869 0.03825855 0.03830722
0.03684517 0.03931984 0.04746152 0.04441038 0.04144755
0.03816186 0.04348895 0.04172699 0.03499993 0.04032441
0.04403059 0.04353756 0.03803385 0.03911812 0.04287372
0.04177091 0.04146682 0.03877553 0.0380206 0.03636551
0.04524082 0.03629357 0.04186395 0.03603271 0.04178151
0.04404695 0.04119809 0.0401189 0.03901213 0.03370006
0.03360473 0.04592506 0.04140268 0.04420157 0.03514047
0.0371632 0.0370345 0.04438866 0.03770067 0.0414445
0.03598272 0.03381986 0.03322965 0.04437842 0.04158692
0.03003148 0.0395495 0.03782388 0.03371107 0.03685729
0.03908817 0.03947429 0.04016517 0.03972282 0.04277747
0.03980123 0.04562662 0.03877718 0.03495632 0.03656805
0.04389546 0.04037252 0.03823343 0.03727112 0.03603123
0.03437064 0.0429306 0.04323304 0.03611451 0.04490119
0.04175877 0.0389811 0.03802257 0.03801067 0.03856843
0.04129772 0.04346794 0.04103311 0.03755217 0.0431662
0.04307936 0.03599213 0.03583306 0.03430249 0.03888093
0.04414217 0.03708104 0.03483174 0.04004566 0.04249009
0.03485535 0.03191807 0.03363727 0.04602966 0.03907071
0.04068985 0.04345491 0.044846 0.03709449 0.0381493
0.03840615 0.03503673 0.03571301 0.03960501 0.04663208
0.04118142 0.03242209 0.0414974 0.039554 0.03795206
0.03559265 0.03815533 0.03693373 0.03295786 0.03808742
0.03779567 0.03774147 0.04538894 0.03636517 0.041784
0.03346822 0.03974526 0.04423599 0.03367217 0.03907299
0.04258066 0.03834465 0.04038141 0.03425644 0.03340037
0.04407518 0.04418824 0.04082344 0.03779122 0.04117011
0.03667805 0.03519431 0.03416911 0.04139474 0.04040784
0.04072678 0.03857826 0.03422351 0.04160555 0.03926926
0.03692063 0.0406022 0.03404786 0.03106022 0.03877729
0.0409829 0.04213452 0.04062175 0.04416065 0.04333537
0.03413653 0.04110645 0.03807559 0.04554444 0.04371729
0.04131376 0.04149326 0.03661851 0.03647402 0.038702
0.04005411 0.04441811 0.03732534 0.04608669 0.03599886
0.03504634 0.04013891 0.04222286 0.04567277 0.03888776
0.04430468 0.03848744 0.03810159 0.03722736 0.03828279
0.04747181 0.04399158 0.04479173 0.03980949 0.03895548
0.03794464 0.03596185 0.04118566 0.04353742 0.03764849
0.04065497 0.03822586 0.04098033 0.03908466 0.03345323
0.04323266 0.0414454
