0.0459493 0.02764818 0.04308445 0.04953448 0.04499095
0.04642203 0.04842028 0.04956204 0.04419344 0.04573008
0.04437135 0.04500845 0.04448208 0.04253509 0.04104683
0.04692456 0.03930927 0.0478089 0.03745124 0.0439662
0.04750168 0.03168568 0.05515766 0.04367717 0.04216971
0.04458448 0.0487637 0.04533266 0.03683609 0.04637985
0.04349762 0.0448398 0.04561255 0.0709568 0.03892396
0.04444426 0.04678213 0.04414561 0.04658513 0.04893737
0.03422873 0.04152605 0.04659474 0.04511712 0.0428583
0.04273779 0.04390583 0.04215165 0.04396911 0.04100628
0.04238881 0.04957206 0.04429721 0.03949898 0.04731023
0.03685558 0.04343397 0.04362254 0.04221095 0.05613157
0.04276602 0.04382116 0.04897906 0.03930876 0.04426139
0.04425846 0.06006405 0.05025234 0.04362269 0.04529114
0.04534613 0.04458196 0.03839501 0.04926991 0.04376032
0.0465415 0.04475615 0.04707355 0.0504983 0.04596392
0.04208763 0.04443091 0.04061543 0.04216652 0.05616382
0.05110008 0.03886918 0.04736566 0.05024545 0.04510988
0.04518749 0.04536269 0.04322405 0.04659535 0.04367639
0.04485399 0.04398678 0.04862164 0.05742221 0.0540481
0.04330489 0.04354373 0.05024975 0.04719173 0.04481849
0.04546188 0.0456079 0.04094074 0.04870913 0.04625424
0.0425469 0.05331401 0.04275713 0.04557197 0.04443485
0.04699239 0.04507644 0.04310288 0.04530608 0.04280848
0.05061258 0.0456918 0.04599298 0.04275331 0.04451142
0.03961338 0.0479556 0.04826561 0.04156478 0.04246145
0.04314526 0.0372065 0.04184087 0.05049695 0.04251026
0.04433522 0.04526988 0.04324953 0.0440133 0.04252621
0.0468434 0.04541172 0.04371479 0.0398579 0.03976267
0.05000397 0.0544387 0.04239905 0.04177949 0.04301634
0.04583785 0.04820563 0.04116981 0.04736253 0.04851061
0.04117378 0.05398906 0.05707579 0.04718063 0.0458583
0.04370151 0.04302172 0.0414801 0.04274003 0.04733399
0.04407349 0.0418427 0.04212309 0.04607769 0.04206549
0.04479591 0.05874528 0.04762812 0.04681817 0.0439111
0.04578599 0.04077135 0.05701995 0.0460891 0.04374714
0.0500592 0.0392121 0.04088643 0.0520142 0.04942171
0.03458397 0.0410962 0.04449184 0.04410306 0.04554465
0.03425599 0.04620284 0.04088519 0.0457365 0.04206034
0.04495661 0.04238996 0.04570113 0.04227122 0.04159454
0.04620777 0.04890312
