0.03871155 0.02554065 0.2009746 0.03997593 0.1439897
0.2069975 0.2397843 0.03542737 0.03273689 0.2822727
0.1272594 0.04395287 0.08166655 0.142126 0.02996331
0.2469808 0.04153411 0.03764923 0.2396261 0.02836392
0.03522593 0.03971304 0.03072308 0.04263522 0.03529739
0.03720845 0.04766832 0.03999674 0.05944312 0.2790553
0.3384582 0.04426946 0.02965634 0.04919906 0.2608142
0.0333928 0.03287359 0.1163538 0.03569125 0.03914958
0.1978931 0.0828811 0.0277786 0.03063275 0.03401126
0.03003776 0.09172801 0.3043444 0.02902063 0.08887998
0.03900043 0.1895622 0.04322786 0.02994851 0.271171
0.03484626 0.04009329 0.0299865 0.02864936 0.03938437
0.04448783 0.03600034 0.0367499 0.03575455 0.2241549
0.03687805 0.02876765 0.03912268 0.2213532 0.03977416
0.2164307 0.03810397 0.03789495 0.04371719 0.04969008
0.09723195 0.03950968 0.2820322 0.2242329 0.04971356
0.03602378 0.2529952 0.1935867 0.3126713 0.0267682
0.1387225 0.05103281 0.04703365 0.03699099 0.03358201
0.03362371 0.1829871 0.03564588 0.2344405 0.03700338
0.03707947 0.03367054 0.04338496 0.15254 0.1634051
0.1272635 0.1951318 0.05953596 0.07577388 0.2424416
0.04262259 0.03502469 0.08276725 0.03436531 0.2124763
0.04595208 0.2027261 0.03058921 0.2863149 0.0320411
0.284408 0.04926348 0.0469827 0.07693133 0.09367463
0.03495146 0.04130462 0.14171 0.1946255 0.08816088
0.3480148 0.03687685 0.04293324 0.03616111 0.2067285
0.03999256 0.03746783 0.1542197 0.1285062 0.03910111
0.03360314 0.2423064 0.1330187 0.2389438 0.04189232
0.09124726 0.1418711 0.04086676 0.05142601 0.3743384
0.02374078 0.1039631 0.03678651 0.02990069 0.08978683
0.02645609 0.03550567 0.1874215 0.1590773 0.0295683
0.03439302 0.2664359 0.04764862 0.05288848 0.2253693
0.04483999 0.1298985 0.04250274 0.0366169 0.2935539
0.04957073 0.03655619 0.03449556 0.04207923 0.03873838
0.04142154 0.02905786 0.04277955 0.03837319 0.03139836
0.03219343 0.205748 0.03142284 0.02964842 0.03269935
0.03583393 0.03986826 0.2454748 0.04008583 0.2473565
0.04633114 0.2797451 0.03296911 0.2084508 0.1708713
0.02792754 0.04077552 0.0498427 0.04012509 0.07791344
0.03445865 0.03858951 0.2113116 0.03378865 0.03130679
0.04032733 0.04228045
