0.04122361 0.02563142 0.04396393 0.04194055 0.03893194
0.04302483 0.04134418 0.04134355 0.04337505 0.03599995
0.04446809 0.04305382 0.04079696 0.04193948 0.04657618
0.03924745 0.03587641 0.03379482 0.03976028 0.04079978
0.03584948 0.04011178 0.04272078 0.03522997 0.04124214
0.04265977 0.03402293 0.04029792 0.04737874 0.04485575
0.04448466 0.03455545 0.03960693 0.0413436 0.04379121
0.03963493 0.03634793 0.04050193 0.03911738 0.04237758
0.03918472 0.03897251 0.04033938 0.04363839 0.0478761
0.04072251 0.04421373 0.03905079 0.04033166 0.04095588
0.04232724 0.03804909 0.03581473 0.03517858 0.04127581
0.04146761 0.03601148 0.04047594 0.04377714 0.04112202
0.04458728 0.03648403 0.03714672 0.04189981 0.04457722
0.04085124 0.04567109 0.0365348 0.04515209 0.04105998
0.04235399 0.04551608 0.05097444 0.04297654 0.04763091
0.03724861 0.03999492 0.04219989 0.03997321 0.04690515
0.04173368 0.04079813 0.03805645 0.0492301 0.03944785
0.04841178 0.04515716 0.04852924 0.04144196 0.03934018
0.0480543 0.03817284 0.03680482 0.03935135 0.04318033
0.04157336 0.04230066 0.04753056 0.04198596 0.04390569
0.04839356 0.03441968 0.03935226 0.04270552 0.04208681
0.0523752 0.03910437 0.03291047 0.04324697 0.03967601
0.04174303 0.04553221 0.04040973 0.04237819 0.04227683
0.04477996 0.04630246 0.04065074 0.04452855 0.04330793
0.04025273 0.04438349 0.04066542 0.04380157 0.0409608
0.03556026 0.04058259 0.04504421 0.03955205 0.04410809
0.03808137 0.04273086 0.04199129 0.041433 0.03966439
0.04301977 0.0370837 0.04281869 0.04235094 0.04873331
0.04087155 0.03814293 0.04373195 0.04346628 0.04850798
0.04319852 0.04424822 0.04525731 0.03742994 0.04086385
0.04200481 0.04938139 0.03907858 0.04166556 0.04157877
0.03285129 0.04472743 0.04608938 0.03425164 0.0363181
0.041611 0.04141848 0.04136881 0.04549049 0.04212948
0.04512207 0.04326794 0.03640789 0.04313376 0.04275548
0.04276474 0.04721867 0.04681695 0.04673026 0.04537326
0.0368266 0.03651538 0.04149956 0.03882895 0.03870499
0.03904073 0.02731538 0.04122214 0.042037 0.04502368
0.03804733 0.04054455 0.04016347 0.04519046 0.04408938
0.0459988 0.04217683 0.04483345 0.04202483 0.03409033
0.04045236 0.03965099 0.04734776 0.03715423 0.03226258
0.04122262 0.03709011
