0.03616991 0.02399978 0.03929936 0.04072599 0.03876631
0.03842435 0.03230021 0.03096955 0.03074805 0.03285212
0.03600081 0.03193591 0.03469423 0.03397676 0.04054983
0.03478346 0.03903848 0.03621786 0.04136717 0.03327724
0.03521779 0.03413516 0.03650912 0.02864886 0.03626158
0.03609666 0.04133009 0.03140107 0.04021618 0.03859036
0.03501454 0.03717035 0.03611968 0.03403505 0.03849572
0.03583159 0.03322722 0.03342743 0.02868119 0.03372163
0.03737914 0.02924219 0.02926369 0.03503041 0.0341871
0.03977348 0.0349009 0.03992924 0.03672737 0.03303088
0.03991405 0.0379741 0.03524925 0.03260767 0.04445233
0.03243178 0.03453798 0.03723945 0.03464361 0.03571353
0.03927261 0.0337905 0.03742152 0.0413695 0.03273888
0.0366517 0.03351441 0.03441568 0.03504574 0.03906525
0.03838939 0.04030015 0.03684595 0.03723653 0.03647622
0.02674343 0.03661442 0.03501657 0.03361187 0.03827334
0.03312491 0.0369706 0.03963556 0.0411749 0.03765229
0.04400497 0.03070197 0.03748335 0.04201626 0.03616747
0.0322933 0.0344612 0.03951317 0.03791283 0.03735482
0.03154829 0.03296436 0.03683263 0.03169957 0.0360737
0.03233644 0.03665131 0.03069653 0.0330887 0.03241209
0.03748473 0.03807093 0.04045754 0.03624136 0.02907363
0.03991549 0.03312256 0.03399902 0.03517656 0.0337149
0.03010337 0.03137078 0.03972933 0.03335097 0.0348957
0.04206143 0.03654513 0.03218237 0.03419608 0.03696091
0.03269832 0.03213888 0.03898604 0.03192275 0.0295947
0.03370659 0.03130709 0.03505622 0.03853897 0.03705176
0.03237387 0.03765153 0.03208049 0.03220361 0.03099487
0.03214987 0.03481706 0.03154938 0.03108433 0.03514432
0.03172346 0.03802086 0.03735941 0.02933294 0.0324505
0.03575936 0.03700837 0.03594144 0.0390041 0.03396242
0.03420333 0.03454095 0.02950411 0.03143065 0.0411271
0.03552288 0.03822318 0.03379814 0.03530599 0.03234715
0.03840298 0.03998612 0.03780548 0.03551993 0.03225065
0.02887708 0.038224 0.03760604 0.03487092 0.04330609
0.03353415 0.03669867 0.03677523 0.03473427 0.03357472
0.03247317 0.03120671 0.04162495 0.03454168 0.0344547
0.03815519 0.03805648 0.03268408 0.03495774 0.03552317
0.0325779 0.02915967 0.03771628 0.05068748 0.03391593
0.03275684 0.03461262 0.03494102 0.0311645 0.03485627
0.03407225 0.0387734
