0.04301531 0.02693562 0.04273873 0.04297525 0.04649863
0.04368703 0.04607089 0.04141435 0.03997461 0.04498673
0.04296908 0.04536951 0.05123258 0.04210006 0.03663805
0.04501998 0.04731393 0.04454249 0.04373988 0.03623403
0.03917144 0.04458949 0.03860172 0.04121477 0.04948303
0.04418916 0.04405425 0.04377365 0.03748559 0.04305396
0.03928345 0.04175147 0.04350871 0.0492716 0.0419143
0.04571021 0.0402321 0.03764604 0.04343109 0.04327076
0.03519554 0.04203195 0.04101981 0.04557921 0.04709235
0.03938704 0.04244095 0.0424513 0.04104762 0.04563125
0.04447319 0.05477033 0.04169945 0.04298621 0.04172956
0.04438182 0.0415621 0.0363809 0.04106797 0.02757518
0.03878215 0.0465751 0.03858326 0.04238303 0.05014491
0.03853904 0.04127725 0.04103993 0.04012729 0.04340731
0.04446316 0.04603506 0.03671756 0.05881982 0.03846758
0.04197009 0.05612641 0.04632252 0.03773603 0.05296748
0.04636912 0.04397218 0.04148839 0.04411108 0.03102581
0.04831895 0.04006208 0.04249492 0.04269817 0.04151737
0.03823398 0.0382612 0.0424265 0.03838133 0.04292072
0.04604975 0.04155145 0.03819125 0.04025794 0.0384109
0.04500471 0.0441282 0.04056649 0.03965812 0.0459992
0.04166407 0.03606759 0.04056936 0.04114309 0.03871976
0.0436835 0.04428329 0.05049981 0.04201082 0.04324382
0.04694389 0.04191899 0.0360222 0.04290947 0.03750294
0.03800087 0.0389451 0.04444977 0.04163831 0.04307172
0.04124596 0.03667888 0.04309281 0.04250089 0.03688207
0.04376994 0.04091123 0.04073449 0.04016366 0.04884507
0.04221642 0.05387507 0.03711828 0.0428742 0.04002833
0.04268915 0.0441949 0.04368244 0.04357032 0.04708275
0.04350689 0.04279498 0.0454857 0.04415737 0.0452159
0.03924772 0.04466891 0.05024771 0.04455394 0.04111247
0.03570287 0.04133963 0.04228497 0.04450611 0.0395255
0.0401842 0.04394928 0.04536117 0.04922522 0.04494741
0.04464031 0.04487942 0.0416459 0.03784387 0.04387302
0.03936299 0.04186104 0.04480771 0.03448406 0.03884724
0.03787109 0.03577891 0.04137998 0.04019863 0.04138741
0.04518094 0.04784556 0.04408043 0.04274141 0.04021293
0.04118835 0.04440226 0.04350881 0.03964115 0.05547667
0.04309848 0.0422178 0.04680156 0.04262954 0.04331398
0.04023652 0.04091037 0.04859522 0.03890749 0.03958465
0.0418948 0.0428757
