0.04191243 0.02742114 0.03972019 0.04181554 0.04200254
0.03814474 0.03822423 0.04076271 0.04634915 0.04054254
0.04215639 0.04217324 0.04428966 0.04355497 0.04179247
0.04797138 0.04240408 0.0430455 0.04617815 0.04322564
0.04411562 0.03894438 0.03789907 0.04393931 0.04021492
0.03890109 0.03871852 0.0447048 0.03933973 0.04606946
0.04202886 0.04826721 0.04886704 0.04187114 0.03476012
0.04412844 0.04518697 0.0381305 0.04591802 0.04399392
0.04413198 0.04729557 0.0370358 0.03858946 0.03936639
0.04240752 0.04225102 0.0453389 0.0361594 0.0390516
0.04489686 0.04582019 0.03965499 0.04443517 0.04192363
0.04606583 0.04599095 0.04249678 0.04734146 0.04653323
0.03703306 0.04152024 0.04457838 0.05057104 0.04118857
0.04415675 0.03720682 0.05069795 0.04873039 0.04622431
0.04273654 0.0379959 0.03955332 0.04100614 0.0406055
0.0445731 0.04368644 0.0426821 0.04392307 0.04384104
0.04222142 0.0406337 0.0487582 0.04250405 0.03534477
0.04565684 0.04727595 0.03271266 0.04457454 0.03819503
0.04018943 0.05111454 0.04659532 0.03714875 0.03610167
0.03627583 0.04249293 0.03735711 0.03617248 0.04287448
0.03933048 0.03666065 0.04054247 0.04087258 0.04030344
0.04452715 0.03493316 0.04823316 0.04418317 0.04135506
0.03741493 0.04324681 0.04562618 0.04417342 0.04472873
0.03580524 0.04474224 0.03583043 0.04235925 0.04608747
0.04552805 0.03940947 0.04405622 0.03848029 0.05421677
0.03958021 0.04301337 0.04152211 0.03734066 0.04379353
0.04421197 0.04410844 0.04181655 0.04175013 0.04164568
0.04614328 0.04559692 0.04347605 0.04524463 0.0414681
0.04433933 0.03931472 0.04317948 0.04660508 0.0381742
0.0404604 0.03950182 0.04322284 0.04005548 0.04041308
0.0399864 0.05618915 0.04094784 0.04166802 0.04277892
0.04005253 0.03962997 0.04697624 0.04048073 0.04451487
0.04245946 0.0391712 0.04172538 0.0460344 0.03769852
0.04117577 0.0434105 0.05208703 0.05101931 0.04291966
0.05388483 0.04821873 0.04090333 0.04075227 0.04034531
0.04521847 0.04490216 0.05235323 0.04045705 0.04052473
0.04618789 0.04373969 0.03860476 0.03661601 0.03951506
0.03883311 0.04864105 0.0415132 0.03938855 0.04072054
0.04146649 0.03555068 0.04412329 0.04202982 0.04766389
0.04827635 0.04600774 0.03717736 0.04318267 0.05492067
0.04328672 0.04239686
