0.03855231 0.02671901 0.03775275 0.03749207 0.04341316
0.03900311 0.04383001 0.03756977 0.03371776 0.03696721
0.0351235 0.04111546 0.03456621 0.04237642 0.03505311
0.0363717 0.03771576 0.03638498 0.04012033 0.03341494
0.03450816 0.03432932 0.03396605 0.03429775 0.0421668
0.0380278 0.03509652 0.04864906 0.04167615 0.03919996
0.03725988 0.03514814 0.03322557 0.03840225 0.03226838
0.03626377 0.03827568 0.03488531 0.03436415 0.03455572
0.03943046 0.03239218 0.04092686 0.03918118 0.0420287
0.03260044 0.04271843 0.03737918 0.03921288 0.0327487
0.03686787 0.04014591 0.03707806 0.03428739 0.0351734
0.0412639 0.03757181 0.03693493 0.0415278 0.03767546
0.03739107 0.03907858 0.04029808 0.04023369 0.0338714
0.03648229 0.03654802 0.03875874 0.03691444 0.03450114
0.03143973 0.04203729 0.03631167 0.03368585 0.03537642
0.03929849 0.03609379 0.03587305 0.03525856 0.03516158
0.02838575 0.03781146 0.04382679 0.03389703 0.03687728
0.03647619 0.03365969 0.04190302 0.03382573 0.03774291
0.03346226 0.03556136 0.04122746 0.03778354 0.04409139
0.03966549 0.04304553 0.0426085 0.03513807 0.0347536
0.03737043 0.04301045 0.03659477 0.03724919 0.03490136
0.03447541 0.04527885 0.03605433 0.03645188 0.03892051
0.03410227 0.03996366 0.03418615 0.03971521 0.03582943
0.03803416 0.0452518 0.04049737 0.03789406 0.0329334
0.03560949 0.03519996 0.03816432 0.04345058 0.03954549
0.03801619 0.04110773 0.03509646 0.04008328 0.03606902
0.03975637 0.03434489 0.03857644 0.03334238 0.03457137
0.03701756 0.03837147 0.03752631 0.03553118 0.0379851
0.03730247 0.03680967 0.03518544 0.04186143 0.03616919
0.04273239 0.04618541 0.04302393 0.04224408 0.03354678
0.03563331 0.03898368 0.04488961 0.03791446 0.03904357
0.03946198 0.03768179 0.03981512 0.03885616 0.03579381
0.04194386 0.03649283 0.03834399 0.02921765 0.03651782
0.034399 0.03410271 0.03344863 0.03268105 0.04139308
0.04530348 0.03572511 0.03917184 0.03464034 0.03926298
0.03607989 0.03435673 0.03686472 0.04069157 0.03406172
0.04158946 0.04390068 0.04033015 0.03738559 0.03194772
0.03891185 0.04032532 0.03694451 0.0389329 0.03865382
0.03996189 0.03881942 0.03811689 0.04128687 0.03278548
0.03516689 0.03987496 0.03415449 0.03814913 0.0393604
0.03312627 0.04114185
