0.03449379 0.02450364 0.03152412 0.03599249 0.04218073
0.03523408 0.0378254 0.03653439 0.03870613 0.03144401
0.03570785 0.03228768 0.03841203 0.02927703 0.03594099
0.03096336 0.04324649 0.03698402 0.03313992 0.03240497
0.03414853 0.04907335 0.03694973 0.0362692 0.03296021
0.0341004 0.03589604 0.03501437 0.03150028 0.03379768
0.03404726 0.03246099 0.03371536 0.03602754 0.02860639
0.03440263 0.03477035 0.02976752 0.03305505 0.03136382
0.03241063 0.03626288 0.03889571 0.03777644 0.03200824
0.04070488 0.03749275 0.0356072 0.03872253 0.03892667
0.03608805 0.03607278 0.03529281 0.03382656 0.04032606
0.03511705 0.03340784 0.04065984 0.03475691 0.03175736
0.04160021 0.03459872 0.03279008 0.03366132 0.03766147
0.03557916 0.03501877 0.03488985 0.03569281 0.03858014
0.03860439 0.02975664 0.04011702 0.03469805 0.0335253
0.03542758 0.0392066 0.03356063 0.03822908 0.03330658
0.03406659 0.03456009 0.0369115 0.03491627 0.03544025
0.03468332 0.02971888 0.03653269 0.03375878 0.02980504
0.03094688 0.03574816 0.03438468 0.0297308 0.03991721
0.03583401 0.03838145 0.03505249 0.03063604 0.03914069
0.0342413 0.04239035 0.03487456 0.03334602 0.03757946
0.03538926 0.03754251 0.03406091 0.03581825 0.03589539
0.0318555 0.0359659 0.03203326 0.03637927 0.03253808
0.03857977 0.03674282 0.03455174 0.03615997 0.0389643
0.03257852 0.03254021 0.03610031 0.03419714 0.0372273
0.03196986 0.04119147 0.04115249 0.03783738 0.04089209
0.03526778 0.03616237 0.03853693 0.03691826 0.03170882
0.04212063 0.03277472 0.0358392 0.03853629 0.03867125
0.0333034 0.03354481 0.03235202 0.03195609 0.03508714
0.03202798 0.03484204 0.03423878 0.04491012 0.03748681
0.03637577 0.03457308 0.03491222 0.0327468 0.03419421
0.03476124 0.03580596 0.03308235 0.029812 0.03293442
0.03359236 0.03737458 0.03534955 0.03677228 0.04363975
0.03397647 0.03149009 0.03171393 0.03617031 0.03650805
0.03344991 0.03662492 0.03208756 0.04376759 0.03189162
0.02947683 0.03666479 0.04539919 0.0368157 0.03743619
0.03776131 0.03768696 0.03207267 0.03808941 0.03851335
0.03628319 0.0304453 0.03505967 0.03852588 0.03589173
0.03585791 0.03732147 0.03488259 0.03544584 0.03571862
0.03579339 0.03162457 0.03470247 0.03587736 0.03410149
0.0450551 0.03321321
