0.03704428 0.02553558 0.04012468 0.03563131 0.03632292
0.03625092 0.03879545 0.03764803 0.03897244 0.03907988
0.03719851 0.04086078 0.03780349 0.04114702 0.04014233
0.03762504 0.05051777 0.04102902 0.03868877 0.04105323
0.04054431 0.03551945 0.03910333 0.03573899 0.03699859
0.0290069 0.03546125 0.03770557 0.03391772 0.03786174
0.03783907 0.03731001 0.03742269 0.03806625 0.03268914
0.04323182 0.03756188 0.03727522 0.03513865 0.04195734
0.03996969 0.03417245 0.03628116 0.04986275 0.03851705
0.04601087 0.03587987 0.04325794 0.04214591 0.03569415
0.03754861 0.03842641 0.03712183 0.03961717 0.03695161
0.04514018 0.03868575 0.04030077 0.03739539 0.03590738
0.03752363 0.03912987 0.03513836 0.0330985 0.03516594
0.03926135 0.0409636 0.0370618 0.0368764 0.03803189
0.03712442 0.03379007 0.03154393 0.0373501 0.03201318
0.03805248 0.03942526 0.0334267 0.02865531 0.03024711
0.04476097 0.04074579 0.04179713 0.03514084 0.04193896
0.0382228 0.03676358 0.03417046 0.0334498 0.03683037
0.03827874 0.04050986 0.03513082 0.03781066 0.03793429
0.02928052 0.03411921 0.05933766 0.04024724 0.03951977
0.03550466 0.03954067 0.03350166 0.04054062 0.03628587
0.04338934 0.04036175 0.03921876 0.04138016 0.03805258
0.07508159 0.03996451 0.03492743 0.02995476 0.03371102
0.03852375 0.03866898 0.03613185 0.03635646 0.03509343
0.03900904 0.03030307 0.04076084 0.03644309 0.04083943
0.03856384 0.04607838 0.03081349 0.0393247 0.03998705
0.03491898 0.03586424 0.03804356 0.04267537 0.03639732
0.03907556 0.05338604 0.03899601 0.03604708 0.04332623
0.0393849 0.04737444 0.03715011 0.04116814 0.03673238
0.035031 0.0374631 0.03756838 0.04767765 0.03725722
0.03491275 0.03122303 0.03578337 0.03589433 0.03555315
0.03616808 0.04974797 0.03283363 0.03772069 0.03782699
0.04285005 0.0336288 0.03525199 0.03763287 0.03684879
0.03546609 0.03579689 0.0363156 0.03243558 0.03714719
0.03636543 0.03596674 0.03437017 0.03556891 0.03890573
0.03829114 0.03872231 0.03091689 0.04361712 0.03765051
0.03554865 0.03494736 0.03963088 0.03608258 0.03854371
0.03368536 0.0403294 0.04350167 0.03984535 0.0394692
0.03649441 0.03065376 0.03656488 0.03291589 0.03622439
0.04193773 0.03253026 0.04246087 0.03844156 0.03439205
0.03696743 0.04647369
