0.04023376 0.02826766 0.03926687 0.04024519 0.0404584
0.03708427 0.03676467 0.03733119 0.04186403 0.03829592
0.03897894 0.03386285 0.04186562 0.03658099 0.04006606
0.03533015 0.04445575 0.0403569 0.04450403 0.04097033
0.03806534 0.04038171 0.03833686 0.03850073 0.03657775
0.03848972 0.03922279 0.03720796 0.04463611 0.04282246
0.03479507 0.04022073 0.0436093 0.03734639 0.03810398
0.04017945 0.0375132 0.04343546 0.03754889 0.03619537
0.04191147 0.03968766 0.04031283 0.04064936 0.03672064
0.04056623 0.03775729 0.04231868 0.03956104 0.03826631
0.04372325 0.03753266 0.03937959 0.04138628 0.0425461
0.04362399 0.03864865 0.040152 0.04248226 0.04259256
0.03954126 0.03319698 0.03714471 0.0395685 0.03964663
0.03463518 0.03979295 0.03873785 0.04240258 0.04456113
0.04378475 0.04037557 0.04007717 0.04111156 0.0394816
0.03883732 0.04155007 0.03705805 0.03706355 0.03866069
0.03952128 0.0389659 0.0391036 0.03783678 0.03800562
0.04079935 0.04105095 0.04538592 0.04126825 0.04267587
0.0437181 0.04316434 0.03789831 0.04069456 0.04093099
0.03945628 0.04003848 0.04018833 0.04553995 0.03538782
0.04241109 0.04046906 0.03644947 0.04154295 0.03684603
0.03768058 0.04137063 0.03761207 0.03668095 0.03802468
0.03685455 0.04340301 0.0354458 0.03729735 0.04206557
0.03995769 0.0387109 0.03938577 0.03822866 0.03616458
0.04091177 0.03932362 0.04214463 0.03826614 0.03754013
0.03902169 0.0402224 0.04190142 0.03908627 0.03913362
0.0364169 0.04480551 0.03843922 0.03992625 0.03984774
0.04015594 0.04454937 0.03917322 0.04466083 0.04020261
0.04442125 0.04087392 0.04155171 0.03681942 0.03240573
0.03978027 0.03648765 0.0455101 0.0387098 0.04192882
0.03854202 0.04069077 0.03758261 0.0352718 0.04612364
0.03839366 0.03912061 0.03803863 0.03906227 0.04324043
0.03722423 0.04366401 0.04220329 0.04236203 0.03936677
0.03969247 0.03896968 0.03986986 0.04724812 0.03716282
0.04346028 0.04037156 0.03477148 0.04070967 0.03826712
0.04071152 0.03735467 0.04147901 0.04174849 0.03993408
0.04565051 0.04144259 0.04349645 0.03952383 0.03698027
0.03959288 0.04098211 0.03730443 0.03881447 0.03868547
0.03805012 0.03873093 0.04429528 0.03739725 0.03990093
0.04139026 0.03848947 0.03749757 0.03783285 0.04075243
0.04111219 0.03858271
