0.03828651 0.02637525 0.04066793 0.03975328 0.03767664
0.04180004 0.04098378 0.04167129 0.03933378 0.04034077
0.03305047 0.0377441 0.04060443 0.03633717 0.03658486
0.03810911 0.03724034 0.03569674 0.03947822 0.03704413
0.03694058 0.03793863 0.03596793 0.03797695 0.04069369
0.04332643 0.03631514 0.03963647 0.03836323 0.04010814
0.03549744 0.04000123 0.0367372 0.0409693 0.04237124
0.03895984 0.03802888 0.03330771 0.04162156 0.04079813
0.03714224 0.04055841 0.03492311 0.03602406 0.03929266
0.04133049 0.03693684 0.03731017 0.04084306 0.04151139
0.0374876 0.03909554 0.03801393 0.03616565 0.03944227
0.03766973 0.03834999 0.03905507 0.03901589 0.04200711
0.0402224 0.04346501 0.03718461 0.0365827 0.038327
0.04133043 0.04047613 0.0376447 0.03450793 0.03033961
0.03580407 0.03599252 0.03620112 0.04010201 0.03975397
0.03366149 0.03894977 0.03740528 0.04834356 0.04208059
0.03440127 0.03653751 0.0408973 0.03780598 0.03886323
0.0390315 0.03973455 0.04159124 0.04039294 0.0377298
0.03693163 0.03393675 0.0369348 0.04253387 0.035815
0.03889213 0.03590699 0.03896521 0.0449102 0.04744927
0.03378432 0.0369502 0.03597086 0.0367988 0.03169413
0.03870193 0.03779842 0.03819581 0.03905691 0.04039324
0.03827276 0.03340255 0.0420424 0.0396981 0.04348247
0.04293099 0.03551834 0.03893327 0.04283549 0.03578488
0.03617852 0.04015992 0.04071743 0.03885578 0.03745158
0.03932151 0.03829315 0.0400281 0.03743194 0.03476305
0.0365801 0.03801791 0.03345178 0.03500209 0.04075853
0.03487671 0.03955858 0.03920328 0.03948065 0.03414495
0.03666051 0.04172373 0.03680676 0.04363748 0.03637863
0.04236234 0.03401097 0.03636682 0.03659091 0.04217328
0.04034136 0.03965655 0.03902639 0.04049577 0.03502867
0.03501754 0.03445935 0.03611875 0.03418221 0.04052489
0.03558125 0.0306139 0.03900343 0.03634659 0.03626713
0.0346741 0.0360495 0.03828907 0.04288317 0.04010062
0.03313002 0.03618275 0.04300364 0.03601832 0.03409206
0.03491024 0.03926053 0.03508941 0.04081163 0.03740772
0.03441104 0.039436 0.04152032 0.03691621 0.03874108
0.03769436 0.03214943 0.03836541 0.03760948 0.03745015
0.0352702 0.03651802 0.03444555 0.04126774 0.04220392
0.04646288 0.0353571 0.03984773 0.04025699 0.03842399
0.04009805 0.03993648
