0.03974085 0.02613588 0.03823259 0.03642994 0.03757674
0.02958897 0.03901946 0.04211823 0.03725579 0.03761168
0.03788245 0.04025578 0.02863009 0.04665063 0.04731772
0.03851079 0.0317313 0.03647376 0.03981873 0.03927127
0.03662968 0.03819117 0.03092608 0.03490993 0.03826449
0.03449643 0.0367686 0.03577399 0.03714551 0.03825603
0.03646953 0.0342992 0.03721436 0.03444595 0.03627819
0.04352677 0.03734383 0.03507429 0.0411207 0.03670842
0.04675514 0.03707616 0.03557275 0.03083045 0.04204552
0.03798241 0.03800358 0.04833896 0.03784255 0.03862429
0.03549856 0.03948448 0.03752238 0.04242271 0.0384165
0.03705399 0.0359084 0.03526937 0.03747968 0.04020552
0.0348972 0.04066368 0.03444549 0.03803955 0.04048228
0.03228998 0.04250859 0.04062382 0.03965563 0.04209391
0.03687987 0.03687828 0.03663261 0.03670139 0.03860796
0.03966492 0.03684177 0.04138034 0.03958793 0.03949837
0.04323927 0.03316516 0.03837142 0.04063045 0.03817052
0.03314445 0.03368505 0.03847028 0.03950792 0.0423329
0.03282621 0.04806064 0.03267965 0.03870831 0.03453515
0.03982258 0.03973219 0.04032774 0.032461 0.03768021
0.03858297 0.03714746 0.04501304 0.03488364 0.044202
0.04191163 0.03068371 0.03672382 0.03935607 0.0336363
0.04183402 0.03714011 0.03598757 0.03833444 0.03423925
0.03556613 0.04117405 0.03389284 0.03904947 0.03514638
0.03872545 0.04232068 0.03846313 0.0354054 0.03676486
0.033122 0.0365592 0.03701916 0.03424594 0.03214809
0.03058615 0.03215644 0.0368593 0.03530787 0.03839655
0.03600073 0.04411246 0.03673247 0.03829671 0.04080521
0.03290808 0.03587095 0.03583163 0.03471092 0.03680665
0.04271822 0.0401927 0.0418453 0.03526189 0.03850137
0.04312557 0.03388416 0.03349569 0.03811217 0.03330212
0.03023677 0.03613162 0.03913072 0.03796152 0.04068886
0.03614325 0.03677278 0.03310638 0.03589637 0.04008993
0.03440159 0.03786462 0.03685784 0.03666881 0.02872147
0.03490814 0.0380921 0.03508939 0.03581766 0.03880272
0.03656506 0.03123348 0.04183797 0.03559264 0.03746147
0.03662559 0.04208379 0.03493518 0.03505731 0.03717782
0.03982503 0.03598362 0.03961199 0.03427082 0.03216262
0.03872006 0.03703042 0.0415746 0.03914967 0.03374388
0.04061091 0.03811023 0.03323813 0.03628746 0.0382167
0.03530455 0.03555523
