0.03718367 0.02462974 0.03789188 0.03951979 0.03814409
0.03637596 0.0382465 0.03907965 0.03975097 0.0370175
0.04390962 0.03393865 0.03524978 0.04100114 0.03443204
0.03724272 0.04094867 0.03656145 0.03192267 0.03572323
0.03757472 0.02383055 0.03485398 0.0375444 0.03818186
0.03680916 0.03786264 0.03973259 0.03006776 0.03336959
0.03614524 0.04087494 0.03762955 0.03808057 0.0393918
0.0356948 0.03550814 0.03198982 0.04083628 0.03333123
0.0375905 0.04585201 0.03578562 0.04173213 0.03822957
0.03248789 0.03729464 0.04767399 0.03374323 0.03635105
0.03865756 0.03148152 0.02811555 0.03257598 0.0382822
0.04504872 0.03645105 0.03790893 0.03593213 0.04259051
0.03847808 0.03704416 0.04266853 0.03834408 0.04132429
0.04064106 0.04101054 0.03315082 0.03930148 0.02567087
0.03882318 0.04071929 0.04376722 0.03888649 0.03824158
0.03787832 0.02975304 0.04061505 0.03794714 0.06483499
0.05308866 0.03060503 0.03926632 0.04254221 0.05074163
0.03793858 0.03570875 0.03470481 0.04515573 0.03545315
0.0333335 0.02635465 0.04844685 0.03895125 0.03542798
0.03755851 0.04028779 0.03466553 0.0283434 0.04291913
0.03054819 0.03396554 0.03745666 0.03633983 0.03948638
0.048632 0.03766222 0.04106633 0.03474844 0.03497359
0.03260559 0.02971392 0.04233156 0.03551568 0.04048602
0.03774936 0.03501059 0.03471853 0.03000549 0.03452096
0.03748188 0.03698869 0.03759594 0.04549212 0.03770516
0.04249043 0.03585476 0.04086372 0.03593494 0.03533248
0.03701388 0.03891175 0.03993582 0.03406504 0.04180337
0.03493262 0.0386109 0.03454838 0.03753006 0.0364476
0.04548679 0.03107288 0.02936266 0.04048199 0.03283621
0.03046888 0.04241479 0.03353974 0.03869932 0.04387927
0.03390635 0.03903773 0.04036387 0.03876856 0.03654983
0.04125784 0.03967303 0.0352812 0.03656496 0.03279067
0.0388177 0.03939974 0.03906584 0.03353253 0.04024321
0.02960278 0.04559527 0.033109 0.03586278 0.04011414
0.03702051 0.03483153 0.04296395 0.03162715 0.02687137
0.03433968 0.03498291 0.03944944 0.03657945 0.04008458
0.03881345 0.03142612 0.03410574 0.03568659 0.04720429
0.03703184 0.03963452 0.04840052 0.04008201 0.0383544
0.04216118 0.03885357 0.04537652 0.04090139 0.03191144
0.03917697 0.03745116 0.03647209 0.03827844 0.0363256
0.04069569 0.04343189
