0.04199677 0.02656295 0.04068272 0.03956741 0.03723226
0.04215341 0.04061543 0.04480269 0.04117111 0.04307251
0.04546943 0.04339782 0.04196562 0.04332061 0.04355135
0.04204431 0.0366332 0.05010022 0.04777971 0.04068917
0.04611928 0.04198585 0.04712886 0.03850293 0.04856513
0.04291401 0.04219877 0.05197906 0.04357339 0.04055966
0.04248536 0.03611889 0.04689511 0.04278207 0.04313
0.03729702 0.04434568 0.0415089 0.03911738 0.05061845
0.03757569 0.03731075 0.04399859 0.04413673 0.04228225
0.04258585 0.04159199 0.03946529 0.04696518 0.05031562
0.04132791 0.04260941 0.04091215 0.04141541 0.04498521
0.04681098 0.03686626 0.04956372 0.04162745 0.04013988
0.04269472 0.04326001 0.04540034 0.0418466 0.04528353
0.04047653 0.03831116 0.03745705 0.04343413 0.04315444
0.044395 0.03779284 0.03930172 0.03886872 0.04133576
0.04245871 0.04960617 0.03959643 0.04269256 0.04315489
0.03659039 0.04406934 0.03386956 0.04784892 0.03682884
0.03992497 0.03924632 0.04339897 0.03793431 0.04032386
0.05268929 0.03773161 0.03936995 0.04175891 0.04077565
0.04912193 0.03853784 0.04496631 0.03709876 0.04376744
0.04201471 0.04350112 0.04610267 0.04435441 0.04261925
0.03972355 0.04366623 0.03910414 0.04789614 0.04813479
0.04048535 0.04347652 0.0446965 0.0396832 0.043023
0.03982333 0.04833678 0.0543547 0.05053143 0.04660031
0.03249515 0.04208704 0.04092295 0.04141435 0.04485244
0.04525966 0.04217977 0.0517784 0.03990512 0.04274556
0.04250793 0.03760351 0.03886804 0.03943189 0.04120068
0.04283426 0.05885587 0.04527613 0.05242908 0.04130162
0.03947671 0.04239438 0.04340074 0.03964168 0.04728345
0.04425457 0.03443513 0.04256478 0.03746326 0.04565473
0.04116943 0.04790497 0.04353858 0.0402886 0.04533049
0.05226721 0.04718313 0.03801518 0.0427786 0.03645734
0.04332687 0.03670571 0.04003476 0.04368185 0.05424077
0.04412379 0.04399707 0.0568089 0.04465915 0.0396413
0.04310695 0.04078139 0.03961062 0.0376937 0.04077195
0.04085096 0.04620286 0.03898217 0.03758084 0.04933066
0.04438663 0.04229398 0.03765596 0.04499275 0.03924802
0.03862994 0.04440104 0.04254142 0.03993692 0.04265589
0.04778395 0.03889599 0.03916295 0.03622546 0.03191332
0.04039096 0.0413568 0.04211518 0.0390315 0.04203163
0.05130365 0.0488296
