0.0341822 0.02433984 0.03136491 0.03643152 0.02917954
0.03488118 0.03477145 0.03246503 0.03661082 0.03826757
0.03408281 0.034633 0.03185344 0.03409402 0.02729119
0.04331779 0.03426136 0.0335745 0.0315548 0.03271549
0.03114986 0.02811221 0.03454672 0.03262135 0.03411467
0.03681974 0.03434456 0.03172999 0.0302955 0.03838724
0.03540656 0.03325819 0.03293731 0.03241161 0.03364541
0.03752977 0.0365764 0.02866657 0.03122623 0.02992643
0.03707124 0.03205289 0.0314443 0.03248642 0.03738417
0.0374569 0.03426312 0.0307177 0.03919584 0.03539265
0.03251038 0.03484195 0.02676411 0.03373761 0.03536321
0.02835388 0.02921472 0.02836464 0.03445348 0.02893583
0.03041487 0.03483809 0.03579139 0.03581048 0.03437718
0.03469067 0.02328494 0.02777295 0.0273695 0.03458113
0.03703469 0.03701769 0.03756585 0.03794364 0.03253811
0.0354391 0.03272051 0.03131562 0.03155897 0.03101871
0.0343425 0.03535594 0.03444918 0.03813457 0.03900317
0.03606248 0.03949336 0.03321948 0.03476154 0.03622672
0.03664568 0.03402896 0.03256444 0.0357588 0.03203056
0.0360831 0.03268363 0.02961516 0.03416137 0.04197912
0.03491648 0.03243833 0.03347601 0.03160249 0.03816615
0.03100025 0.03678801 0.03255124 0.03486805 0.03026266
0.03191868 0.03855098 0.02947634 0.03193604 0.03943544
0.03822481 0.03315616 0.03103704 0.03879975 0.03198221
0.03143409 0.02935515 0.03320274 0.02794932 0.03132264
0.03129516 0.03831657 0.03109801 0.03546963 0.03098271
0.02970925 0.03563013 0.03233879 0.02875654 0.03696586
0.02933512 0.03345369 0.03771758 0.03340553 0.02973597
0.04076998 0.03194713 0.02965734 0.03256837 0.03043397
0.0306222 0.02936083 0.02271175 0.03380933 0.0334848
0.03142789 0.03027682 0.03383662 0.03225466 0.03597486
0.03225953 0.03123093 0.03190827 0.03554096 0.03172439
0.0268385 0.03003868 0.03520206 0.03907061 0.03387767
0.03260162 0.03393275 0.04191265 0.03246986 0.03618984
0.03324865 0.03236688 0.03633115 0.03078554 0.03576683
0.03588 0.03062311 0.03278253 0.0311054 0.03996413
0.02815978 0.03357338 0.03102494 0.03652461 0.03007909
0.03308721 0.03176527 0.03170552 0.03520738 0.02885327
0.03305368 0.03410312 0.03026318 0.033656 0.03430608
0.03660129 0.03446227 0.03349314 0.02938757 0.03431589
0.03430096 0.0363409
