0.04091148 0.0263839 0.04388021 0.04387472 0.03983654
0.0387191 0.04435191 0.03709982 0.03719213 0.04132944
0.04230805 0.03633433 0.04080121 0.04612167 0.04005026
0.03952123 0.03944639 0.04170255 0.05116392 0.03940957
0.040634 0.04172604 0.04029324 0.03479695 0.0369612
0.03912737 0.03885411 0.0413135 0.04282857 0.04507495
0.03702988 0.03512315 0.04113491 0.0349129 0.04148763
0.04246619 0.05182125 0.03606397 0.04632236 0.04376136
0.04505709 0.04622848 0.04426448 0.04660029 0.04171051
0.04427989 0.0424329 0.04298928 0.04112885 0.03927865
0.04580406 0.04557073 0.04164301 0.03886926 0.04323348
0.03946038 0.03971682 0.0447131 0.04351378 0.03892456
0.03971959 0.03855823 0.03926696 0.0365592 0.04339282
0.04222323 0.0383622 0.04000643 0.04369834 0.04153963
0.03917008 0.04380437 0.03785987 0.04338066 0.03909319
0.03904444 0.04315634 0.0412303 0.04011793 0.041013
0.03916796 0.03690213 0.04124352 0.03610908 0.04310339
0.04117293 0.04158692 0.04272976 0.03974675 0.04051233
0.04362467 0.04702456 0.04532285 0.03607948 0.0396055
0.03901129 0.04176549 0.03924459 0.03848726 0.03870232
0.04202486 0.0412247 0.04169823 0.03815212 0.04235061
0.03670252 0.03903226 0.03936506 0.04252478 0.04196364
0.04790345 0.0412619 0.0400494 0.04032457 0.03707699
0.04363022 0.04227095 0.04300391 0.04171131 0.04527445
0.04078342 0.03809145 0.04231425 0.0384122 0.04240502
0.04057885 0.04361725 0.04047794 0.04137485 0.03873439
0.03692262 0.03564376 0.03775939 0.0421375 0.03725681
0.03725223 0.03735308 0.0416843 0.03882558 0.035654
0.04001741 0.04374822 0.03780843 0.03959484 0.03952298
0.04213372 0.03970716 0.04346895 0.04244291 0.04214172
0.03961106 0.03993862 0.04444993 0.04077598 0.04444545
0.04178523 0.04227239 0.04331676 0.03908894 0.0415699
0.03562987 0.04562555 0.04326463 0.03660495 0.04153207
0.03953295 0.0409044 0.0412727 0.04043192 0.03956045
0.04376904 0.04007252 0.03933588 0.0338197 0.03312864
0.03782483 0.04211344 0.03906272 0.0364668 0.03739731
0.04411729 0.04081668 0.03864033 0.04143968 0.04081476
0.04244854 0.04151693 0.04057745 0.04663772 0.03869788
0.04086101 0.03686171 0.04082213 0.04038473 0.03907449
0.04153594 0.03688259 0.04220139 0.04343177 0.03451131
0.03805856 0.04081376
