0.04000357 0.0276144 0.04104208 0.04265923 0.03625658
0.03545662 0.04316576 0.03760703 0.04253879 0.04013759
0.04117626 0.04335166 0.04174233 0.04075294 0.03986613
0.0419115 0.03977962 0.03895682 0.04118315 0.03818138
0.03679986 0.03944232 0.03681521 0.03502035 0.04089001
0.04849438 0.04135981 0.04015913 0.03824995 0.04271968
0.03901743 0.04438377 0.04050448 0.03998477 0.04249782
0.03841534 0.04008464 0.03576903 0.04449242 0.04307235
0.03904588 0.04313191 0.03867662 0.03873137 0.04560499
0.03363321 0.03692054 0.03635527 0.037343 0.04332062
0.0408535 0.03813825 0.03779795 0.03628437 0.03925465
0.04344911 0.04591318 0.03986877 0.04333656 0.04097388
0.03547242 0.04223379 0.03726144 0.03928328 0.04022554
0.04294622 0.03876873 0.04501686 0.04012186 0.0412711
0.041234 0.03607129 0.04241468 0.04067148 0.04224332
0.04223263 0.03673512 0.04577395 0.03726749 0.03868765
0.04017903 0.03667413 0.03586164 0.03934018 0.03842594
0.04352246 0.04610731 0.04037589 0.04250525 0.0399306
0.04349636 0.03632139 0.04454388 0.03616398 0.04497948
0.04190319 0.04062242 0.04186806 0.04538326 0.03822494
0.04072499 0.04043447 0.03662901 0.04076655 0.03677133
0.04048969 0.04336939 0.0401997 0.04176523 0.03848334
0.03522943 0.03952783 0.03491001 0.03922625 0.03901439
0.04294741 0.04173572 0.04302532 0.03589607 0.04309786
0.0382845 0.04283065 0.04607936 0.0402294 0.0393093
0.0432687 0.04050886 0.03985825 0.03863623 0.04224522
0.04028487 0.03982948 0.04587816 0.03836006 0.03776783
0.03750861 0.03926316 0.04490489 0.04249768 0.03869078
0.03451012 0.03747389 0.03944595 0.04016815 0.04013349
0.04359251 0.03700654 0.04291803 0.03601254 0.03971249
0.04190405 0.04285805 0.04290134 0.0381177 0.03966949
0.03324223 0.03770965 0.04066003 0.04187387 0.04059471
0.03821123 0.04394107 0.03937935 0.04367475 0.03782058
0.03927243 0.03636821 0.04204299 0.04232052 0.04518667
0.03365159 0.04150909 0.03916264 0.03935663 0.03968243
0.03773808 0.03704911 0.0410548 0.04372515 0.03420098
0.04026355 0.03591543 0.03824638 0.04255234 0.03911202
0.0452712 0.03765239 0.04127013 0.04413565 0.03705309
0.04162281 0.0346439 0.04505205 0.03376351 0.03935442
0.03857372 0.04034424 0.03293426 0.03923786 0.04101794
0.03899116 0.04159735
