0.03372442 0.02468381 0.03484515 0.03348416 0.0302221
0.03830186 0.03061278 0.03672271 0.03460597 0.03709473
0.03845822 0.03974799 0.03490541 0.03364624 0.02814667
0.03147171 0.03073293 0.03309187 0.03796662 0.03194774
0.03897331 0.03325311 0.03472036 0.03535172 0.03531788
0.03299839 0.02739127 0.03339682 0.03061886 0.03497989
0.03463142 0.03579266 0.03430964 0.03540148 0.03745065
0.03156595 0.03506432 0.03510227 0.03677375 0.0327898
0.03688833 0.03715919 0.03402589 0.03553612 0.03319853
0.03522454 0.03894216 0.02960383 0.03587759 0.03609904
0.03385227 0.03382458 0.03370818 0.03494542 0.03264109
0.03408709 0.03371202 0.0364764 0.03224726 0.03740501
0.03216011 0.03310557 0.0337296 0.03267244 0.03559199
0.03507515 0.03276859 0.02944732 0.03426351 0.03126756
0.03404678 0.02825104 0.03194139 0.03556992 0.03662261
0.03719873 0.03678575 0.03297465 0.03733291 0.03690447
0.0321167 0.03198579 0.03465252 0.03220991 0.02990323
0.03804222 0.03435034 0.03365997 0.03354844 0.03380963
0.03611938 0.03111874 0.03884562 0.03453577 0.02937958
0.03317107 0.03531425 0.02883216 0.02925872 0.03381915
0.03359562 0.03304522 0.03122602 0.03536978 0.03442276
0.03551211 0.04176953 0.03377321 0.03669173 0.03447196
0.02696432 0.03805046 0.03397831 0.0320405 0.03064084
0.03388361 0.0358218 0.03215548 0.03649545 0.03768251
0.03551813 0.03377685 0.03224019 0.02810877 0.03325574
0.0311898 0.03454346 0.03777637 0.03124093 0.03316755
0.03833985 0.03539489 0.03099025 0.03071209 0.03171428
0.03731237 0.03296188 0.03027967 0.03669987 0.03091279
0.03239678 0.03200575 0.03387464 0.03678751 0.036256
0.03470428 0.03432999 0.03431556 0.03484389 0.03507948
0.03842049 0.03825877 0.03550062 0.03527601 0.03823672
0.03062157 0.03674292 0.03370358 0.03821874 0.04018821
0.0328603 0.02812626 0.03497225 0.03616738 0.03631737
0.03035275 0.03490245 0.03552811 0.03602097 0.03168885
0.03629604 0.03205286 0.02749737 0.02772142 0.03682051
0.0303565 0.03678929 0.03274577 0.03310693 0.03154023
0.03155159 0.03457623 0.03345738 0.03883733 0.03799813
0.04270003 0.03883166 0.03064553 0.03766027 0.03238448
0.03247921 0.04061143 0.03535558 0.03206517 0.03462045
0.03807643 0.03706899 0.0367685 0.0355582 0.03403288
0.03318204 0.03661291
