0.0403611 0.02598663 0.04000164 0.04668382 0.04143366
0.04020495 0.04512606 0.04142046 0.04183481 0.03992606
0.04347435 0.03884341 0.0422783 0.04396401 0.04814371
0.04150487 0.04324118 0.04319692 0.04477856 0.03971487
0.04189925 0.04288749 0.04454933 0.04442164 0.04706614
0.04293312 0.03698497 0.04069953 0.03876187 0.04361936
0.03939734 0.04475989 0.0392851 0.03910464 0.0383366
0.03794166 0.04444166 0.04532386 0.04339947 0.04297146
0.03592721 0.04205576 0.03745855 0.04253155 0.04590393
0.03509793 0.03709102 0.04295655 0.04388068 0.04303826
0.04589763 0.04170248 0.0419741 0.04300424 0.04000724
0.04294789 0.04584785 0.04569539 0.04244468 0.0319708
0.03665811 0.04502517 0.04333224 0.03554641 0.04000607
0.03429538 0.04160095 0.03932979 0.04215515 0.0434833
0.03958586 0.0407985 0.0423914 0.04733391 0.04274965
0.04757032 0.04399459 0.04055629 0.04053156 0.04226237
0.03958922 0.04256052 0.05182271 0.04050969 0.04393536
0.0386126 0.03792262 0.03410748 0.04321286 0.04521459
0.03888054 0.04156732 0.04250723 0.04529727 0.05037338
0.04008207 0.04154157 0.04595538 0.04121812 0.04321822
0.03853773 0.04217184 0.04031833 0.03805069 0.04200931
0.0393072 0.04717758 0.04611284 0.03519616 0.04401958
0.04015323 0.04409668 0.0427351 0.04047944 0.04769622
0.04120541 0.04889143 0.04129746 0.04559924 0.03843774
0.04390488 0.03605832 0.04087182 0.04439239 0.03750415
0.0452492 0.03844035 0.03636751 0.04071447 0.04078305
0.0447293 0.03965816 0.03914866 0.04919045 0.0394971
0.04550198 0.04413207 0.04823532 0.043493 0.0430922
0.04084092 0.04575888 0.04283867 0.04760107 0.04280105
0.0376241 0.03907038 0.04612012 0.04255399 0.04655195
0.04266798 0.04325508 0.03021894 0.04031566 0.04252683
0.03558401 0.04937328 0.03986825 0.03876036 0.04405375
0.04337726 0.04278577 0.03754304 0.04276012 0.03737769
0.03845022 0.0444358 0.04443754 0.04206948 0.04208029
0.03661155 0.04265893 0.03742892 0.04076285 0.03498051
0.03884326 0.03186402 0.03430051 0.03992092 0.03995849
0.04467178 0.0436855 0.04165096 0.04095621 0.04191337
0.04836885 0.04003291 0.04155121 0.0438571 0.0338493
0.03747635 0.04119522 0.040889 0.04622159 0.04040496
0.04085533 0.03900654 0.04161916 0.04293191 0.04501602
0.03488032 0.03813904
