0.03931571 0.02707536 0.04086455 0.03817225 0.04311048
0.03464546 0.03877035 0.04075264 0.04218742 0.03984061
0.03646662 0.04477371 0.04386589 0.04094225 0.04408384
0.03975779 0.03754037 0.03680891 0.0362607 0.03596284
0.03850861 0.03889374 0.0415394 0.04119454 0.04095257
0.04117709 0.03417011 0.03926779 0.03715075 0.0432495
0.04064435 0.040817 0.03889492 0.03393458 0.03957606
0.03814251 0.04040224 0.04679156 0.03554017 0.03875816
0.03772153 0.04379698 0.03707941 0.03957368 0.0391119
0.04290743 0.04245298 0.03296226 0.03771732 0.04347144
0.04004134 0.03946422 0.03828542 0.03666153 0.03523176
0.03502265 0.03532803 0.0395988 0.0420927 0.03826657
0.03797105 0.04033213 0.0415976 0.04300601 0.03725063
0.03683128 0.03632614 0.03690486 0.03590621 0.04072585
0.03653387 0.03710039 0.04506092 0.04020411 0.03162893
0.03958102 0.04027177 0.0377521 0.03579828 0.03497171
0.03849921 0.03569547 0.03368953 0.04038275 0.04226327
0.03803867 0.03736559 0.0358857 0.04212805 0.04230758
0.03164123 0.03572778 0.0342958 0.04468481 0.04111483
0.03939716 0.04053949 0.04128067 0.03822787 0.03818856
0.03725965 0.04060105 0.04447567 0.03289623 0.03591024
0.04554416 0.04399252 0.03801733 0.03782783 0.03725932
0.03825184 0.03933109 0.0404701 0.03539099 0.0330205
0.03903245 0.04053022 0.0374276 0.03612952 0.04193806
0.03541133 0.0410103 0.0357287 0.03738101 0.03702229
0.03688827 0.03221564 0.03212328 0.03989464 0.03621118
0.04194745 0.04697902 0.03886738 0.03579358 0.03900024
0.03885067 0.03518572 0.04490185 0.03181192 0.03660344
0.03779072 0.0389878 0.04445335 0.03582206 0.04176263
0.04856354 0.03227946 0.03824458 0.0390486 0.03868845
0.04436331 0.04401799 0.03591611 0.03764609 0.03500525
0.04167324 0.03479718 0.0367545 0.04135693 0.03534061
0.03356473 0.03287704 0.03876197 0.04320787 0.03623424
0.03986147 0.03411443 0.03317101 0.03651909 0.03512713
0.03896736 0.03884969 0.03122658 0.03999037 0.04007591
0.04195749 0.04221112 0.03373998 0.04035449 0.03396281
0.04325424 0.03453315 0.04378398 0.04220061 0.03933902
0.04408138 0.03631586 0.04255896 0.03789927 0.03784259
0.04191875 0.04469836 0.03770309 0.03858157 0.0385787
0.03414381 0.03062671 0.03571803 0.04396317 0.04044546
0.04398137 0.0407118
