0.04309607 0.02760854 0.04538193 0.0404635 0.03833275
0.04513177 0.04823282 0.04461728 0.03856414 0.04362093
0.03970809 0.0403902 0.04185432 0.0371355 0.04708804
0.03970642 0.04241488 0.03602048 0.0426044 0.0424048
0.04027935 0.04616615 0.04488325 0.03676013 0.04217027
0.04713924 0.04714449 0.04455127 0.03233256 0.0419577
0.04010962 0.04313776 0.04175722 0.04675646 0.03730059
0.03974007 0.04432679 0.04662146 0.04228974 0.04301692
0.04840278 0.04271769 0.03739496 0.03561741 0.04666646
0.04025709 0.04051246 0.04144502 0.04039433 0.04219731
0.04405526 0.04771 0.03782009 0.03804091 0.04230764
0.04486446 0.04569065 0.04551604 0.04252581 0.03741591
0.04157587 0.04222644 0.04660416 0.04800249 0.03951985
0.04274059 0.04154426 0.03357247 0.04526134 0.04053834
0.03718864 0.03411967 0.04234511 0.04141872 0.03606781
0.04228645 0.04208168 0.03839889 0.0472938 0.04100672
0.03746241 0.04341643 0.03848594 0.04238803 0.04214354
0.03731306 0.03921254 0.04281513 0.04205714 0.03884557
0.04598778 0.04088935 0.04223653 0.04231692 0.04066499
0.04208064 0.04462925 0.0419324 0.04898061 0.03949247
0.04042845 0.04098749 0.04341723 0.04059734 0.047311
0.0386441 0.0395954 0.04517396 0.03955631 0.03878412
0.03920149 0.04243364 0.04623466 0.04240527 0.04081411
0.04392352 0.0369629 0.04072191 0.04549401 0.04274382
0.0344879 0.04495623 0.0432809 0.03985474 0.0436573
0.04524159 0.04354249 0.04290304 0.04699327 0.04636835
0.03932842 0.03743124 0.04238238 0.03625977 0.03267794
0.0441461 0.04364638 0.04574724 0.04567531 0.04434436
0.03990875 0.04109498 0.03675555 0.04539114 0.04263548
0.04448191 0.04321364 0.03828294 0.04627509 0.04417685
0.04054155 0.04098381 0.03862687 0.04049686 0.04455531
0.03834041 0.04366323 0.04494994 0.03730637 0.04261103
0.04365843 0.04401989 0.0425635 0.04376117 0.04450409
0.04039236 0.04102488 0.0375223 0.04225146 0.03912761
0.0440068 0.03772426 0.04296675 0.04128708 0.03979231
0.04874705 0.03632208 0.04397516 0.04185234 0.04217033
0.0420531 0.04151413 0.04436503 0.04477893 0.0377026
0.03821928 0.04159133 0.04377354 0.04347698 0.04086145
0.04223215 0.04366715 0.03961576 0.04811843 0.03966828
0.04469902 0.04650384 0.04467912 0.0399448 0.04353762
0.04374511 0.03975422
