0.03970779 0.0292676 0.03838261 0.04819282 0.04541032
0.04202805 0.03964858 0.04346177 0.04396458 0.0390335
0.04183389 0.04369582 0.0388959 0.04129394 0.03832478
0.04228899 0.04103608 0.04293747 0.04191148 0.04242013
0.0445707 0.04004654 0.0424476 0.04513459 0.04282829
0.0413404 0.04326835 0.04071411 0.04438816 0.03669044
0.04177585 0.04519928 0.03690265 0.04351332 0.05044736
0.04177558 0.04125857 0.04483481 0.04363548 0.04188377
0.04071869 0.04685518 0.04378547 0.04142881 0.03845074
0.04590583 0.04548135 0.04653583 0.04147539 0.04268901
0.04010408 0.03937662 0.04205549 0.04272211 0.03879469
0.03880671 0.04588665 0.04826554 0.04271484 0.04811388
0.04540689 0.04700801 0.04206849 0.03806158 0.04089546
0.0410894 0.04183514 0.04041954 0.03637087 0.03913134
0.04240801 0.04233329 0.04144058 0.04071169 0.03985212
0.04047096 0.04360104 0.04642758 0.04178696 0.04117461
0.05076448 0.03853634 0.04130254 0.04201505 0.04449549
0.03836138 0.04228332 0.04627601 0.04087294 0.03850257
0.0409084 0.03917274 0.04355908 0.03896204 0.03739345
0.03989626 0.04356162 0.03903963 0.0437402 0.03966911
0.042381 0.04215169 0.04277188 0.04498928 0.0407739
0.04682882 0.0425353 0.03978455 0.03819847 0.04903516
0.03981156 0.03770135 0.04413326 0.04068444 0.04691385
0.04864975 0.03633037 0.03853443 0.04560775 0.04995366
0.04962484 0.04182797 0.03907283 0.04808686 0.04408314
0.04150313 0.04568617 0.04300193 0.0448129 0.043266
0.04099924 0.0398226 0.03937195 0.03678923 0.04207788
0.0377204 0.04275164 0.04089704 0.03997839 0.04955166
0.04460747 0.03648169 0.04098335 0.03816638 0.03908658
0.04310136 0.04802146 0.03894856 0.03783891 0.04596582
0.03601584 0.03814405 0.04286122 0.04056297 0.0442656
0.04117911 0.04060809 0.04600758 0.03894134 0.0443897
0.04098713 0.05096864 0.04111076 0.04529595 0.04194717
0.03768273 0.04958338 0.03916327 0.03843679 0.03868545
0.04495121 0.04205647 0.04224704 0.05007846 0.03980619
0.03956099 0.0445135 0.04180699 0.04454526 0.04622896
0.03836047 0.05670789 0.04377859 0.04363472 0.04229683
0.03995007 0.04025079 0.04367555 0.04949192 0.04535181
0.03889613 0.04152762 0.04474902 0.03860321 0.04098963
0.0411951 0.038321 0.04573395 0.03990126 0.0384925
0.03731846 0.03992663
