0.04284777 0.02747147 0.04900922 0.03552142 0.0382758
0.04076759 0.04062293 0.03629653 0.03608619 0.04392337
0.03625344 0.04324979 0.04899313 0.04157751 0.04522303
0.04537827 0.04202459 0.0441035 0.03910882 0.04011357
0.04340429 0.04449647 0.04701438 0.04430011 0.04287121
0.04300879 0.0417651 0.04999554 0.04004551 0.04682156
0.03991854 0.03557286 0.03962196 0.04328842 0.03640086
0.04514234 0.04159358 0.041543 0.04023108 0.04133138
0.04155979 0.04371949 0.03925661 0.04523324 0.04951574
0.04709821 0.04989883 0.03975923 0.04974191 0.04502686
0.03837144 0.04044745 0.03664193 0.0424624 0.03953237
0.04233031 0.04581252 0.04019435 0.04111466 0.03413684
0.04872968 0.04117909 0.04376352 0.04219158 0.04149073
0.04398013 0.03893988 0.04004049 0.03930643 0.04199116
0.04201181 0.04244862 0.04453792 0.04309702 0.04249016
0.04198569 0.04203203 0.04127918 0.04280273 0.03649214
0.04549235 0.03759727 0.04396743 0.04693992 0.04070235
0.04233872 0.04156713 0.04643439 0.03926686 0.04814282
0.04818561 0.04240305 0.03986224 0.04357849 0.04072486
0.043973 0.04561343 0.03422049 0.03769452 0.03718419
0.04389643 0.04039405 0.04911101 0.04237206 0.04658861
0.0364334 0.04433641 0.04657918 0.03684555 0.04901875
0.03747175 0.04639363 0.04293118 0.03657832 0.04093109
0.04397466 0.04569872 0.04674857 0.04444199 0.04367315
0.0356223 0.04463107 0.03975426 0.0455996 0.04088821
0.03574607 0.04309552 0.0422321 0.04196796 0.0437814
0.03069319 0.04185767 0.04218649 0.04401347 0.04309759
0.03726497 0.04011414 0.04192697 0.04077317 0.03999585
0.04084812 0.04667862 0.0412508 0.03832056 0.04346478
0.04659573 0.0463698 0.04107976 0.04397516 0.04136184
0.04580463 0.04203446 0.0363283 0.03589126 0.03953404
0.03680319 0.04421901 0.04350275 0.0384407 0.03492917
0.03768145 0.04431027 0.03992813 0.04790365 0.04349537
0.0452345 0.03956778 0.04452149 0.03878054 0.03986207
0.04526168 0.04069068 0.04306157 0.04469791 0.04366293
0.03866765 0.03629363 0.03457872 0.04437672 0.03987245
0.04490979 0.04371517 0.04433176 0.03692775 0.03822362
0.04655422 0.04121372 0.03395201 0.03898055 0.04720645
0.04060326 0.04368743 0.04184227 0.05178323 0.03783014
0.04066792 0.03516952 0.0435814 0.04348785 0.04811445
0.03488541 0.04698506
