0.03894187 0.02641868 0.05032492 0.04010095 0.03615219
0.04581608 0.02883149 0.04041521 0.05150694 0.03865952
0.04751468 0.03902766 0.03650881 0.04195355 0.06032204
0.05134583 0.04215172 0.02833878 0.04383738 0.04227583
0.03604252 0.03693183 0.03823138 0.03284482 0.04072465
0.03656726 0.04987826 0.03881537 0.03837307 0.03381102
0.06044283 0.04134768 0.03649868 0.04487365 0.03705461
0.03156314 0.03956362 0.04491289 0.0333827 0.04129438
0.05457613 0.06570619 0.03910307 0.0297121 0.04490027
0.03766409 0.04140616 0.03351512 0.04229458 0.0393189
0.03428628 0.03548267 0.05511663 0.04314014 0.0411853
0.04216197 0.03707494 0.03833629 0.04215629 0.04243121
0.06337838 0.0401107 0.03895271 0.04069675 0.0355078
0.03756463 0.03845412 0.04167157 0.04974778 0.03834916
0.0442817 0.033187 0.04748107 0.06336168 0.03929134
0.03660706 0.03497234 0.03330399 0.04002099 0.03096893
0.03441632 0.04498525 0.03416091 0.04500165 0.03744565
0.03896752 0.03079008 0.06548403 0.04690242 0.03735294
0.03741028 0.05801722 0.04042767 0.03753827 0.05116059
0.04565166 0.04659609 0.0427824 0.0399123 0.04080752
0.04017561 0.03967113 0.03162369 0.0385569 0.04283826
0.04015258 0.0353954 0.05987354 0.05207457 0.04024577
0.04181953 0.03909934 0.04355641 0.03777553 0.04000888
0.04144642 0.03633531 0.05096914 0.04204104 0.05956042
0.03869978 0.0371124 0.03833939 0.0397994 0.03966291
0.0349687 0.02657588 0.03502494 0.0412928 0.03952992
0.04900601 0.05638387 0.0474298 0.04117271 0.03675459
0.04515209 0.03558619 0.03578808 0.04698042 0.05250474
0.05119511 0.03101741 0.03533772 0.03938788 0.03932711
0.04229549 0.03564415 0.04054742 0.03917924 0.06412337
0.0332084 0.03766587 0.06019536 0.02753592 0.05399932
0.04151412 0.0407416 0.05757209 0.03888103 0.04912879
0.07197491 0.03490641 0.0626844 0.04781773 0.06105044
0.03705105 0.03860156 0.04138091 0.03954971 0.0342738
0.02854216 0.06978937 0.03576006 0.03365555 0.03588349
0.0375656 0.04407399 0.04026867 0.03633552 0.03311248
0.04226393 0.03132481 0.03792983 0.03728763 0.0415212
0.03811188 0.03813184 0.04856591 0.04358294 0.03512355
0.05230151 0.06836914 0.066739 0.03565962 0.06750198
0.02998064 0.04083403 0.03194385 0.04192492 0.03710511
0.03850996 0.04974716
