0.04221283 0.02762379 0.04215338 0.04243919 0.04276212
0.04537976 0.04277182 0.0379718 0.03980837 0.04499579
0.04587167 0.04392211 0.04062178 0.04165281 0.04249814
0.03457266 0.03752029 0.04263789 0.0430583 0.04157314
0.03752588 0.03993226 0.04234829 0.03693361 0.04108199
0.04252425 0.0374429 0.04213864 0.04241294 0.0455525
0.04304311 0.04077443 0.03521127 0.04335507 0.043691
0.04297506 0.040367 0.03658828 0.04386947 0.04049082
0.04668857 0.04347918 0.04240829 0.03973268 0.03818471
0.03894845 0.03064496 0.04168605 0.04782186 0.04255328
0.0384615 0.04185021 0.03954934 0.04152539 0.04181403
0.04165209 0.0399436 0.03973985 0.0363562 0.04182043
0.03730744 0.04269731 0.03782756 0.04436867 0.04475421
0.03815205 0.03853854 0.04402468 0.0405332 0.03987733
0.03909101 0.03599633 0.04021182 0.03835913 0.03534154
0.03649582 0.03567275 0.04173172 0.04205365 0.04511539
0.04394575 0.0438662 0.04200945 0.03724822 0.0448855
0.03614215 0.04019997 0.03439415 0.04060409 0.04461018
0.04135883 0.03955869 0.04317821 0.04575788 0.0418854
0.03613745 0.03979838 0.04222722 0.03574 0.03955324
0.04400323 0.04228682 0.04408229 0.03799981 0.04160956
0.03669095 0.04452147 0.03856923 0.04329739 0.04263922
0.04297376 0.03895266 0.04109169 0.04526476 0.03981884
0.04539387 0.04531781 0.04322961 0.03937061 0.04422116
0.04012988 0.04238892 0.03898428 0.0439235 0.04274507
0.0455926 0.03982204 0.04912029 0.04300657 0.0423987
0.04067416 0.04113603 0.04725094 0.04308113 0.04292082
0.03901507 0.04151617 0.04158196 0.03921653 0.0401654
0.03823334 0.04076042 0.03997988 0.04749748 0.04315614
0.03586316 0.04112239 0.04223154 0.04225548 0.0486068
0.03542959 0.04111378 0.03975934 0.03524199 0.04746887
0.04000684 0.03996408 0.04393285 0.04430263 0.04566626
0.04255887 0.039445 0.04210735 0.04479722 0.04267037
0.04617724 0.03231866 0.04583888 0.0419815 0.04310695
0.04425513 0.04393965 0.04144499 0.03882426 0.0394259
0.04435751 0.04112435 0.03742564 0.04156533 0.04242441
0.04048966 0.0398713 0.04084589 0.04520401 0.04288938
0.03877574 0.04510592 0.03943332 0.0431281 0.04858467
0.04040408 0.04009608 0.04299102 0.03634711 0.04560401
0.04702387 0.04118954 0.03567303 0.04166749 0.03807795
0.03998652 0.04091554
