0.04054418 0.02678483 0.03741418 0.04166246 0.04103057
0.0397528 0.03732619 0.04288004 0.0378756 0.04260659
0.03714713 0.03932099 0.04136936 0.04162787 0.04528888
0.0355589 0.03805367 0.04060998 0.04151396 0.03428483
0.04224114 0.04096019 0.0350192 0.03295514 0.03655805
0.04197712 0.03670455 0.03978921 0.04791764 0.0442204
0.04277966 0.03949162 0.03969037 0.03756909 0.03398485
0.03802776 0.03805893 0.03787915 0.03455238 0.03768183
0.03812923 0.03353857 0.039635 0.0418733 0.0392359
0.03513517 0.03800583 0.0394718 0.04320449 0.03544516
0.04588659 0.04210104 0.03552785 0.03998565 0.03395218
0.04336606 0.04465959 0.03666319 0.04050763 0.04128918
0.03818221 0.03710955 0.04638946 0.03993089 0.04036262
0.04056738 0.03956644 0.03915014 0.0415016 0.03711411
0.03820004 0.03798616 0.04035009 0.04673989 0.03473741
0.04021509 0.03972568 0.04438076 0.03518011 0.04195992
0.03458927 0.04105726 0.03157035 0.03870741 0.04087398
0.03506992 0.03805156 0.04173749 0.03695464 0.04006309
0.03534078 0.04408052 0.03692605 0.03470075 0.03828903
0.03421596 0.03861911 0.03882373 0.04029109 0.04084605
0.03940108 0.04048124 0.0390028 0.04245846 0.03681828
0.03637666 0.03764349 0.03801504 0.03794556 0.04405888
0.04056263 0.04381945 0.03434384 0.04171905 0.0411524
0.03344058 0.04043414 0.04154778 0.03947253 0.03710835
0.03662085 0.03928312 0.03574875 0.04043946 0.04072771
0.04104054 0.03467835 0.04080508 0.0376856 0.03747425
0.03750508 0.04317026 0.04105536 0.03761954 0.04784366
0.04328301 0.04147047 0.03723514 0.03840449 0.04243067
0.03682251 0.04552586 0.04215073 0.04497933 0.03922642
0.03960406 0.04023467 0.03951059 0.04223843 0.03937244
0.03802694 0.04448398 0.04009257 0.04227897 0.04425239
0.03665973 0.04418281 0.03562427 0.03812561 0.03650564
0.03806386 0.03978912 0.04378609 0.04072819 0.04456796
0.0384513 0.03881178 0.04395072 0.03663421 0.03866339
0.04161439 0.03831013 0.04127687 0.04142165 0.04202728
0.0393214 0.04535765 0.04443122 0.04347447 0.04125133
0.03279451 0.04389212 0.03915764 0.04144316 0.04035469
0.04055942 0.03337837 0.04071648 0.0379134 0.04308584
0.03998682 0.03701218 0.04260529 0.03208875 0.0441392
0.04124828 0.03576253 0.04399501 0.03815375 0.03964487
0.03531379 0.0416389
