0.04043195 0.02921855 0.03956014 0.0401339 0.04051851
0.04160001 0.04199354 0.04317761 0.0414014 0.04028759
0.04868304 0.03780475 0.04523782 0.0448057 0.04883378
0.04312885 0.04338152 0.05038739 0.04122431 0.03836332
0.0447398 0.04285837 0.04137716 0.04120168 0.04153644
0.03968856 0.04441783 0.04065333 0.04164898 0.04333086
0.05162453 0.04320094 0.04052511 0.05188917 0.04112297
0.04654871 0.04442006 0.050427 0.0424091 0.04013034
0.05025471 0.04124095 0.03946293 0.04463614 0.04571161
0.03785211 0.04504039 0.0510265 0.04185639 0.03920151
0.04064624 0.04692575 0.03885149 0.04927351 0.04175029
0.04494992 0.04572686 0.04331412 0.04898185 0.04100592
0.03581423 0.04196734 0.03756209 0.04435179 0.04498806
0.03938802 0.0402781 0.04865732 0.04209535 0.04552326
0.04047259 0.04069258 0.03857812 0.04084653 0.04893431
0.03898229 0.04465595 0.04010788 0.0378573 0.04139298
0.0434017 0.04698573 0.04647899 0.04379987 0.03797253
0.04356061 0.04373466 0.04383032 0.04713289 0.047125
0.04049764 0.04413825 0.03907037 0.04074348 0.0359444
0.04368839 0.04204343 0.04429499 0.03888401 0.03706921
0.04346092 0.04001006 0.03912772 0.04077581 0.0409749
0.04303111 0.03888672 0.04354078 0.04496974 0.04322288
0.03980099 0.04594761 0.06302389 0.04117419 0.04067556
0.03945898 0.0444244 0.03989684 0.04123076 0.03392157
0.04370945 0.0446295 0.05224796 0.04383553 0.04561372
0.04149964 0.04627632 0.03859493 0.04193332 0.03925536
0.04368691 0.04280259 0.0475859 0.04176838 0.04099764
0.04162912 0.04671319 0.0397627 0.03917248 0.04409015
0.04571308 0.04107856 0.0392005 0.0400235 0.04112376
0.0393349 0.03871463 0.04531644 0.04328739 0.05203206
0.04561294 0.03599078 0.04068622 0.0429176 0.04275748
0.04025547 0.03926497 0.04266224 0.04077122 0.04244035
0.04050387 0.04239084 0.04095388 0.04295991 0.04310693
0.04218477 0.04126942 0.04637144 0.04341313 0.04188371
0.04011149 0.04125124 0.03988835 0.03625844 0.03970149
0.04066251 0.03905547 0.04277548 0.04496142 0.04066417
0.04575748 0.04245059 0.03947453 0.03903141 0.04074454
0.04171793 0.0406848 0.04368005 0.04293171 0.0468299
0.03890021 0.0381624 0.03942932 0.04251017 0.04135453
0.04316139 0.0428043 0.04335482 0.04212572 0.04015432
0.04187483 0.05075414
