0.04047933 0.02775914 0.03637173 0.04543025 0.04404311
0.04206038 0.04164548 0.03708863 0.03870368 0.04163208
0.03610813 0.03770594 0.03968213 0.03688477 0.03824897
0.0424754 0.04194278 0.03951203 0.03841345 0.04238097
0.04370476 0.04021885 0.03898694 0.03640771 0.04350392
0.03810541 0.03801796 0.03776438 0.03754721 0.04239644
0.04401 0.03895188 0.03859162 0.03813017 0.0400245
0.04120937 0.03753688 0.03585642 0.04766147 0.03424954
0.0407505 0.03678622 0.04298237 0.0442766 0.04119163
0.03870146 0.03440774 0.03866933 0.03908559 0.04297717
0.04136917 0.03854737 0.04053162 0.03683642 0.04359797
0.04020272 0.03374727 0.03632436 0.04128224 0.04293854
0.04477449 0.03964939 0.03851429 0.04171548 0.043304
0.04158089 0.04572479 0.04007468 0.04131683 0.04482339
0.03770014 0.04253037 0.03504284 0.03717659 0.04084761
0.03936346 0.03909444 0.03959855 0.03750027 0.03859805
0.03903484 0.0411103 0.04055852 0.04773899 0.04114323
0.03399249 0.038321 0.03682824 0.04418726 0.04470775
0.04333971 0.03671912 0.04237273 0.03795986 0.04272918
0.03684426 0.0456139 0.03807771 0.04569686 0.03861351
0.03768215 0.04172655 0.04157206 0.03835457 0.04347581
0.03670123 0.03822515 0.03665584 0.04255956 0.04149117
0.04274093 0.04589661 0.0352036 0.03545997 0.03638811
0.04056841 0.04167098 0.04013129 0.03794254 0.03608383
0.03558835 0.03877631 0.04127572 0.03994183 0.04188533
0.03982114 0.03672076 0.04083056 0.04049286 0.03780009
0.0397283 0.03936649 0.03694926 0.04149732 0.0361021
0.03239644 0.03777585 0.03572899 0.04294404 0.03504545
0.04477823 0.04469674 0.03667764 0.04279311 0.04117137
0.03662142 0.04716672 0.04410873 0.03757818 0.04070697
0.04112368 0.04139016 0.03754196 0.04432233 0.04279417
0.0403205 0.04366019 0.03944543 0.0411462 0.03742122
0.04081928 0.03787442 0.03671566 0.0380018 0.03756848
0.04132456 0.04237567 0.03640013 0.0424091 0.0436376
0.04147186 0.04756248 0.04067739 0.04791805 0.03877831
0.04035979 0.04143716 0.04572642 0.04372354 0.03876443
0.04349308 0.03365643 0.03926395 0.03761733 0.03559763
0.04107327 0.03887971 0.03911167 0.04368551 0.04263618
0.03935074 0.03945618 0.03745263 0.03783385 0.04130805
0.0415966 0.04252619 0.04687035 0.03478174 0.03767688
0.04316972 0.03904305
