0.03939818 0.02694395 0.0335152 0.06723404 0.03527625
0.03558533 0.03903292 0.04119881 0.03667838 0.03540655
0.07924885 0.03804548 0.03748222 0.03844132 0.0427999
0.0366002 0.04190144 0.03964018 0.03668506 0.04229761
0.04489965 0.04189117 0.04364378 0.03759306 0.03923925
0.03607228 0.03772922 0.0371329 0.03904338 0.03300676
0.04602996 0.04073291 0.04382219 0.03809971 0.03829035
0.05720523 0.03955199 0.03629375 0.03587888 0.03861246
0.03847433 0.03991826 0.02955456 0.0507559 0.03834224
0.03610335 0.03790226 0.0423811 0.0395667 0.03898459
0.0395241 0.04130748 0.02665748 0.04378999 0.03627665
0.03602836 0.03443185 0.03686954 0.04678147 0.03870956
0.03995084 0.04434335 0.02844657 0.03663709 0.03680427
0.0382924 0.03825052 0.04480936 0.02546252 0.04291214
0.06164185 0.04018261 0.04274212 0.03777187 0.04284735
0.03523541 0.0435721 0.04016805 0.04118715 0.03501405
0.02668806 0.04047296 0.04124258 0.04108927 0.0321375
0.02778475 0.03157157 0.036127 0.03541236 0.06162834
0.03756732 0.04342828 0.04038212 0.03512987 0.03476159
0.0319459 0.0320346 0.03988529 0.05818575 0.0340334
0.03921741 0.03545604 0.03961374 0.03907337 0.03891837
0.03894947 0.03665498 0.03895924 0.04485325 0.03607642
0.03826599 0.02819257 0.04061603 0.04165805 0.03358883
0.04203498 0.0382082 0.04019583 0.03578792 0.02780397
0.03666718 0.03686232 0.02600569 0.02987896 0.02880446
0.03708629 0.04073184 0.03631582 0.04041112 0.03489893
0.03393861 0.04089639 0.05992929 0.03686987 0.03334574
0.04077628 0.03288112 0.02978472 0.03509062 0.02723177
0.04012942 0.06498365 0.03562383 0.03747305 0.0270518
0.03451593 0.02808828 0.03448512 0.03892762 0.04035456
0.03690036 0.03562011 0.03515577 0.03467115 0.03324971
0.03431893 0.0403231 0.0265014 0.03709804 0.02848133
0.03522713 0.04126239 0.03557953 0.03679742 0.03904848
0.03773919 0.03893066 0.02762614 0.03722242 0.03876844
0.04148698 0.04957893 0.03993894 0.03583368 0.03614757
0.04174756 0.03575105 0.03903467 0.02862979 0.03818159
0.03526806 0.04000385 0.02897704 0.03862938 0.03369843
0.03995381 0.04041937 0.04088915 0.0458229 0.03519507
0.03850057 0.04308064 0.03891787 0.04026693 0.035727
0.03379782 0.03805601 0.03521634 0.03580044 0.03933657
0.02517151 0.04203118
