0.0358304 0.0256162 0.03777347 0.03799721 0.03586529
0.03440599 0.04169259 0.03896394 0.04350119 0.03730859
0.0352028 0.0361217 0.03594215 0.04478113 0.03959852
0.03724915 0.03936113 0.0357657 0.03774748 0.03316175
0.03369397 0.0351089 0.03350393 0.03994074 0.03045586
0.03426018 0.03703594 0.03589616 0.03947964 0.034999
0.0409573 0.03548854 0.03242946 0.03670206 0.04187142
0.03828175 0.0364583 0.03868968 0.03981088 0.04133927
0.03972746 0.03707915 0.03806164 0.0365045 0.03867693
0.0327548 0.03718874 0.04012719 0.03509366 0.03650828
0.03381425 0.03640444 0.03663302 0.0395912 0.03933963
0.03903972 0.03707797 0.0363917 0.03816758 0.038221
0.03780585 0.03800954 0.0377053 0.04110769 0.03727601
0.03541101 0.03671372 0.03141975 0.03786205 0.03361414
0.03427233 0.03759465 0.03408592 0.03882257 0.03497693
0.04079948 0.03677736 0.03676304 0.03392096 0.03756767
0.03795868 0.035535 0.03528008 0.03196899 0.03704878
0.03933866 0.03766602 0.03356108 0.03527226 0.03511769
0.03362744 0.0387425 0.03640369 0.03304787 0.03463159
0.03670982 0.0324415 0.03598592 0.03882237 0.03846098
0.04074092 0.03837905 0.03674777 0.03509072 0.0406674
0.03763513 0.04062123 0.03510254 0.03764035 0.04120908
0.0369148 0.03285731 0.03251734 0.03762112 0.03360959
0.03544016 0.03422176 0.04014078 0.04441918 0.03630759
0.03480307 0.03037514 0.03869845 0.0341271 0.03681579
0.03856049 0.03170527 0.03899157 0.03261187 0.02985212
0.03389374 0.03197391 0.0354777 0.03653788 0.04141948
0.0392822 0.03514543 0.03528588 0.03814403 0.03191685
0.03815953 0.03701703 0.03937063 0.04086876 0.03546226
0.03425406 0.0312372 0.0329561 0.03495654 0.0354057
0.03861697 0.03968117 0.0346387 0.03785623 0.03807137
0.03563204 0.03927208 0.03292942 0.0353513 0.04138014
0.03741503 0.04192917 0.04077231 0.03188042 0.03471341
0.03903779 0.03556946 0.03624281 0.03840691 0.0383162
0.03564091 0.03464988 0.03408587 0.03826172 0.03446891
0.03588401 0.03567104 0.04003762 0.04286822 0.03742939
0.03468539 0.03768273 0.03743518 0.03362973 0.03921877
0.03899928 0.03289885 0.04216569 0.03449522 0.04053039
0.04185454 0.03830473 0.0330623 0.03703288 0.03789277
0.03363179 0.03249599 0.0401924 0.03376939 0.03622986
0.03725863 0.03580095
