0.0420785 0.0265731 0.04006962 0.0422594 0.04093274
0.03616609 0.04465412 0.04161981 0.04146061 0.04274152
0.04240788 0.04005112 0.04287193 0.0411456 0.04695401
0.03804157 0.04252956 0.04190151 0.03526467 0.04217449
0.0441846 0.04271787 0.04024904 0.05147756 0.04167137
0.0398066 0.03790759 0.04427885 0.04477007 0.03937387
0.03492497 0.0420278 0.04003088 0.04062378 0.04560802
0.03952779 0.03919257 0.03948921 0.04025865 0.04226962
0.04131123 0.03908055 0.03378847 0.04168729 0.04043091
0.03755185 0.04490087 0.04627259 0.04172233 0.04196294
0.04511747 0.04231182 0.04289513 0.03753358 0.04793016
0.04044698 0.04314283 0.04350778 0.04135919 0.03748434
0.04311099 0.03765754 0.03741401 0.04258154 0.04412328
0.04181412 0.04002333 0.04118608 0.04293462 0.04433718
0.03922094 0.04068843 0.03542516 0.04372699 0.04478684
0.03394163 0.03647394 0.04332554 0.04416617 0.03723713
0.04303122 0.04003038 0.04271049 0.0406708 0.04424775
0.0361873 0.04538793 0.04310037 0.0417559 0.03819689
0.04292639 0.03548972 0.03973057 0.04138275 0.04230311
0.04220211 0.04894342 0.04192465 0.03944642 0.04281153
0.04313475 0.0471527 0.03847407 0.04147903 0.04138351
0.04122755 0.03961692 0.04159564 0.03832555 0.04014079
0.03808285 0.04298867 0.03348415 0.03937908 0.04273906
0.04289745 0.0428449 0.04044112 0.0438298 0.0367946
0.04681769 0.03714349 0.04885564 0.04263162 0.04926808
0.04183642 0.03759645 0.04734069 0.04006458 0.03686877
0.0426785 0.04062345 0.04033552 0.0475534 0.04360758
0.04338027 0.04247019 0.03993209 0.04033149 0.04209906
0.03800551 0.0418902 0.04272169 0.04650004 0.04609944
0.04147358 0.04332032 0.03564392 0.03760934 0.04600327
0.03946878 0.03585796 0.04002509 0.03467811 0.03999892
0.03692695 0.03609712 0.04551816 0.0399483 0.0413763
0.04456991 0.04090582 0.03687918 0.04202766 0.03822248
0.04261089 0.0433652 0.04090171 0.04621092 0.04777814
0.04338712 0.04162127 0.03832919 0.04114805 0.04178068
0.04290937 0.03791925 0.03598133 0.0433285 0.03336486
0.03784784 0.04053449 0.04577479 0.04236389 0.04047764
0.0485204 0.03785959 0.03871674 0.04590015 0.04699244
0.03808168 0.04058984 0.03833053 0.03909282 0.04244845
0.04223666 0.03950243 0.03780506 0.0480571 0.04163914
0.03568531 0.03860153
