0.04322713 0.02808638 0.04149353 0.03716055 0.04010341
0.04045331 0.04155347 0.03792692 0.0436432 0.03530964
0.04054299 0.0490697 0.03681903 0.03824732 0.04069605
0.04445382 0.05166366 0.04354109 0.03680692 0.04283652
0.04608572 0.03963232 0.04086849 0.04983311 0.03812686
0.03887548 0.04331549 0.04181656 0.04265265 0.0347563
0.038475 0.03930265 0.0430724 0.03372022 0.04205317
0.03719611 0.04236578 0.04236778 0.04113602 0.04203661
0.03860935 0.04306163 0.04487552 0.04363781 0.04106562
0.04503613 0.03989986 0.03821599 0.04116605 0.04186012
0.04177549 0.03956969 0.0466786 0.04085296 0.0447852
0.04592069 0.0415408 0.04362665 0.04210795 0.04123973
0.03938569 0.04580341 0.03936816 0.04418913 0.04407803
0.04041831 0.0399764 0.04525644 0.0365261 0.0405273
0.03959103 0.03854042 0.03916108 0.04528608 0.04315128
0.0424235 0.04122196 0.04160861 0.04095546 0.04512768
0.03803208 0.0436955 0.03726645 0.04708313 0.0376862
0.03900386 0.04555576 0.03891103 0.04158769 0.03713905
0.03754286 0.03958458 0.04014166 0.04496563 0.04669378
0.03755599 0.04563411 0.04179078 0.04154058 0.0420087
0.04267338 0.03990683 0.04041199 0.04239154 0.03914403
0.04049074 0.03725065 0.03349005 0.04355017 0.0439012
0.03941775 0.04186152 0.04315856 0.04453044 0.03727287
0.04427493 0.03529172 0.04245268 0.04357862 0.0369716
0.03839252 0.04257776 0.04378002 0.0415716 0.04273446
0.0404458 0.03962682 0.03882651 0.03757039 0.03626375
0.03707164 0.04192451 0.0380929 0.03903491 0.03616103
0.03958823 0.042582 0.03982496 0.04250621 0.03955556
0.03710143 0.03622651 0.04066715 0.04498734 0.04282789
0.04504786 0.04004772 0.04424261 0.04665944 0.0398181
0.03828698 0.04178982 0.03946987 0.04501081 0.0445252
0.0378396 0.04397704 0.04271688 0.04379303 0.04458797
0.04331223 0.04540964 0.04200561 0.03832808 0.0407352
0.04005155 0.04524774 0.04775517 0.04430526 0.03912508
0.03680377 0.03863394 0.03940741 0.04222988 0.0357204
0.04489016 0.03872536 0.03854122 0.04262752 0.03953132
0.03799091 0.04059183 0.04036018 0.03283233 0.04488044
0.03910119 0.04023412 0.0432049 0.03990968 0.04595702
0.03911157 0.03932104 0.04003364 0.04249965 0.04109554
0.04063649 0.04073863 0.04444987 0.04165606 0.04186284
0.03999136 0.0405783
