0.03823144 0.02659145 0.04144483 0.04232966 0.03845276
0.03618462 0.03766413 0.03961005 0.03660548 0.04148343
0.03843998 0.04160769 0.03866607 0.03787179 0.03535301
0.04361638 0.03385416 0.04046209 0.04119746 0.0416676
0.04135796 0.03953858 0.04148008 0.04005344 0.03831295
0.03871498 0.03751705 0.04402312 0.0415211 0.03981563
0.03890775 0.03369386 0.04111691 0.03852637 0.04044568
0.04218969 0.0373376 0.0438349 0.04077404 0.03829996
0.03817245 0.0411116 0.04072697 0.03359648 0.03325868
0.04026684 0.03858898 0.03751288 0.0368876 0.03625092
0.04126314 0.03409892 0.03915796 0.04079796 0.03621873
0.03978387 0.05274715 0.044408 0.04045951 0.04251846
0.03865679 0.03775778 0.04209376 0.04248184 0.03558214
0.02770891 0.03911978 0.03874159 0.04074451 0.04295677
0.03737562 0.04378784 0.042532 0.04976299 0.03545023
0.03786246 0.03877751 0.03816991 0.04050099 0.03772921
0.03669686 0.04048423 0.04210924 0.03681281 0.04266053
0.04255625 0.03969355 0.0398016 0.03323403 0.03932745
0.03776322 0.03502843 0.03249254 0.03623145 0.04005155
0.03643422 0.04538969 0.03774623 0.04237888 0.03865104
0.03487942 0.03998583 0.03500644 0.03277669 0.03577163
0.03685788 0.03898565 0.04013335 0.04110808 0.03602076
0.0308891 0.03574673 0.03509624 0.04025771 0.03814917
0.03759734 0.03756427 0.03784131 0.04148163 0.04208819
0.03948973 0.03561829 0.03822081 0.03631785 0.03707389
0.04646121 0.0376089 0.03926789 0.03772332 0.04001905
0.04351434 0.03320231 0.03759803 0.039541 0.03920032
0.04101127 0.03875192 0.03601134 0.04270075 0.03448796
0.04126881 0.03682641 0.04158342 0.04088881 0.04124384
0.03554811 0.03866812 0.03390965 0.04855822 0.04021127
0.04070476 0.04378053 0.04483288 0.03666841 0.04253966
0.03931179 0.04216877 0.0366346 0.03853848 0.03779942
0.04040581 0.04304101 0.03497859 0.04132282 0.03483887
0.03944405 0.03848865 0.03503076 0.04121347 0.03920119
0.03670652 0.03572066 0.03655492 0.04474931 0.03847604
0.03456918 0.04229462 0.03971538 0.03890118 0.03882169
0.04012331 0.04352329 0.04002202 0.03562147 0.03503143
0.03702511 0.03987786 0.03914097 0.04306508 0.03808677
0.04393681 0.04381773 0.04030897 0.03833115 0.03784173
0.04281949 0.03748309 0.03836322 0.03511514 0.03861903
0.03701179 0.04486748
