0.04230155 0.02740294 0.03865448 0.04079583 0.05003945
0.03795176 0.03794957 0.04237907 0.04404706 0.04588035
0.04082852 0.04150509 0.04406193 0.04068126 0.03936649
0.03778022 0.04572591 0.04384432 0.0460466 0.04103336
0.04871938 0.04039732 0.03667673 0.04482219 0.03863251
0.04210038 0.05198213 0.04022561 0.03932408 0.04321017
0.04220001 0.04965585 0.04124694 0.04587294 0.0486732
0.04305673 0.03787063 0.04059592 0.03967724 0.04232466
0.03955044 0.03828663 0.04415177 0.03782663 0.0451624
0.04070223 0.04400479 0.04178878 0.03970941 0.03557713
0.03919763 0.03901539 0.04219717 0.03714172 0.04079423
0.03362059 0.04095637 0.03416418 0.04222678 0.03863224
0.04691489 0.0394672 0.04692967 0.03951434 0.03801852
0.04419888 0.0353281 0.04551773 0.04407024 0.04104914
0.03812158 0.0405516 0.04197504 0.04754406 0.04295957
0.0298601 0.04414323 0.04446404 0.04354563 0.03906169
0.04074297 0.04318582 0.0425934 0.03865102 0.04147629
0.04828629 0.03290914 0.04062649 0.04018638 0.04472035
0.04188799 0.04399456 0.04146146 0.04372807 0.04425914
0.03928571 0.04718132 0.03682187 0.04332065 0.05590513
0.04256968 0.04310359 0.0438162 0.03995389 0.04288389
0.04056653 0.04023829 0.0460328 0.03837494 0.03838953
0.04978614 0.04195224 0.04112488 0.03927053 0.0410249
0.04405063 0.04023955 0.0334028 0.040603 0.04608411
0.04376623 0.04011966 0.04278779 0.04244002 0.04582456
0.04389886 0.04091668 0.04099419 0.03842272 0.03984486
0.04325512 0.03899798 0.04534469 0.04483619 0.03969811
0.04844313 0.04345346 0.04160425 0.0444102 0.03456235
0.03643908 0.05054261 0.04412073 0.0429363 0.04560826
0.04146297 0.05227994 0.04985186 0.03491692 0.04074928
0.04228208 0.03648743 0.04505288 0.0438413 0.04350429
0.04438118 0.04335865 0.03672553 0.03786202 0.04236257
0.04320509 0.04161195 0.04434745 0.03897733 0.04252059
0.04137138 0.04234995 0.03677414 0.03509721 0.04007353
0.03948984 0.03874148 0.03921982 0.03782879 0.04543265
0.03514402 0.0406868 0.0434102 0.03881308 0.04605878
0.03518462 0.04476333 0.04400224 0.03917751 0.04418471
0.0467646 0.03875332 0.03992183 0.04665624 0.04120672
0.04013677 0.04440066 0.04885245 0.04393107 0.04498397
0.04749646 0.04026652 0.03853312 0.04334301 0.04783266
0.03291664 0.04142854
