0.04004677 0.02565038 0.03980039 0.04524518 0.03833485
0.04243876 0.03465636 0.03317373 0.04059477 0.0427832
0.03640529 0.03700712 0.04494516 0.04184797 0.03589976
0.04037584 0.05232174 0.03898733 0.03744595 0.04073857
0.03772385 0.041852 0.03774433 0.0445784 0.03318662
0.0359374 0.04072471 0.04003212 0.04487234 0.0468775
0.04533769 0.04702779 0.03650155 0.04552055 0.04318052
0.03735069 0.03510151 0.04436395 0.04050606 0.04313364
0.04489099 0.03870967 0.03788502 0.04604492 0.03688635
0.03662929 0.03802989 0.04522249 0.02708464 0.04325961
0.04529717 0.04215012 0.03233893 0.03878457 0.04426301
0.03951764 0.044668 0.04502392 0.03975293 0.05190788
0.03471487 0.04956783 0.04141631 0.04516811 0.05009597
0.04553475 0.04250267 0.03682161 0.0434658 0.04098476
0.04463251 0.04263967 0.03932637 0.04287107 0.04484194
0.04480117 0.04803855 0.04228106 0.0414149 0.03919895
0.03988648 0.04188243 0.04313622 0.03859304 0.0423783
0.03608539 0.03941556 0.03608928 0.04389017 0.0415621
0.04610403 0.0428389 0.04164218 0.0375795 0.03725311
0.03682154 0.03950434 0.03439949 0.04304724 0.04298031
0.04270561 0.04208901 0.03676486 0.04197536 0.04632364
0.04185459 0.03894147 0.03923577 0.04413262 0.04128371
0.04190228 0.05255887 0.03793115 0.04055285 0.03829987
0.03975416 0.0448926 0.03722417 0.03804679 0.03637923
0.03249165 0.04808016 0.04158962 0.04562713 0.0377813
0.04410234 0.04587751 0.04372464 0.04341529 0.04064518
0.04267424 0.03694578 0.04483534 0.03611208 0.03549717
0.04240932 0.04260586 0.04039766 0.04629561 0.05022308
0.03753028 0.03902411 0.03775868 0.03115926 0.04199501
0.03891429 0.04135616 0.03752548 0.04513943 0.04519319
0.0518491 0.04007516 0.04070073 0.04016025 0.03492599
0.04091255 0.0414943 0.03514079 0.04299184 0.0463352
0.04733337 0.04451175 0.05112624 0.0413283 0.03612051
0.03869149 0.03001704 0.03791642 0.04329447 0.0355636
0.03975293 0.04484867 0.03582188 0.04535017 0.03657862
0.03970832 0.04990019 0.04126458 0.04974956 0.0468627
0.03868236 0.03962032 0.04284685 0.04329817 0.04182733
0.04074522 0.03752254 0.04154289 0.04726513 0.03958954
0.04082861 0.0410476 0.0458998 0.03511262 0.0408865
0.03782374 0.0359878 0.04928726 0.03991024 0.04638002
0.04920588 0.04045511
