0.03874165 0.02572641 0.03695977 0.0380959 0.04609631
0.0461919 0.04215268 0.04162937 0.03181767 0.04097067
0.04275423 0.03710193 0.0352589 0.03943189 0.03531955
0.0346221 0.03650771 0.03786488 0.03636972 0.03587738
0.04137182 0.0386309 0.03710232 0.03316256 0.03986958
0.0422892 0.0361869 0.03832052 0.03750001 0.03492036
0.04039109 0.03886148 0.04669496 0.03847884 0.04329976
0.04494114 0.03767382 0.03843135 0.03716915 0.03743742
0.03574508 0.04190757 0.0401035 0.04001505 0.0409045
0.04019684 0.04062483 0.03651157 0.04819446 0.03307111
0.03727628 0.03977071 0.03879457 0.03673018 0.0371686
0.04261893 0.03933086 0.03617899 0.0382502 0.0339004
0.04081134 0.0399094 0.04195165 0.03722695 0.03590479
0.03193004 0.03670901 0.03980931 0.04043144 0.04134722
0.0339614 0.03768777 0.03800717 0.04204367 0.03824705
0.03980691 0.03968057 0.03607703 0.03703248 0.04115798
0.03159941 0.03980265 0.03629216 0.04099124 0.04255197
0.04467752 0.03800608 0.04124999 0.03964504 0.03947737
0.03764795 0.033331 0.04045487 0.03722804 0.03987625
0.03420737 0.04690166 0.04375817 0.03805029 0.03751973
0.03901888 0.0332138 0.03880274 0.03660253 0.03398979
0.0418025 0.03894595 0.03918955 0.04236265 0.03394711
0.03077678 0.03716809 0.04211293 0.04096057 0.03539836
0.03902241 0.03829952 0.03713939 0.0390254 0.03326743
0.04007521 0.03891438 0.04444498 0.03527007 0.04353825
0.03760725 0.03996108 0.03779358 0.04741154 0.0470933
0.04148484 0.0432804 0.0360545 0.04235485 0.04393915
0.04489463 0.04251526 0.04303048 0.03871406 0.03843634
0.035132 0.03956348 0.04179869 0.03893783 0.0328384
0.03910035 0.03571419 0.04627648 0.04400993 0.03704679
0.04331911 0.04425028 0.0424953 0.0389715 0.04386422
0.03741301 0.03690709 0.03886496 0.03797396 0.04319304
0.03655974 0.04095074 0.03879336 0.04138955 0.04142097
0.04124851 0.03812439 0.03348485 0.03959443 0.04056086
0.03638775 0.03843294 0.04420875 0.03890064 0.0424162
0.0391448 0.0414726 0.03736431 0.04049352 0.04241956
0.04013937 0.03630376 0.03487946 0.04212787 0.04004753
0.03926979 0.03934497 0.04374796 0.04182092 0.04232001
0.04109655 0.03883577 0.0409519 0.03819184 0.03145731
0.04130261 0.05251429 0.03950887 0.04058514 0.03583102
0.03722635 0.03937291
