0.03920593 0.02706939 0.04145526 0.03637796 0.02771562
0.04348698 0.0340108 0.04269109 0.04437791 0.04028868
0.0376066 0.03313303 0.04272194 0.04622222 0.05016521
0.03250782 0.0410737 0.03631131 0.03954426 0.03292046
0.0427004 0.03807764 0.04190355 0.03886662 0.04288552
0.03708785 0.04162206 0.0402095 0.03250514 0.03450304
0.03277981 0.03910261 0.03202702 0.03425717 0.03835723
0.04068732 0.04267454 0.04001551 0.04121618 0.04687059
0.03453065 0.04130903 0.03510726 0.03999661 0.03993769
0.04114339 0.04582485 0.04244498 0.04138959 0.04512557
0.03897931 0.03621832 0.04559901 0.03780733 0.04224505
0.03836075 0.03536154 0.03855291 0.04180166 0.03116057
0.04344609 0.03658476 0.04076474 0.03760444 0.03740206
0.03864676 0.03899565 0.03615642 0.0367298 0.04046754
0.03834117 0.03318102 0.03834737 0.04411261 0.03903195
0.0404345 0.03573245 0.04099416 0.03909074 0.04665395
0.03848586 0.04720321 0.04231307 0.04243268 0.03657334
0.04024083 0.04006489 0.03509701 0.04120259 0.03808476
0.0334713 0.0420764 0.04182695 0.03558984 0.04026328
0.04058744 0.03410394 0.03811316 0.03776664 0.04633287
0.03897904 0.03725493 0.03291089 0.03655653 0.0375706
0.03223412 0.04055297 0.04148763 0.0350106 0.04230206
0.03497504 0.04336309 0.0309196 0.04191041 0.04179713
0.03299346 0.03373841 0.03444345 0.03182737 0.06474695
0.03573574 0.03283396 0.03875545 0.03157454 0.03143581
0.03342817 0.04295863 0.04144117 0.03712764 0.03551968
0.0396164 0.03861355 0.04352712 0.04430726 0.04748947
0.03722848 0.03577267 0.03664107 0.04375649 0.03938049
0.03376446 0.0383178 0.04593405 0.03426625 0.03591308
0.03745953 0.03943768 0.03675315 0.03348972 0.03896807
0.03568193 0.04111679 0.04981656 0.03813446 0.04352017
0.04124951 0.03681023 0.03910591 0.04089723 0.03898106
0.03751985 0.03881517 0.04043576 0.03896144 0.04652148
0.04235168 0.03849205 0.0354074 0.04221732 0.04190573
0.03877183 0.03781957 0.0458364 0.04049159 0.04149734
0.04175689 0.03706613 0.03865883 0.04094768 0.03164039
0.03623187 0.04570061 0.05446735 0.03852083 0.04025556
0.0394109 0.03525874 0.04593733 0.03699917 0.04066713
0.0393744 0.03819498 0.03528422 0.03908787 0.04461633
0.03600259 0.04343062 0.03411136 0.04586447 0.04370475
0.04912556 0.0362207
