0.04039371 0.02591475 0.03803206 0.03782547 0.03561275
0.04283944 0.03582934 0.03827385 0.04185929 0.04225178
0.04599242 0.03338094 0.03024632 0.04350033 0.04731005
0.03822213 0.0443954 0.04188431 0.04078843 0.03540681
0.03977053 0.0447158 0.03904642 0.03628675 0.03522003
0.04291234 0.04052358 0.03880926 0.03602068 0.04348781
0.03949771 0.04008085 0.04009558 0.03963852 0.03729471
0.04558877 0.04371014 0.03837621 0.04510676 0.04094738
0.03941286 0.03724577 0.0416314 0.04065907 0.041243
0.04262706 0.03327942 0.03524709 0.03939253 0.0447652
0.0408313 0.03900266 0.03929509 0.03560973 0.03763361
0.03801889 0.04097667 0.0467415 0.03855924 0.03883799
0.03829885 0.04129099 0.04300864 0.04108266 0.04006185
0.03462594 0.03481906 0.03740378 0.04125517 0.0407751
0.04013109 0.04299924 0.04276362 0.03993944 0.03917787
0.0427406 0.04045996 0.03738048 0.04304345 0.03868193
0.03820785 0.03851254 0.04237076 0.03903375 0.04078641
0.04202632 0.03427562 0.03719258 0.04509161 0.0357233
0.0397451 0.03666386 0.04379931 0.03951593 0.04017458
0.04418207 0.03722672 0.04582839 0.0438558 0.04005163
0.03660118 0.04287884 0.04104656 0.03760488 0.04163792
0.03480558 0.03892647 0.03931859 0.0383241 0.03755211
0.04341903 0.04516725 0.0353414 0.03837062 0.04293281
0.04495279 0.03829526 0.03740643 0.044019 0.04090822
0.04100698 0.04310101 0.03952892 0.04295083 0.0420277
0.04022026 0.0426611 0.04005043 0.0380338 0.04248437
0.04526119 0.0423423 0.04006183 0.03401096 0.04288014
0.03639444 0.04590764 0.04205381 0.04429019 0.04137968
0.04036824 0.03659828 0.04298647 0.04252954 0.03745538
0.04194716 0.043927 0.04505747 0.04233816 0.03933588
0.04158291 0.03971154 0.03818247 0.03989789 0.03628726
0.04277136 0.03966358 0.04410564 0.04736827 0.04400172
0.04629108 0.03668079 0.03912254 0.03941063 0.03703245
0.04202253 0.04371267 0.03988108 0.04012587 0.04456164
0.04187051 0.04631831 0.03898254 0.0376578 0.03639007
0.04206895 0.03515974 0.03824273 0.03912149 0.04123671
0.04458072 0.04011 0.03641834 0.0360033 0.04563447
0.04032771 0.03845008 0.04227573 0.04545719 0.04805387
0.0450046 0.03377524 0.03979959 0.03969106 0.03887405
0.04032065 0.03752622 0.03797311 0.03924051 0.04179419
0.03953246 0.04385852
