0.03942668 0.02582492 0.03636665 0.0359289 0.04187414
0.03613279 0.03863823 0.03652155 0.03655561 0.04481668
0.03662283 0.03617763 0.04179373 0.04500922 0.03634025
0.03860833 0.04244979 0.03571132 0.04012513 0.03589881
0.03793972 0.03865759 0.04012849 0.04029179 0.04003941
0.03681088 0.04122503 0.04134832 0.04000659 0.03907639
0.03250588 0.04408344 0.042574 0.04209569 0.03679124
0.04307115 0.03691898 0.03654689 0.04014041 0.04131312
0.03993515 0.04159422 0.03877847 0.04202552 0.03898666
0.03891757 0.03996978 0.03855403 0.03866788 0.03993713
0.03406695 0.04187892 0.03711239 0.03768665 0.03755028
0.03566933 0.04032806 0.03747433 0.03747926 0.03897261
0.03318257 0.04197992 0.04234031 0.04087302 0.03675107
0.03866516 0.0331415 0.04047156 0.03983773 0.03696648
0.04335715 0.03623193 0.03507456 0.04021706 0.04055719
0.03363333 0.03780881 0.04247604 0.03781882 0.03312888
0.04054584 0.04052771 0.04004512 0.03952534 0.03483971
0.04528067 0.03973111 0.03825555 0.03872912 0.03712279
0.040244 0.03755255 0.0363456 0.0394915 0.04096645
0.04000761 0.03923159 0.04416412 0.03858679 0.04071126
0.04451169 0.04785438 0.04175445 0.03597634 0.04057501
0.04010716 0.04074406 0.03550679 0.04409477 0.04570054
0.03434917 0.04414275 0.04034736 0.0391302 0.03116915
0.04153726 0.04063108 0.03939852 0.03886052 0.03937308
0.039881 0.03766575 0.04692801 0.03938547 0.03735731
0.03853263 0.03553249 0.04268027 0.03866579 0.03175875
0.03881052 0.03114218 0.03680962 0.03513913 0.04436067
0.04506765 0.03713522 0.03785089 0.03914713 0.03848274
0.04000896 0.03724848 0.03790648 0.04201151 0.0410147
0.03994687 0.03677875 0.04069726 0.04522805 0.03935039
0.04360716 0.04011332 0.03950608 0.03733946 0.03704604
0.04188868 0.04281034 0.04322357 0.03186 0.0354789
0.03817943 0.04388325 0.04283655 0.03913805 0.03880366
0.03738023 0.03493392 0.0361844 0.04201987 0.04004445
0.03925708 0.03568088 0.03636011 0.03965489 0.03985395
0.0400983 0.03644123 0.03754083 0.03341783 0.03558847
0.04359177 0.04466752 0.04002869 0.04239042 0.0350107
0.03948842 0.03455754 0.04071737 0.04001974 0.04262248
0.03493587 0.04136734 0.04185587 0.03797713 0.03871358
0.0330756 0.03982557 0.03711516 0.0360771 0.04237148
0.03858095 0.04249462
