0.04082874 0.02667158 0.03513243 0.04066512 0.04026622
0.0386975 0.0428746 0.03827063 0.0395585 0.04116551
0.0357856 0.0431621 0.04448717 0.04238371 0.04281915
0.04032576 0.04173405 0.03910313 0.0439483 0.02922192
0.04062215 0.03905275 0.04021481 0.04638172 0.04006202
0.03748903 0.03965805 0.04157859 0.04250182 0.0361307
0.0427223 0.04195085 0.03689818 0.04308205 0.03939677
0.0334335 0.03625666 0.04364949 0.04250512 0.03923426
0.03947831 0.0372723 0.04512226 0.0414905 0.03684999
0.03996869 0.03767529 0.03909161 0.03740899 0.0409427
0.03438666 0.04173928 0.03807371 0.04516725 0.04011203
0.03535212 0.04569519 0.03732318 0.04417266 0.04791527
0.04148559 0.03914273 0.04183844 0.04339132 0.04878054
0.04262193 0.04434632 0.0408443 0.04004499 0.04060783
0.04138706 0.03592623 0.03830189 0.03268276 0.042268
0.03688838 0.04289398 0.04490049 0.04427691 0.0477201
0.03918189 0.04316808 0.03372337 0.03793341 0.04130174
0.0392882 0.04177684 0.03642162 0.03749448 0.03921149
0.04451233 0.04320697 0.03814943 0.03852907 0.04054757
0.04040545 0.04169972 0.04062097 0.03850278 0.04170237
0.04308707 0.0447107 0.04174788 0.04205873 0.03598829
0.04215075 0.0462199 0.03683666 0.04008144 0.04203253
0.03663723 0.04482108 0.04294501 0.04695982 0.03761101
0.03125354 0.04086575 0.03763268 0.04598537 0.03768928
0.03797428 0.03901745 0.03785343 0.04186309 0.03882485
0.03673962 0.04569443 0.04178326 0.03764968 0.03990947
0.04004236 0.04623101 0.03893061 0.04421023 0.03476889
0.04001789 0.03883294 0.03897608 0.03792496 0.03524642
0.04073928 0.03939166 0.04037395 0.04151958 0.03335142
0.04418944 0.04383286 0.03886233 0.03979254 0.03758259
0.04566023 0.04676857 0.04172396 0.04480902 0.0417679
0.04216369 0.0373501 0.04160709 0.03710183 0.04412139
0.04085728 0.04258454 0.03897341 0.04674217 0.03733901
0.03968809 0.04187336 0.03691701 0.04855395 0.03885476
0.04140403 0.03997566 0.04555503 0.04045292 0.03842184
0.04251707 0.04336562 0.03372334 0.04690223 0.04252625
0.04233753 0.04057497 0.0409608 0.03726635 0.04159664
0.04167199 0.03136888 0.0445994 0.03600711 0.04174107
0.04514856 0.03801474 0.03578528 0.03792599 0.03761359
0.04051998 0.03776156 0.04361125 0.04501468 0.0411475
0.04320073 0.03976623
