0.03166008 0.02411053 0.02788506 0.02739223 0.03162086
0.02964179 0.03680615 0.03435766 0.02718269 0.03544771
0.03299774 0.03312831 0.02975278 0.03430512 0.03107057
0.03244191 0.03975706 0.04146449 0.02734354 0.03169726
0.0321706 0.03637674 0.03409358 0.03212378 0.03712832
0.04041467 0.03346178 0.03134236 0.03479054 0.0297957
0.03587578 0.03160249 0.03361357 0.03365973 0.03334146
0.03085775 0.02894597 0.0330765 0.02956021 0.03283955
0.03670265 0.03644907 0.03322293 0.03286507 0.02952576
0.03953784 0.03153952 0.03298542 0.0284338 0.03064857
0.04081632 0.03354122 0.03229517 0.0374039 0.02923059
0.03342645 0.03415876 0.03520504 0.03800018 0.02909172
0.03874938 0.03540947 0.03819981 0.0278394 0.0315205
0.03694633 0.03509734 0.03458018 0.03254447 0.03712402
0.03513421 0.0276402 0.03070918 0.02942838 0.03243638
0.03106311 0.03125364 0.03348596 0.03063422 0.04675295
0.03158712 0.03006398 0.03024507 0.03619832 0.02668466
0.03499008 0.03450913 0.03328287 0.0303772 0.03348854
0.02869467 0.02688837 0.03865643 0.03343008 0.03356753
0.03246692 0.03217454 0.03711419 0.03194983 0.03690925
0.0327955 0.03556382 0.03369226 0.04250281 0.03143081
0.03104215 0.03383784 0.03581669 0.03120727 0.03132389
0.03108559 0.03217822 0.03414457 0.03466022 0.03300089
0.03125828 0.03001617 0.03749179 0.03424727 0.03361728
0.03428582 0.03002817 0.03754647 0.03002279 0.03108755
0.03127193 0.06039379 0.02923202 0.03577583 0.03338037
0.03171267 0.03055973 0.03842501 0.03040796 0.03345761
0.03748346 0.03384173 0.03461453 0.03610624 0.03376731
0.03499033 0.03524624 0.03355687 0.03041781 0.03614806
0.02773089 0.02924178 0.03118361 0.03435567 0.03192
0.03229723 0.03605549 0.03442293 0.03907209 0.03889073
0.03471667 0.03180616 0.03101227 0.03689269 0.03716184
0.03335106 0.03185107 0.03493088 0.03295318 0.03959703
0.03365628 0.02809875 0.03401338 0.03278732 0.04073043
0.03538817 0.04012018 0.03670172 0.02746666 0.03072796
0.03626703 0.03152036 0.03802087 0.03438265 0.02900072
0.02587827 0.03773988 0.03342718 0.03731488 0.04028728
0.03906758 0.03209755 0.03597824 0.03637393 0.03043123
0.03231339 0.04122349 0.03606884 0.03109778 0.03236891
0.02764173 0.03826386 0.02823789 0.03564592 0.03310534
0.03093502 0.03299626
