0.04636181 0.02865511 0.03859329 0.05023882 0.04235993
0.04781293 0.04859382 0.04741601 0.04479702 0.04431321
0.04639652 0.03796401 0.0380663 0.04149294 0.03902039
0.04605768 0.04460714 0.04748638 0.04364151 0.05050106
0.04733766 0.04599132 0.0503709 0.04316439 0.05115467
0.04803535 0.04203147 0.04952002 0.03903234 0.03941533
0.04981981 0.04499156 0.04504833 0.04611369 0.04415014
0.03368906 0.04038231 0.04581976 0.04484638 0.04725329
0.04597994 0.04273896 0.04415762 0.03477505 0.04739435
0.04362893 0.04650395 0.04596166 0.04395798 0.04195975
0.04181064 0.04966524 0.04297942 0.04902201 0.05078333
0.04777117 0.05023395 0.05485221 0.0462681 0.04562528
0.0477009 0.04468021 0.04389619 0.04445904 0.04477702
0.04341813 0.04811618 0.05131829 0.04542054 0.04955513
0.04197994 0.04168635 0.04151096 0.04639228 0.04158829
0.04562949 0.04625751 0.03978826 0.04403775 0.04767501
0.04837375 0.04026526 0.04586845 0.04360514 0.04699394
0.04819457 0.0483127 0.04274858 0.04578593 0.04965673
0.04584948 0.04958739 0.04081483 0.04266283 0.04061946
0.04509819 0.04730791 0.04403917 0.04192352 0.04722486
0.04402552 0.04594182 0.04130197 0.04939318 0.04456272
0.04642995 0.04895942 0.04799533 0.04432944 0.04551128
0.04257588 0.04474259 0.04402537 0.0406685 0.04930729
0.04473534 0.04814327 0.04309636 0.04607569 0.04689356
0.04293993 0.04187736 0.04553709 0.04266523 0.04109128
0.04650544 0.04856064 0.04566542 0.04329766 0.04636406
0.04175499 0.04582477 0.04759046 0.04417819 0.04777652
0.04138122 0.04483089 0.04292454 0.03991034 0.0467896
0.04803918 0.04425239 0.05047492 0.04718553 0.04403057
0.03919983 0.04462227 0.04787259 0.04456356 0.03857728
0.04538242 0.04264141 0.0451664 0.04670063 0.04502068
0.04037422 0.04259883 0.04069399 0.0484873 0.04935488
0.0443798 0.04929259 0.04499229 0.04480911 0.04708214
0.04537439 0.0520216 0.03943632 0.0501046 0.04477646
0.04227816 0.04248509 0.04724944 0.04634591 0.04622124
0.04502816 0.0422508 0.0420102 0.041036 0.04496569
0.04316884 0.04337385 0.04769656 0.04395422 0.04835699
0.0460639 0.05123676 0.04310927 0.04085857 0.04436964
0.04095044 0.04532089 0.0370334 0.04429723 0.05447333
0.04255159 0.04619699 0.04451815 0.0445596 0.0452073
0.04845653 0.04312563
