0.04011407 0.02657104 0.03564869 0.03602411 0.04272707
0.0496428 0.03728041 0.04490507 0.03739098 0.03711514
0.03543474 0.04576924 0.03768192 0.04074085 0.03476359
0.03950236 0.03819559 0.04399389 0.03729974 0.03998302
0.03627899 0.03848671 0.04238377 0.04440624 0.03934957
0.03925431 0.04040673 0.04410505 0.04466609 0.03711876
0.0433006 0.04444861 0.03503957 0.03848748 0.03904456
0.04015127 0.03871481 0.03890555 0.0358206 0.042817
0.04330952 0.03632517 0.04188219 0.03948012 0.03912745
0.04277529 0.04529288 0.04008513 0.0488199 0.03621224
0.03240294 0.04165326 0.04887248 0.03420175 0.03512958
0.03620745 0.03513052 0.04162476 0.04183425 0.03504929
0.03783151 0.0367229 0.03525928 0.03925271 0.03712462
0.03599631 0.03828445 0.03591272 0.03933429 0.04423195
0.03933704 0.03562302 0.03910195 0.03915695 0.04138684
0.03408703 0.03684705 0.0391989 0.04013875 0.04152562
0.03569722 0.0411506 0.0386144 0.03732614 0.04089345
0.03976615 0.03765319 0.03914115 0.03602117 0.03924586
0.03718685 0.04737502 0.0369968 0.0399474 0.03694049
0.04070595 0.04259759 0.03383145 0.04154645 0.04245052
0.03906122 0.04556251 0.03937222 0.0421621 0.03853908
0.03811557 0.03917357 0.03559475 0.04259362 0.03367725
0.04153817 0.03738342 0.03824357 0.04489605 0.04148323
0.03845102 0.03970487 0.04927569 0.03332156 0.04315107
0.03965895 0.04456219 0.03544068 0.03899299 0.04299801
0.03662461 0.03213665 0.03891327 0.04128636 0.04027097
0.04373824 0.03963473 0.03992053 0.03576636 0.03749679
0.04037796 0.03929167 0.04655948 0.03695847 0.04269473
0.03409206 0.03908413 0.04419528 0.04236232 0.0468109
0.04693851 0.04231146 0.03925203 0.03896263 0.04495489
0.03616714 0.03713931 0.03862748 0.03967395 0.04193659
0.04444051 0.0381971 0.04371252 0.03357191 0.04119123
0.0400628 0.04470834 0.04386113 0.03445966 0.04035481
0.03631556 0.04153753 0.0375609 0.04341623 0.03788426
0.0421731 0.04011099 0.04037576 0.04160153 0.0393556
0.04523545 0.03836369 0.04315893 0.04066775 0.04467507
0.03530234 0.04065351 0.0425124 0.03828747 0.03919565
0.04107932 0.04388813 0.04129025 0.04014046 0.03808237
0.04114337 0.04304147 0.04160375 0.03970787 0.04306896
0.03362921 0.04529314 0.04201026 0.04838744 0.0439666
0.03982762 0.03878091
