0.04359695 0.02780889 0.03892733 0.04419205 0.04066789
0.04748389 0.0418749 0.04751368 0.04562656 0.04941287
0.04222468 0.04348512 0.0445117 0.04136154 0.0418052
0.04639737 0.04218126 0.03726055 0.0436325 0.04172512
0.04383937 0.04285038 0.04179825 0.04279157 0.04414192
0.03829673 0.04460786 0.04921519 0.04486566 0.04004185
0.04666992 0.04214542 0.04545766 0.0387113 0.04022671
0.04463996 0.04202868 0.04536287 0.04021444 0.0451008
0.04339368 0.04714638 0.045905 0.0412131 0.04439617
0.04913135 0.04340208 0.04098704 0.04382002 0.04064717
0.04453324 0.04469405 0.04565815 0.0480637 0.04673074
0.04331615 0.04254318 0.04403617 0.04260144 0.04080046
0.04131138 0.04344524 0.04574074 0.05963858 0.04505257
0.04627148 0.039537 0.04354315 0.04258207 0.0365075
0.03780286 0.03506294 0.03737928 0.04302775 0.0401167
0.04422236 0.04193386 0.04700782 0.03981624 0.0414582
0.04306588 0.04450235 0.04028005 0.03997536 0.04471709
0.04307235 0.04414081 0.04451142 0.04594236 0.04466695
0.04712629 0.04567862 0.04285903 0.04138403 0.04192325
0.04144529 0.04125013 0.04183187 0.0398106 0.04234071
0.03668851 0.04450926 0.04420367 0.04339354 0.04712446
0.04483668 0.04709737 0.04144093 0.04178995 0.04025474
0.03733173 0.04398839 0.04276253 0.04726148 0.04283482
0.04092953 0.04189931 0.0504434 0.04344844 0.04233803
0.04029443 0.0454684 0.05007824 0.04266117 0.04255764
0.04106037 0.03984847 0.04188934 0.03957406 0.04208253
0.04385299 0.0414689 0.04027686 0.04489678 0.04460552
0.04456308 0.0398693 0.04008388 0.03908892 0.04659407
0.04702 0.04055098 0.04010598 0.04283387 0.04498078
0.05397008 0.04672504 0.04562518 0.04315149 0.04168783
0.04992021 0.04036866 0.04336728 0.04295029 0.03927829
0.03897279 0.04361425 0.04296031 0.04208955 0.04013376
0.04545855 0.04150881 0.03775261 0.04779273 0.05354099
0.04233919 0.04373617 0.04299468 0.04070754 0.04342739
0.04445939 0.04495001 0.03927412 0.03898078 0.03249031
0.0501218 0.04318777 0.04331648 0.04472204 0.04443287
0.04151194 0.04172948 0.04160477 0.03910133 0.04134231
0.04433929 0.03879059 0.04033303 0.04074432 0.04145321
0.04060868 0.04167368 0.04113847 0.03954401 0.03852506
0.04302398 0.05046304 0.03651039 0.03815485 0.05038056
0.0378596 0.04333675
