0.04075457 0.02599845 0.03627738 0.0399489 0.04832552
0.0416341 0.03556631 0.03635943 0.04168242 0.0390834
0.04264126 0.03724328 0.04102015 0.03683832 0.03872316
0.0391314 0.03906593 0.03308278 0.03991519 0.04012677
0.03644539 0.04160292 0.0403787 0.04104757 0.04247454
0.03809783 0.03433524 0.04034116 0.03660102 0.03968497
0.04010682 0.02937428 0.03602909 0.03537032 0.03570288
0.04148393 0.04298697 0.03834069 0.04062753 0.04120247
0.03939051 0.04252667 0.03890638 0.04630659 0.03150514
0.03791519 0.04000753 0.0381287 0.04361092 0.04083205
0.03849749 0.03669034 0.03923569 0.03889825 0.04252456
0.03751748 0.0378464 0.04316696 0.036429 0.03442746
0.04201617 0.04018217 0.0402376 0.04297843 0.04043427
0.04410457 0.03629227 0.03836737 0.0378696 0.03870144
0.03840678 0.03974905 0.03955512 0.03904612 0.03865871
0.04095462 0.04103311 0.03985206 0.03962738 0.04529132
0.03243778 0.03975459 0.03653846 0.03880721 0.03951435
0.02944615 0.040722 0.04335226 0.04086821 0.0398049
0.04221829 0.04421654 0.04064724 0.04047098 0.04061679
0.0419846 0.04065782 0.04029559 0.03364519 0.03578378
0.04401967 0.04254533 0.04088944 0.041512 0.03475375
0.03509906 0.03935125 0.03910776 0.03964801 0.03644672
0.04364631 0.03608735 0.04106485 0.03711269 0.03459173
0.03597326 0.03725232 0.03930311 0.03643017 0.03796696
0.04183103 0.03932892 0.03899311 0.0407134 0.0417507
0.04024092 0.03590738 0.04006352 0.04014715 0.0424296
0.04286738 0.03890075 0.04152492 0.03865274 0.03909187
0.03507869 0.03512765 0.05069889 0.04212437 0.03442313
0.04863631 0.03633547 0.03879751 0.03645223 0.03791068
0.04334275 0.03778003 0.0428515 0.04055127 0.04056277
0.0353169 0.03964014 0.04446795 0.04181348 0.0418038
0.04005502 0.04138214 0.03609563 0.03654647 0.04052452
0.03762525 0.03603554 0.03800205 0.03765846 0.03819188
0.04206206 0.04053541 0.04024388 0.03758956 0.03987288
0.04264189 0.03728997 0.03427158 0.04140134 0.04199105
0.03797901 0.03913802 0.04360787 0.039459 0.03987726
0.03770912 0.03791048 0.03469515 0.0404881 0.03658938
0.03407276 0.04236033 0.03958605 0.03810909 0.0406974
0.03500857 0.03479428 0.03468214 0.0383967 0.0355921
0.05272923 0.05363674 0.03825153 0.03868783 0.04244312
0.03833818 0.03966017
