0.03509755 0.02512315 0.02925355 0.03036173 0.03353687
0.03252577 0.03943122 0.0364336 0.03434291 0.03679728
0.03826164 0.04362161 0.03749259 0.03712434 0.03364239
0.03368133 0.03170028 0.03932536 0.03712246 0.03740536
0.04030456 0.03498514 0.03466896 0.03366729 0.03811426
0.03416791 0.02712217 0.03505707 0.04293651 0.03217463
0.03290233 0.03889976 0.03675989 0.03964619 0.03881034
0.03487499 0.03836785 0.03631442 0.03087262 0.03733777
0.04265964 0.03574238 0.03719912 0.031872 0.03421945
0.04068953 0.04468202 0.03697953 0.04195209 0.036923
0.03932533 0.03895692 0.03998692 0.03655133 0.0381654
0.03993648 0.03509638 0.03527678 0.0304868 0.02988053
0.04035301 0.03285568 0.03766547 0.03853489 0.03789417
0.03296431 0.03477191 0.03725471 0.03337096 0.03744962
0.03405868 0.03523317 0.03599802 0.03744269 0.0348166
0.03711783 0.03499943 0.04028269 0.03376317 0.03681396
0.03679591 0.03594214 0.03845662 0.03266032 0.0415718
0.03673476 0.04301651 0.03500043 0.03770897 0.03449831
0.04270332 0.03461664 0.03428006 0.04033113 0.04489061
0.03506711 0.03710197 0.03677415 0.04199991 0.03448212
0.03908769 0.0352384 0.0371486 0.03421562 0.04029082
0.03615399 0.03805884 0.04403352 0.03761144 0.04675486
0.03254853 0.03516849 0.03778858 0.03853408 0.03741659
0.03401583 0.03667681 0.034844 0.02837677 0.03588154
0.03158143 0.03370775 0.03633047 0.03172777 0.0350924
0.03481685 0.03673535 0.03701235 0.03495208 0.03409982
0.03957853 0.0381862 0.03783674 0.03758556 0.04683724
0.0366446 0.03232866 0.03335077 0.03544511 0.0376631
0.03833055 0.03687019 0.04171509 0.03453205 0.03597994
0.03540762 0.04044164 0.02965061 0.03286433 0.03348269
0.03545338 0.03983353 0.03851348 0.04105805 0.03016046
0.0360385 0.03680799 0.04500201 0.03559163 0.03116845
0.03071869 0.04037018 0.03403206 0.03901264 0.03883032
0.03619349 0.0333879 0.03497444 0.03371406 0.03743373
0.03384793 0.03268134 0.03540672 0.04225233 0.03357282
0.03812834 0.03048606 0.03583242 0.03353148 0.04141772
0.03911168 0.0423468 0.03860997 0.03816171 0.03907755
0.03650295 0.03492802 0.03890655 0.03538156 0.03854781
0.03684995 0.04113517 0.0328538 0.03859537 0.03488897
0.03634186 0.03446622 0.03579699 0.0360922 0.03609119
0.03962087 0.04189546
