0.04245998 0.02756611 0.04130031 0.03982909 0.04489985
0.03626379 0.04154267 0.04214977 0.04512745 0.04075683
0.04536797 0.04434249 0.04310957 0.03513025 0.04401773
0.03853641 0.04178554 0.04239242 0.04038729 0.04196457
0.03929107 0.04078477 0.04214953 0.04470679 0.03734496
0.03987683 0.03599047 0.0465316 0.03776613 0.04029195
0.04698307 0.04373315 0.04210039 0.04309025 0.04356496
0.04145462 0.04154934 0.04366458 0.03791817 0.04606093
0.03798609 0.04409636 0.04093537 0.0441844 0.04160218
0.04142456 0.0396824 0.04831424 0.03961939 0.04596049
0.03569598 0.03367545 0.04082453 0.04072058 0.04374948
0.03615624 0.04482274 0.03710693 0.04267607 0.03562968
0.04180407 0.04141777 0.04827405 0.03908542 0.03834633
0.03845121 0.04307307 0.04146833 0.041467 0.04059099
0.03939681 0.0411258 0.04191569 0.04339802 0.03993832
0.0413355 0.04291193 0.03804089 0.03977663 0.03655725
0.04369766 0.04501865 0.03336619 0.03881791 0.0421087
0.04221762 0.04078307 0.04006618 0.04101698 0.03866731
0.0400294 0.04123493 0.04392955 0.03729662 0.04015235
0.04161831 0.03988807 0.04353743 0.04230949 0.04084605
0.03825334 0.04138106 0.03547213 0.04046606 0.04182646
0.03966352 0.04534261 0.04270925 0.04381213 0.03918672
0.0407804 0.03970335 0.04158558 0.04302773 0.04925014
0.03884638 0.03418894 0.03581886 0.04086682 0.03519512
0.03665609 0.0418527 0.04086913 0.04173543 0.03666372
0.03997864 0.03987568 0.04289814 0.04110373 0.04760884
0.042342 0.04814996 0.04312414 0.03760767 0.04172057
0.03996187 0.04407718 0.03734698 0.03919304 0.03372034
0.03789886 0.04185878 0.03282668 0.04192695 0.0460535
0.0384948 0.04085034 0.04040147 0.04250314 0.03868742
0.05065116 0.03665584 0.04501346 0.04141823 0.03655108
0.04260934 0.04112397 0.04574759 0.03770642 0.0392779
0.04796688 0.04217621 0.04041089 0.04052191 0.04546444
0.04308185 0.03675258 0.04144349 0.0440408 0.03838338
0.04272247 0.03738002 0.03956751 0.04264107 0.04140197
0.03980959 0.04201532 0.0383903 0.0384274 0.0389875
0.0476922 0.04336282 0.03359269 0.03825382 0.04257177
0.04241591 0.03995381 0.04108374 0.04181384 0.03969615
0.0403482 0.04816448 0.04588731 0.04553315 0.04028138
0.04143634 0.04610296 0.04198401 0.03896464 0.03896405
0.0408804 0.04432704
