0.04296255 0.0276005 0.04152465 0.04278018 0.03953365
0.0408275 0.03864004 0.0368155 0.03990403 0.03896306
0.0396623 0.04251663 0.03870608 0.03656895 0.04194435
0.04271371 0.0374037 0.03809288 0.03530548 0.04339566
0.04180512 0.04462281 0.03933831 0.04082302 0.03877557
0.03784261 0.04040608 0.03882567 0.04337353 0.04061902
0.04246792 0.02523905 0.03913119 0.03643277 0.04235287
0.03979733 0.04070553 0.04385319 0.03982528 0.04069759
0.04064932 0.03842725 0.04352468 0.04437516 0.03736608
0.0410077 0.04547556 0.03567587 0.03571938 0.0412437
0.04589094 0.04038679 0.03942767 0.03627342 0.04093727
0.04293364 0.04732958 0.04170873 0.03504864 0.04482009
0.04116627 0.0391762 0.04012516 0.04104537 0.04074658
0.04265567 0.04534621 0.03525424 0.05169276 0.03823455
0.03536128 0.03798315 0.04934844 0.03991337 0.04082302
0.0403619 0.03853272 0.03762012 0.04243679 0.03681481
0.04172409 0.03975849 0.04358349 0.04280615 0.04437327
0.04045689 0.03710801 0.04054394 0.04282728 0.03935175
0.04130576 0.04180199 0.04079223 0.04025886 0.03881086
0.04575295 0.03831159 0.04114513 0.04733724 0.04558788
0.03962178 0.03689299 0.03826856 0.04072374 0.03888004
0.03992595 0.03814447 0.03720734 0.03716625 0.04422475
0.04174807 0.03902448 0.03634439 0.04318224 0.03629614
0.04703187 0.04069079 0.03693484 0.03844431 0.04229344
0.03925542 0.04263487 0.04028821 0.0460862 0.04093829
0.03969132 0.04223274 0.04101167 0.03681724 0.04573579
0.03949279 0.04276406 0.03443197 0.03117641 0.03974822
0.04435195 0.03673838 0.04138183 0.03763948 0.03884928
0.04428033 0.03837968 0.03795865 0.03844569 0.03463606
0.04048664 0.04206649 0.04065088 0.03312717 0.04322889
0.04456615 0.03843633 0.04271122 0.04296631 0.0430474
0.03940124 0.04055423 0.04672409 0.04149098 0.04204259
0.03940331 0.03801375 0.04651595 0.03934602 0.03967718
0.04271665 0.03937155 0.04414636 0.03903867 0.04338729
0.03902926 0.03901479 0.03928291 0.04228964 0.04025893
0.03261394 0.033137 0.03493356 0.0383218 0.038144
0.04030266 0.04007335 0.04809877 0.03918746 0.04355577
0.03581008 0.04281504 0.0360096 0.03665861 0.03931151
0.04037083 0.04016209 0.0408433 0.04510797 0.04129643
0.0366784 0.04347005 0.0415263 0.04555024 0.03585545
0.04661057 0.03743438
