0.03459654 0.02521397 0.04211379 0.03672806 0.03975495
0.03211628 0.03423657 0.03975152 0.03142807 0.03368955
0.03968916 0.03385618 0.03120232 0.03664956 0.03174801
0.03654621 0.0368157 0.03442359 0.03820539 0.03493361
0.03299671 0.0341591 0.0377911 0.03281062 0.03449136
0.03894038 0.03123666 0.03236732 0.03153853 0.03685051
0.03865279 0.03067556 0.03734897 0.02996979 0.03605261
0.0307722 0.0329728 0.03270798 0.04213041 0.03575916
0.03531206 0.03605839 0.03576027 0.03479224 0.0394207
0.03361844 0.03244739 0.03840957 0.03181522 0.03373618
0.04038292 0.03609325 0.0334427 0.04184457 0.04241286
0.03242136 0.03546704 0.03587204 0.03361953 0.03656798
0.03307351 0.03455208 0.03467475 0.0303949 0.04128211
0.03084919 0.0373381 0.03635771 0.03621625 0.03104882
0.02870149 0.03710246 0.03476379 0.03807301 0.03274405
0.03456885 0.03752005 0.03604181 0.03175633 0.0301522
0.03406113 0.03614577 0.03885954 0.03202429 0.03312035
0.03948072 0.03548794 0.0347975 0.03350566 0.03875765
0.03306583 0.0327771 0.03241577 0.03453809 0.0356708
0.03804669 0.03015733 0.03046524 0.03007328 0.03645388
0.03464751 0.04684354 0.03845473 0.03465229 0.03513875
0.03903508 0.03480383 0.03680289 0.03370376 0.03248263
0.03527852 0.02976473 0.03512438 0.03781421 0.0338581
0.03223679 0.03453427 0.03418255 0.03388749 0.03348761
0.03968545 0.03484735 0.04071135 0.03634398 0.03742622
0.0344231 0.03552009 0.03688323 0.03945363 0.03628106
0.03215084 0.03294857 0.03111141 0.03337165 0.03812255
0.03302936 0.03697818 0.03654177 0.03423884 0.03414032
0.03488223 0.03300589 0.04096099 0.03296044 0.0378723
0.03649444 0.03556649 0.04136144 0.03357684 0.03268791
0.03909263 0.03643306 0.03704526 0.0351181 0.03445122
0.0369477 0.03157404 0.03609541 0.03646344 0.03734567
0.03253977 0.03071779 0.03107574 0.03885132 0.03511842
0.03395774 0.03649704 0.03651022 0.03673815 0.03232941
0.03082642 0.03430173 0.03054151 0.03487153 0.03556875
0.03586373 0.03458549 0.03901732 0.02961164 0.03832207
0.03786972 0.03440047 0.04086482 0.03445675 0.03038005
0.03014734 0.03765848 0.03778327 0.02819834 0.03170951
0.03472834 0.03784293 0.03482154 0.03462977 0.04055589
0.03271052 0.03872179 0.03210825 0.03893792 0.03376772
0.03111658 0.03483552
