0.04030993 0.02661256 0.04041296 0.04581092 0.04296156
0.03971798 0.03741702 0.0401383 0.04337155 0.04674278
0.04932754 0.05561254 0.0446099 0.03917317 0.04014772
0.04201246 0.03907332 0.04487152 0.04115035 0.04246442
0.04247658 0.04095545 0.04164906 0.03910776 0.06403163
0.06413652 0.05120073 0.04483624 0.0383068 0.04818745
0.03947759 0.04325894 0.03334097 0.04390162 0.05212441
0.03869568 0.04396999 0.03290986 0.04074778 0.04219434
0.04542427 0.04266621 0.04221596 0.0382182 0.0417596
0.04231864 0.04572848 0.04026415 0.03966339 0.03870278
0.05166827 0.04331271 0.04238998 0.04010063 0.05290956
0.05395176 0.0374424 0.04843695 0.03688953 0.04071565
0.03727538 0.04096742 0.04958657 0.0400566 0.03415232
0.04793549 0.03460278 0.04044224 0.03207062 0.038074
0.03842021 0.04971168 0.04541403 0.04364086 0.04386709
0.03517398 0.05235245 0.04165048 0.03882144 0.04017701
0.04713895 0.0433357 0.04081481 0.04403474 0.05438342
0.04311978 0.0423252 0.04220409 0.05509861 0.04050285
0.04875187 0.03576052 0.04286414 0.05569591 0.04973855
0.04677447 0.04468396 0.04496166 0.0434705 0.04240195
0.04552608 0.04379827 0.03984111 0.03919616 0.03632518
0.05068255 0.04241733 0.03763789 0.03901641 0.03790852
0.05322147 0.04224378 0.04729903 0.04291771 0.04477936
0.05119192 0.04149692 0.04261387 0.03398928 0.05153488
0.03990835 0.03400396 0.03641361 0.04363895 0.04554927
0.04482444 0.05149506 0.04796301 0.05315889 0.06586111
0.0398201 0.04569345 0.052794 0.0413423 0.04427491
0.04627872 0.04118631 0.0383831 0.0487027 0.04277092
0.04373479 0.04526455 0.04164839 0.03884999 0.04444103
0.06106386 0.04008371 0.03936946 0.05190924 0.05088266
0.05444476 0.04951069 0.06031444 0.05256696 0.04221013
0.03712828 0.04320091 0.04113082 0.03673226 0.05665994
0.05663313 0.0470973 0.04038607 0.04707663 0.04013667
0.03951361 0.04168095 0.04408501 0.04590664 0.04440812
0.03788295 0.04632171 0.03645874 0.03914446 0.03582891
0.05143509 0.04078969 0.04410026 0.03829145 0.05047849
0.03729025 0.05487081 0.035016 0.04035023 0.03601359
0.0415863 0.03956406 0.04710202 0.04433624 0.0356971
0.05749672 0.04156044 0.04472968 0.05248942 0.04127788
0.03875849 0.04656221 0.04021046 0.04651656 0.05543914
0.05207537 0.0469889
