0.03823077 0.02612093 0.03098082 0.04032684 0.03376978
0.0418137 0.03818471 0.0419236 0.03455614 0.04738814
0.03813938 0.0374586 0.04456037 0.03245496 0.03715908
0.03910594 0.03427341 0.03749747 0.0387903 0.03942188
0.03922985 0.03681365 0.03918907 0.04184743 0.04325803
0.03809535 0.04148683 0.03723426 0.03227763 0.03822397
0.03894802 0.03268513 0.03515575 0.03968952 0.03807523
0.03565104 0.03468159 0.03737397 0.04232833 0.03129249
0.03446865 0.03588636 0.04137487 0.03975672 0.04033823
0.03688454 0.04341892 0.0396058 0.0417802 0.03574722
0.041746 0.03933773 0.03709175 0.0317495 0.03353425
0.03315855 0.03763747 0.04739923 0.03854414 0.04278369
0.03123461 0.04010703 0.03795298 0.03602504 0.03778695
0.03226649 0.04585942 0.03971459 0.04115455 0.04388146
0.03192198 0.03691567 0.03957365 0.03801579 0.02938703
0.03845712 0.03621505 0.03991798 0.03991912 0.04094743
0.03951807 0.0394338 0.04455736 0.04247227 0.04537985
0.03846669 0.03350602 0.03766795 0.0386503 0.04057302
0.0275978 0.03834874 0.04083114 0.04037611 0.03924603
0.04237653 0.0352924 0.03452178 0.03166853 0.02979369
0.03789583 0.0337161 0.043022 0.03829383 0.03570419
0.04402074 0.03181559 0.03953969 0.03615987 0.03525774
0.03431666 0.03858076 0.03724179 0.03301634 0.03920015
0.04430322 0.03983486 0.03519055 0.04119928 0.03977049
0.03730399 0.035931 0.03786919 0.03430225 0.03664447
0.0293017 0.03758122 0.04273388 0.04290749 0.03650068
0.03913806 0.0409651 0.03480143 0.03189176 0.03721244
0.03745372 0.03865492 0.03880118 0.03420969 0.04038165
0.03874273 0.0391305 0.03500173 0.03994366 0.03735198
0.03292394 0.03837169 0.03814082 0.03341478 0.03234112
0.04566513 0.04082646 0.03950898 0.0332674 0.04509205
0.04060271 0.03821707 0.03505343 0.04537812 0.03399566
0.04275542 0.03623077 0.04486199 0.04046633 0.0416948
0.02846541 0.03750045 0.03996516 0.04301168 0.03397451
0.04060327 0.04472986 0.03924653 0.03850495 0.04289908
0.03123034 0.0391757 0.0370872 0.03821747 0.0381979
0.03332264 0.03497124 0.04273456 0.03774733 0.04254244
0.03807834 0.03780444 0.0377804 0.03664552 0.03990491
0.0377451 0.03686771 0.04039272 0.04064455 0.03971103
0.04327456 0.03810746 0.03778643 0.041695 0.03971155
0.03503105 0.03514351
