0.0332064 0.02259469 0.03804115 0.02441029 0.03389387
0.03225099 0.03468143 0.03265938 0.03607079 0.03804883
0.02911991 0.0316495 0.03313264 0.04053508 0.03920235
0.0306025 0.03614283 0.0342538 0.03808133 0.03420799
0.03450872 0.02942328 0.02946045 0.03204181 0.03423465
0.03435439 0.03419984 0.03939207 0.03065856 0.03947786
0.03163839 0.03018805 0.03449171 0.03050448 0.03003511
0.03953479 0.03144044 0.03280116 0.02925618 0.03536279
0.03177103 0.0351724 0.03140259 0.0336789 0.03051576
0.03002892 0.02660746 0.04588882 0.03280382 0.03056851
0.03774011 0.03301889 0.02879137 0.03017748 0.04015431
0.03159624 0.03313201 0.01565526 0.03141986 0.02863824
0.03223547 0.02680046 0.03273348 0.0356341 0.03323425
0.02708417 0.0275781 0.03164903 0.03701746 0.02558623
0.0299818 0.0298809 0.02942678 0.02983626 0.03776584
0.035527 0.04082613 0.03147079 0.02502783 0.03163008
0.03358455 0.03028437 0.03149537 0.03291906 0.03158998
0.03167813 0.03143454 0.03618662 0.02669937 0.03413877
0.03803782 0.03620814 0.03893324 0.03289181 0.02990203
0.0337549 0.03125817 0.03849882 0.03729961 0.026446
0.04991853 0.02492088 0.03788238 0.03204083 0.03025095
0.02876097 0.03252553 0.02371909 0.03575018 0.02984753
0.02790758 0.02897916 0.0415979 0.03115735 0.03437951
0.03376733 0.03438065 0.02950731 0.03583152 0.03312658
0.0309265 0.0347225 0.03000954 0.02934962 0.02712731
0.03252606 0.02976938 0.03047549 0.03297682 0.03379098
0.035356 0.03349514 0.03433539 0.03369493 0.02566651
0.03354911 0.02870427 0.03469793 0.02868804 0.0334528
0.03171198 0.0268219 0.03013607 0.03003662 0.03607145
0.03046996 0.03046934 0.02803633 0.02923334 0.03452832
0.02989664 0.03025396 0.03007767 0.03335827 0.03280484
0.02824654 0.03267881 0.03824307 0.03411805 0.03090391
0.03068787 0.03294829 0.03041944 0.03645577 0.03179774
0.03287684 0.02474444 0.03406981 0.02942695 0.03293477
0.03167387 0.02938393 0.03324669 0.03277396 0.02162579
0.03165331 0.0293463 0.03186674 0.02978089 0.03527812
0.03626736 0.03037931 0.03814046 0.03336352 0.0341992
0.03369016 0.0261343 0.03142194 0.02633258 0.03191754
0.03199501 0.03482073 0.03104618 0.03154255 0.03350403
0.03489775 0.03384469 0.03117062 0.0324297 0.03567481
0.03738001 0.03805044
