0.03847303 0.02539238 0.03655641 0.05581192 0.03875728
0.03630812 0.03969857 0.03708656 0.04481797 0.04451959
0.03320334 0.042516 0.03343247 0.0451244 0.05217157
0.03029947 0.03064757 0.04066664 0.04537484 0.03510121
0.03603043 0.04242733 0.03622523 0.03730822 0.03777864
0.03879134 0.0337369 0.03669289 0.02976121 0.04553569
0.03730275 0.03410211 0.05602844 0.04294912 0.03877633
0.04201552 0.03860955 0.04403602 0.03462686 0.03648349
0.03834029 0.03796302 0.04183159 0.03766967 0.04787302
0.03950369 0.03546137 0.04098077 0.04063786 0.04023603
0.03777056 0.03817467 0.04118547 0.03517082 0.1531282
0.03263149 0.03709109 0.03646962 0.03996149 0.03618176
0.04286634 0.04274131 0.05096004 0.04259351 0.04088104
0.0367306 0.03156598 0.03782818 0.04107725 0.119218
0.05259837 0.04735823 0.0455604 0.03079107 0.04151005
0.0412299 0.04444234 0.03909395 0.07190467 0.03691624
0.04485454 0.0354484 0.03315387 0.07070088 0.04160471
0.06036976 0.03921553 0.03507465 0.03189528 0.04019642
0.04795185 0.03392702 0.03493041 0.04222342 0.04166065
0.03810981 0.03582826 0.05147514 0.05322481 0.04168744
0.04212691 0.04856728 0.03374604 0.04031795 0.04092737
0.04163881 0.03857019 0.0419247 0.03898894 0.04593155
0.04684714 0.08345712 0.03315524 0.04484049 0.052364
0.2231154 0.03423533 0.09643319 0.0436171 0.04043587
0.04296857 0.03653024 0.03941098 0.03349432 0.04086143
0.03590332 0.0365229 0.03379376 0.04547728 0.03781082
0.04999773 0.1158968 0.04206568 0.04065168 0.0305738
0.05862679 0.04062876 0.0308179 0.03697851 0.04574448
0.04257782 0.1275281 0.03651566 0.03721878 0.0376236
0.1142563 0.04234586 0.03386358 0.03580854 0.04594882
0.04077449 0.05412807 0.03470153 0.04251766 0.03354349
0.04244418 0.03587244 0.08100723 0.03900028 0.04755674
0.03491404 0.04188821 0.04177217 0.02776104 0.04373208
0.03793157 0.04448641 0.04328247 0.03772953 0.03525827
0.02964477 0.06955733 0.03182787 0.04386724 0.05306637
0.03952901 0.03384044 0.03493746 0.04310296 0.03793994
0.04144211 0.03835307 0.04021448 0.03745763 0.04764353
0.04676246 0.0389381 0.03870192 0.04405668 0.04408762
0.03877895 0.03651049 0.03356249 0.04708277 0.06268851
0.03595314 0.03432933 0.04018587 0.04097628 0.0380856
0.122216 0.0388059
