0.04260948 0.02651746 0.07722584 0.04926563 0.04967143
0.04134077 0.04166668 0.02577088 0.0355085 0.03964173
0.0381026 0.03482507 0.03421513 0.03208557 0.04277266
0.03366046 0.03942417 0.02718307 0.03670745 0.03844305
0.04340301 0.03601653 0.02764738 0.03651532 0.04416041
0.03794545 0.04077063 0.02747681 0.03844059 0.03397966
0.03911793 0.06284702 0.04161809 0.03222843 0.03349319
0.04336974 0.03306113 0.0355652 0.04375835 0.04408709
0.03204319 0.03107598 0.03839647 0.04079756 0.03835907
0.04448885 0.05681664 0.03331748 0.03980087 0.03922641
0.03758104 0.0420494 0.03486656 0.04666265 0.03292335
0.03224777 0.03969122 0.03689246 0.03898218 0.0259309
0.02831899 0.03031895 0.02652899 0.04203403 0.03719004
0.03755723 0.03643249 0.04066984 0.0427099 0.04340124
0.04116098 0.03869372 0.03732484 0.03201154 0.04299721
0.04313817 0.03422583 0.02598313 0.04173698 0.04402855
0.04354127 0.03861709 0.03509059 0.04146386 0.04052915
0.04035801 0.04653629 0.03761256 0.04881864 0.03723288
0.02581064 0.03837869 0.04279901 0.04154222 0.03211804
0.02951293 0.04703645 0.05388473 0.03954506 0.031364
0.0414 0.04232725 0.0280541 0.04252224 0.04451697
0.04791023 0.02835836 0.04244646 0.04466757 0.02333468
0.02891012 0.0430963 0.03581053 0.04402423 0.04689613
0.03830698 0.02597085 0.03992138 0.04207168 0.03550201
0.02721084 0.0427427 0.07298491 0.07019249 0.09779212
0.02824327 0.04256936 0.0435522 0.04093455 0.03732671
0.0438806 0.04566269 0.03556411 0.04275003 0.02640706
0.03559999 0.04079191 0.1911956 0.0415729 0.04332999
0.05358821 0.03865757 0.03843416 0.0367946 0.05313043
0.05005056 0.04049314 0.04364595 0.0309292 0.03919683
0.03180601 0.04952852 0.04238698 0.03417428 0.04735648
0.08668329 0.05688006 0.1518197 0.03173078 0.04235011
0.03216131 0.04155038 0.04396583 0.03879692 0.04204328
0.03017352 0.1032225 0.02632001 0.03807519 0.03309848
0.03207547 0.0349861 0.03116746 0.02830972 0.0275946
0.04103371 0.02753359 0.04122008 0.03929556 0.05042773
0.04725266 0.04127683 0.04162919 0.04030856 0.03802195
0.04992208 0.03757068 0.04887146 0.03732261 0.03105461
0.03819238 0.06987928 0.04266176 0.02404867 0.04372719
0.04334352 0.02574233 0.05996639 0.03688497 0.09944681
0.0369444 0.04669612
