0.03798537 0.02578068 0.0387168 0.03622466 0.04689315
0.04108259 0.04190346 0.03510889 0.03473037 0.03402703
0.04619013 0.03893655 0.03516078 0.03970641 0.03912186
0.04189078 0.04522057 0.04062507 0.03905728 0.03103156
0.03483937 0.04629736 0.04178467 0.03070663 0.03922469
0.03838877 0.03697093 0.03572733 0.03977329 0.03586276
0.03618819 0.04317296 0.03308912 0.03570788 0.04280049
0.0351154 0.03722832 0.040575 0.03052561 0.04188637
0.04295285 0.03944946 0.04597286 0.03948579 0.03780047
0.03938247 0.03838589 0.03932502 0.04152316 0.03373899
0.0409163 0.0383227 0.03878081 0.0335699 0.03499807
0.03800834 0.03856 0.04533238 0.03411944 0.04090581
0.04068102 0.03871827 0.04061723 0.03997968 0.03520371
0.04088473 0.03681014 0.03622833 0.0424938 0.04301358
0.03943985 0.04141963 0.04034152 0.04411306 0.03869335
0.03558971 0.04558559 0.04571476 0.03272456 0.04130242
0.02793315 0.04139028 0.03908097 0.0385485 0.03016629
0.03908994 0.03849884 0.03669279 0.02997882 0.03998849
0.03485532 0.04337324 0.02957077 0.04163632 0.04471207
0.03809424 0.03536922 0.03829496 0.03362307 0.0399106
0.04517462 0.0349691 0.03708355 0.03742465 0.03926876
0.0360868 0.04223541 0.03857169 0.03540822 0.03339176
0.03578924 0.03692363 0.03520422 0.0430561 0.04174482
0.03801237 0.03861661 0.04136016 0.0411073 0.03845516
0.03518496 0.03260611 0.03830539 0.0371757 0.0390775
0.03679288 0.04038053 0.03497216 0.0386714 0.0382016
0.03511795 0.03436113 0.04094085 0.03753177 0.04002605
0.03746463 0.03121091 0.04490723 0.03291157 0.04009304
0.03513228 0.04326655 0.03597306 0.03023164 0.03829481
0.03520887 0.03732539 0.03710575 0.03917891 0.0405791
0.03937601 0.03666046 0.0407509 0.03204509 0.02962119
0.04255034 0.03063687 0.036233 0.0376527 0.03730935
0.0379854 0.03319192 0.03797082 0.04161905 0.04016412
0.04081902 0.03200412 0.03180702 0.03333831 0.04554382
0.03587673 0.03191986 0.03863973 0.03708946 0.0364851
0.03090446 0.04443508 0.03960577 0.04386868 0.03925026
0.03606578 0.03549556 0.03827053 0.02943657 0.04276131
0.03933548 0.0389889 0.03757278 0.04033235 0.03630059
0.03879691 0.03704326 0.04308779 0.03938192 0.04116302
0.03877113 0.0348438 0.0351501 0.03810988 0.04541189
0.04333488 0.04194951
