0.0381595 0.02504753 0.03860857 0.04226371 0.06191033
0.03701719 0.03781167 0.02345535 0.06996268 0.03576838
0.0357245 0.03886622 0.03775237 0.03276143 0.04032804
0.03067108 0.03725181 0.04209753 0.04064981 0.03571001
0.04282306 0.03718907 0.02879688 0.0385001 0.03370773
0.03394789 0.03856408 0.03876791 0.03804262 0.04036165
0.09695004 0.04025446 0.03647804 0.04166666 0.04037855
0.03026581 0.03332394 0.03671457 0.0441394 0.03488448
0.03417766 0.03596109 0.03555154 0.03014267 0.03738504
0.03991304 0.03680369 0.03471461 0.03888912 0.03844379
0.03471633 0.0535003 0.07249861 0.08227183 0.03171931
0.03906448 0.0399301 0.03596248 0.04400058 0.04054451
0.07206009 0.03428072 0.03897309 0.036319 0.03827514
0.03308759 0.03242545 0.03533131 0.03621804 0.03369377
0.03999318 0.0442291 0.03877186 0.03829741 0.03414488
0.07448507 0.08648229 0.04296563 0.0415303 0.03914996
0.0321741 0.03359332 0.02631374 0.03637849 0.03268361
0.03685738 0.03320052 0.03478265 0.03440228 0.03659812
0.03696205 0.04305295 0.03338093 0.03927694 0.03539542
0.03994299 0.03625111 0.03815575 0.04238618 0.03709313
0.07183533 0.02808736 0.02934413 0.03577364 0.03058431
0.04121772 0.03930392 0.04204796 0.04014086 0.03538881
0.02925831 0.07353285 0.03382794 0.03509876 0.03881617
0.03963735 0.03962865 0.03298157 0.04882693 0.03232908
0.03991196 0.03828436 0.03640752 0.035266 0.03960068
0.03598225 0.0363493 0.03439782 0.03749635 0.02973117
0.04264873 0.03391092 0.03821823 0.04196321 0.03654992
0.03876711 0.03745047 0.03633481 0.03454136 0.0411883
0.03311374 0.02843192 0.02728733 0.04098861 0.03812219
0.03772245 0.04045979 0.03824486 0.04596139 0.0379538
0.03495931 0.03632618 0.04524047 0.0324603 0.03564775
0.04266356 0.03644754 0.0386105 0.03726661 0.03649901
0.03593555 0.07912027 0.03474982 0.03774805 0.0263168
0.04360998 0.03883894 0.0374109 0.03503987 0.04058171
0.04100749 0.03866666 0.03637555 0.04000867 0.03523616
0.02539812 0.03066468 0.0387775 0.03376779 0.07560797
0.04029333 0.04075574 0.03689867 0.0285865 0.0389434
0.03687119 0.03346779 0.04241248 0.04100131 0.03372075
0.02619479 0.04072448 0.03856533 0.03299052 0.03894164
0.05922515 0.03596248 0.041575 0.04158878 0.03558593
0.04019196 0.03208371
