0.04301731 0.02595493 0.0539185 0.0422374 0.04311689
0.04413035 0.04543679 0.04449757 0.04377201 0.04281243
0.04926587 0.04216449 0.03533388 0.04725105 0.04009853
0.03412829 0.04501786 0.03778956 0.04475645 0.04327186
0.04605816 0.04345184 0.03999581 0.04167007 0.05105421
0.04419218 0.04345615 0.05186387 0.03828432 0.03832564
0.0427753 0.04255508 0.04882479 0.0385776 0.04452199
0.04311494 0.04640115 0.04580444 0.03800734 0.04101965
0.04057702 0.04113644 0.03989565 0.04546064 0.05054028
0.04493095 0.04064162 0.04318975 0.04306117 0.04352388
0.03673049 0.04261497 0.03582111 0.0453097 0.04767822
0.04301015 0.0500623 0.04661988 0.04327102 0.0483873
0.04403679 0.04419692 0.04744239 0.04665734 0.04195444
0.04176564 0.04360173 0.04119335 0.04712574 0.04968956
0.05078838 0.04645902 0.04491924 0.04348943 0.04558122
0.04306839 0.04235331 0.04212684 0.04846208 0.04333169
0.04379668 0.04849825 0.05043738 0.03811921 0.04714327
0.04200065 0.04424031 0.04866339 0.04807058 0.03761475
0.04076901 0.04704254 0.04552474 0.03775658 0.05108202
0.04081333 0.04315407 0.03741002 0.05003802 0.03845801
0.04104377 0.04021361 0.04026502 0.0401606 0.04580394
0.04387828 0.04801408 0.04643746 0.04075942 0.04518972
0.04797486 0.04686234 0.04206435 0.04084339 0.04895699
0.0435879 0.04416646 0.06136608 0.02967307 0.03753726
0.04555752 0.04448368 0.04113118 0.03931157 0.04848428
0.03826681 0.04809762 0.0433273 0.04174997 0.03913748
0.05066243 0.03929553 0.04668176 0.04075443 0.04238446
0.04489394 0.04118604 0.04449248 0.04148872 0.04786329
0.04532721 0.04476054 0.04012786 0.0366341 0.05017174
0.04959569 0.04078433 0.05032376 0.05315131 0.04875233
0.0465917 0.03937197 0.0518936 0.04433717 0.05078304
0.03847636 0.04080069 0.04296966 0.03664686 0.04431853
0.04223646 0.04803756 0.0423205 0.04191978 0.04464513
0.04303541 0.04157647 0.04134659 0.04151392 0.04650405
0.03831279 0.04722492 0.04533275 0.0394154 0.04084989
0.03891722 0.03874882 0.04167226 0.04457215 0.0452251
0.03912981 0.03951742 0.04409802 0.04260211 0.04105621
0.03959803 0.04235008 0.04308348 0.04711509 0.05466611
0.04830961 0.05026362 0.04814762 0.04786035 0.05623644
0.04531934 0.05248551 0.04242752 0.03839798 0.03731128
0.04614094 0.04021891
