0.03787492 0.02610933 0.03756609 0.03380023 0.03624155
0.03585303 0.03649549 0.04065926 0.03850215 0.03495352
0.04581098 0.03983828 0.03556331 0.04419263 0.04347065
0.03471157 0.04436363 0.03465222 0.03828154 0.03813573
0.03571344 0.03953828 0.03721423 0.03474362 0.03780853
0.03761872 0.03777133 0.03975569 0.03952796 0.0359757
0.03765731 0.03356491 0.03715363 0.0617825 0.04259636
0.04245598 0.03826185 0.04252344 0.04007978 0.03959738
0.04584478 0.04235114 0.03404508 0.03645753 0.04036997
0.04470587 0.04050671 0.03718192 0.03976628 0.03447691
0.03588127 0.03529491 0.03836048 0.0332012 0.03803487
0.03243397 0.03706028 0.03248323 0.0366408 0.03651941
0.04344137 0.03475461 0.03997555 0.04105596 0.04015726
0.03997921 0.04615726 0.03834212 0.03974068 0.04457605
0.03600599 0.03534896 0.03422379 0.03882713 0.040543
0.03845776 0.03997292 0.03876035 0.04057741 0.04182803
0.0306709 0.03856959 0.04493538 0.03431633 0.03482429
0.04101712 0.05167835 0.03886951 0.04035393 0.03960637
0.03802725 0.03689532 0.03833266 0.03546514 0.04758095
0.03779533 0.04178716 0.04034603 0.04017747 0.0393155
0.03816025 0.03431545 0.0399936 0.03667816 0.03562528
0.04344881 0.03507975 0.03438376 0.04058782 0.04244326
0.04429055 0.03393733 0.03989881 0.03164819 0.03908028
0.04050612 0.03318106 0.04038576 0.04042027 0.03701612
0.03953227 0.03919569 0.04122061 0.04186159 0.03809642
0.03716838 0.03854288 0.03744788 0.0366664 0.03964468
0.04274721 0.03675973 0.03728011 0.03857175 0.03604744
0.04561971 0.04327938 0.0333376 0.0410289 0.03759773
0.0382663 0.03684712 0.04757391 0.03648249 0.02986913
0.04157713 0.03635773 0.03763622 0.03991814 0.03756454
0.03864189 0.04274543 0.04291742 0.04181179 0.04232777
0.03652408 0.03632686 0.03855608 0.03842193 0.04021931
0.03666652 0.03942251 0.03239155 0.03670321 0.03585691
0.03713123 0.04210515 0.03782428 0.04563573 0.03647763
0.03728746 0.03451876 0.04387712 0.04217723 0.03866571
0.04495192 0.03731824 0.04007157 0.04543221 0.03468438
0.03842081 0.03519312 0.03486788 0.03075076 0.04247148
0.04586885 0.03584113 0.03959879 0.03958145 0.04587793
0.03768527 0.04069263 0.03272022 0.03789912 0.03399426
0.04330638 0.04084844 0.03904316 0.04076479 0.03836625
0.03736273 0.03924167
