0.03386779 0.02427041 0.03562739 0.0389683 0.03825473
0.04060282 0.03333889 0.02272816 0.03697547 0.03412778
0.02842982 0.0350753 0.0338739 0.03422558 0.03309799
0.03101782 0.03829005 0.03229791 0.0313683 0.03805105
0.03353108 0.0315757 0.04163831 0.03989374 0.02747692
0.03793885 0.02686507 0.03915473 0.0282744 0.02882732
0.02936128 0.0335478 0.03600577 0.03172076 0.02357274
0.03303575 0.02068625 0.03575375 0.03068498 0.03323506
0.03515764 0.0294753 0.03546381 0.02708953 0.03564402
0.03445292 0.0360276 0.03758822 0.03069401 0.03370785
0.03611071 0.02487317 0.03537357 0.03480131 0.03865904
0.04082795 0.03214078 0.03602814 0.03586843 0.03634468
0.03761984 0.0297759 0.03604159 0.03974284 0.03559215
0.0336367 0.03297156 0.02478399 0.03774275 0.03261384
0.03289646 0.0271786 0.03110881 0.03242559 0.03690749
0.03832125 0.04047028 0.03171649 0.02148872 0.03272547
0.03106602 0.03538077 0.03408357 0.03487097 0.03244772
0.03847043 0.03811555 0.03832752 0.02973504 0.02298036
0.03725789 0.03770473 0.03759197 0.03748502 0.03617142
0.03940656 0.03109804 0.03345141 0.02695422 0.02747281
0.03679445 0.0472823 0.03299633 0.03790937 0.02865532
0.03106074 0.03227122 0.02459037 0.03781421 0.0330674
0.035137 0.03212412 0.0413003 0.0325983 0.02981051
0.03461027 0.03452689 0.03096742 0.03220156 0.03532924
0.03333855 0.03185244 0.02222078 0.03712472 0.03471009
0.02772448 0.03359017 0.02520775 0.03352024 0.03281865
0.02789542 0.03485623 0.03966315 0.03807291 0.0384202
0.02585309 0.03472285 0.03869227 0.03949295 0.03904949
0.03503013 0.02657368 0.03614419 0.03489437 0.0367254
0.03642682 0.03399979 0.02744389 0.03285418 0.03943969
0.03350929 0.03596032 0.04115811 0.03496528 0.03039148
0.03515504 0.03353431 0.0333249 0.03604452 0.03540513
0.03091103 0.02948653 0.02983307 0.03282592 0.03737682
0.03680718 0.03413376 0.03326256 0.04093179 0.03430612
0.03546451 0.03199565 0.03180265 0.03226969 0.02985794
0.03350868 0.02440309 0.03284479 0.0336862 0.02966232
0.03051967 0.02857048 0.03084519 0.02877693 0.03322235
0.03375312 0.03153229 0.03670797 0.03184525 0.03649722
0.03402985 0.03017262 0.03590452 0.03319185 0.03613419
0.02738599 0.03076952 0.03339683 0.02488795 0.03239074
0.03175136 0.03271876
