0.046739 0.02841521 0.04899361 0.04662218 0.04259008
0.04858333 0.04227798 0.03957767 0.04209715 0.04287883
0.04399993 0.04381011 0.04221854 0.0504022 0.04205982
0.04456606 0.04829645 0.04608148 0.03640346 0.03817709
0.04350716 0.04097945 0.05118988 0.04346063 0.04438501
0.04873048 0.04515437 0.03847843 0.04632329 0.04393116
0.04053086 0.05020455 0.03718448 0.045252 0.04566713
0.04796399 0.04275869 0.03818551 0.0389366 0.04155909
0.04697427 0.0419141 0.04476474 0.03961659 0.04418081
0.04587945 0.03949826 0.04403477 0.03841558 0.05023409
0.04660139 0.04745037 0.04515847 0.03981175 0.04644012
0.0498938 0.04554301 0.04228588 0.04843528 0.04767992
0.04047382 0.04465397 0.04849779 0.05232613 0.04721093
0.04234357 0.07030519 0.04103482 0.0450789 0.04366149
0.05436962 0.0394894 0.05273623 0.04297723 0.04721948
0.0442079 0.05392184 0.04651064 0.04424191 0.04247963
0.03850427 0.04457216 0.04757857 0.04672603 0.04430294
0.03444477 0.04320822 0.04365464 0.04717196 0.04209448
0.04494854 0.04275728 0.03754074 0.04063213 0.04265812
0.0489259 0.03931952 0.04428925 0.04232731 0.04824173
0.05045112 0.04348592 0.05050051 0.04400486 0.04364582
0.04165018 0.05000203 0.04338664 0.04142924 0.04647679
0.04722829 0.04656016 0.04777835 0.04731027 0.04690914
0.03716267 0.05229188 0.04259157 0.04610484 0.04470683
0.04847757 0.04317539 0.04386647 0.04537484 0.04487698
0.04799213 0.04719275 0.04829413 0.04960576 0.0323834
0.04596991 0.03230486 0.04306043 0.0440551 0.05106019
0.04774134 0.04668991 0.04830795 0.03369413 0.03918677
0.04138965 0.04356041 0.0435544 0.04512073 0.04346048
0.04324062 0.04468476 0.04569115 0.03953874 0.04999909
0.03893028 0.04873774 0.04696041 0.04951732 0.04956745
0.04079624 0.04156533 0.04426562 0.04743045 0.04325237
0.04314111 0.04471157 0.04521259 0.03242452 0.04218873
0.05283723 0.03344026 0.03834145 0.04788553 0.05014745
0.04873794 0.04127742 0.0469246 0.04431986 0.04809995
0.04662904 0.0290122 0.04750906 0.04445413 0.04222838
0.04334841 0.0414788 0.04789644 0.04757304 0.04867155
0.05058976 0.04683167 0.04820104 0.0395945 0.04713524
0.04246386 0.03868275 0.04958987 0.04407115 0.03432419
0.04737773 0.04944364 0.04237645 0.04806707 0.03935173
0.04262983 0.04750204
