0.03750902 0.02606861 0.03534234 0.04347239 0.03640962
0.0427459 0.03541033 0.04072293 0.04032848 0.03618895
0.04087781 0.03878797 0.04439691 0.04242843 0.0360519
0.03507592 0.04125138 0.03557834 0.03369559 0.03776392
0.03524464 0.04406426 0.04292285 0.03304279 0.03542351
0.03856502 0.04158497 0.03816555 0.0343154 0.03423704
0.034782 0.0367687 0.03364697 0.03670179 0.03464106
0.03549756 0.04294746 0.0381491 0.03134257 0.03898931
0.03632001 0.03951245 0.04088511 0.04256289 0.03815542
0.0396621 0.03527304 0.03840497 0.03952343 0.04230819
0.04019463 0.0423902 0.03935383 0.04196749 0.03926936
0.03871612 0.04014001 0.03694348 0.03586368 0.04351591
0.04098619 0.03521324 0.04233128 0.03351129 0.03418822
0.03625929 0.03969495 0.03594878 0.03649226 0.03401593
0.04141285 0.03703911 0.04134018 0.02954302 0.03181619
0.03529823 0.03819399 0.03899914 0.03700649 0.03804195
0.03261613 0.03506606 0.03780391 0.03532591 0.04406814
0.03882352 0.03594622 0.03601175 0.03678252 0.04051158
0.04501969 0.04066674 0.03527129 0.03921238 0.03884981
0.03705727 0.02742789 0.03712429 0.03274461 0.03697649
0.04969218 0.03402284 0.03289798 0.04068725 0.04192761
0.04356744 0.03182381 0.03863396 0.03811211 0.04149333
0.03867643 0.04131296 0.03505995 0.03186798 0.03220747
0.04096452 0.03306671 0.03852236 0.03603891 0.04029189
0.03711204 0.03331788 0.03628382 0.03507887 0.0426541
0.03509317 0.03250768 0.04194739 0.04091103 0.03674834
0.03983806 0.04264949 0.03272305 0.03532067 0.03578734
0.03989494 0.0406757 0.04247593 0.03625818 0.03545357
0.03821584 0.0428443 0.03766567 0.0416416 0.03735668
0.03565488 0.03763756 0.03962559 0.03669316 0.0373267
0.03536777 0.03590019 0.03231814 0.04427101 0.04137144
0.03442423 0.03860193 0.03517887 0.0373542 0.03922861
0.03651248 0.03322007 0.03835335 0.03449231 0.03217033
0.03151046 0.03852642 0.0328622 0.0406838 0.0412907
0.04339045 0.03906423 0.02915337 0.03419505 0.03075565
0.03459361 0.03732556 0.04037168 0.03561471 0.04250655
0.04069666 0.03386191 0.03920395 0.03994906 0.03855431
0.03959244 0.03846873 0.0414072 0.0374868 0.03827925
0.03817205 0.03440411 0.03679952 0.03516969 0.03688794
0.039309 0.04042781 0.04390399 0.03685099 0.03787139
0.03588054 0.02925362
