0.04198323 0.02798065 0.03895409 0.04009567 0.03899245
0.03982931 0.03975846 0.04393508 0.03913272 0.04029214
0.03301222 0.04098946 0.03669523 0.04054664 0.04275934
0.04357024 0.03748278 0.04104663 0.0367067 0.03758743
0.0445164 0.04109877 0.04773797 0.04357734 0.03652082
0.03868011 0.04225189 0.03998588 0.03877796 0.04117718
0.04189502 0.0370123 0.03947352 0.04645736 0.04072529
0.04624686 0.04100961 0.03795816 0.03956407 0.04002298
0.0386833 0.03820268 0.03997657 0.04339356 0.0426647
0.03995731 0.04265889 0.04298681 0.04113287 0.03989228
0.04138527 0.04133377 0.04487327 0.04357931 0.04685313
0.04205773 0.0407107 0.04110583 0.04086573 0.04728416
0.03828324 0.04036147 0.04335075 0.04391108 0.04226608
0.03851466 0.03843703 0.03583158 0.04203976 0.04081703
0.03779625 0.04398891 0.04287054 0.04580823 0.03573151
0.04517132 0.04001409 0.0394793 0.03765469 0.03617466
0.04000492 0.03772579 0.03704429 0.03980766 0.04052908
0.04166623 0.03811936 0.0388213 0.04150349 0.04455513
0.03931332 0.04053383 0.0391135 0.0386306 0.04338089
0.04226041 0.04141705 0.04166887 0.03749671 0.04121453
0.03804285 0.04431074 0.03929449 0.03924165 0.04062876
0.04541659 0.04735106 0.04188728 0.03735528 0.04020058
0.035866 0.03799973 0.03841659 0.04041296 0.04157384
0.03727021 0.04162447 0.0332897 0.04622379 0.04243505
0.04290743 0.04191562 0.03528855 0.0378273 0.03627431
0.04068924 0.03737652 0.04127912 0.04061597 0.04165329
0.0429179 0.04224404 0.04090405 0.03921957 0.03596704
0.03729957 0.04395633 0.03738198 0.03922693 0.04336489
0.04422495 0.04234006 0.04088799 0.0417781 0.04339204
0.04248321 0.04338494 0.04649898 0.03615547 0.04318065
0.04323966 0.04536837 0.04244608 0.04218617 0.03836746
0.03853234 0.03926391 0.04226024 0.04094773 0.04135332
0.04128702 0.04149211 0.04290668 0.04131313 0.04000897
0.04490107 0.04183332 0.04396789 0.03852226 0.04010171
0.03936696 0.03814485 0.042363 0.04174516 0.03805426
0.04126086 0.04329523 0.03384344 0.03996274 0.04212423
0.03965469 0.04396415 0.03453637 0.03946568 0.03977013
0.04089028 0.04485455 0.03310886 0.04229031 0.03996748
0.039778 0.04413556 0.04285397 0.04425978 0.04001021
0.03351506 0.04280255 0.04036788 0.04252971 0.04334728
0.04123794 0.04843908
