0.0364112 0.02604069 0.03420087 0.03583002 0.03291524
0.0333954 0.03705546 0.0351285 0.03806405 0.03633023
0.03737238 0.03839129 0.03517602 0.03613027 0.03417009
0.0373919 0.03915987 0.03630416 0.03245102 0.0322259
0.03705003 0.0336883 0.03912279 0.03456504 0.03298112
0.04140582 0.02982471 0.04025108 0.03587462 0.03229743
0.03248306 0.03415499 0.03696015 0.03403057 0.03171619
0.03782911 0.03275468 0.03384511 0.03429511 0.03499195
0.03445138 0.03526625 0.04224421 0.03748238 0.03579981
0.03909022 0.03299682 0.04084477 0.03704207 0.0297188
0.03561007 0.03826378 0.03602924 0.03965998 0.03827199
0.03701106 0.03586433 0.03624732 0.03572236 0.04396431
0.03814544 0.03577 0.03888121 0.03541636 0.03215775
0.03496501 0.030861 0.03615367 0.03015357 0.03781053
0.03757157 0.03615232 0.03468455 0.03527134 0.0386741
0.03339574 0.03746756 0.03815692 0.03926052 0.03529418
0.03193105 0.02933881 0.03666439 0.03273024 0.0363288
0.03481819 0.03794194 0.04229411 0.03373309 0.0376056
0.03394789 0.04466275 0.03616678 0.04115489 0.03868933
0.03158554 0.03309303 0.03401259 0.03751325 0.04006119
0.03751508 0.03533895 0.03628211 0.03031049 0.03697226
0.03478039 0.03598263 0.04118461 0.03697626 0.03730606
0.036924 0.03216418 0.03853463 0.03266332 0.0322754
0.03338507 0.03962999 0.03564285 0.03338181 0.04065202
0.03068816 0.03719247 0.03603789 0.0333469 0.03488679
0.03380262 0.03373444 0.03824127 0.03769931 0.04188443
0.03724449 0.03345968 0.03607758 0.03758818 0.03735107
0.03323289 0.03753572 0.03970354 0.03176697 0.03311356
0.03844174 0.04051477 0.03447149 0.03530077 0.03157475
0.03591926 0.03377082 0.03809648 0.03524215 0.04493223
0.03534581 0.03166539 0.0332244 0.03872446 0.03943439
0.03412584 0.03503972 0.0311484 0.03797586 0.03881894
0.03913597 0.03370531 0.03759467 0.03719505 0.03784363
0.03151787 0.0333566 0.03606372 0.03251584 0.03711328
0.03974978 0.04013261 0.03437758 0.03598177 0.03250207
0.03601402 0.03761086 0.03863292 0.02841742 0.03470978
0.03363603 0.03722484 0.03994743 0.03809659 0.03893138
0.03523611 0.03578929 0.03400403 0.03810211 0.03731049
0.03461155 0.03275266 0.03359113 0.03763884 0.036855
0.03631881 0.03371944 0.03634974 0.03456976 0.03206331
0.03267946 0.03758238
