0.03666248 0.02628212 0.03183374 0.0323527 0.03572587
0.03773267 0.03403173 0.03353492 0.03630058 0.03820029
0.0367604 0.03870448 0.03739163 0.03541233 0.033272
0.03626433 0.03555728 0.03443793 0.03979772 0.03025641
0.04077113 0.03490169 0.03710478 0.03925635 0.04240953
0.04421759 0.0371865 0.03744301 0.04032338 0.04605201
0.03815899 0.03575262 0.0347201 0.03433607 0.0325162
0.03912338 0.03567929 0.03710846 0.04131551 0.0420756
0.03820024 0.03970978 0.03714836 0.03710347 0.0379324
0.03713279 0.03718034 0.03657232 0.04014547 0.03497878
0.03913447 0.04191804 0.03887797 0.03393523 0.03297732
0.04074205 0.0371614 0.0392879 0.03309101 0.03447815
0.03702553 0.04084045 0.03682277 0.03386438 0.04011504
0.0436881 0.03991169 0.03610241 0.03975551 0.03296675
0.03468069 0.04059124 0.03798801 0.04638739 0.04031209
0.04526285 0.04146242 0.04282617 0.03790691 0.03474618
0.03670544 0.03436348 0.04223219 0.04519982 0.04234951
0.03546292 0.04249944 0.03919601 0.03925874 0.03117633
0.03886945 0.03712373 0.03818154 0.04277188 0.03944764
0.03983997 0.03575408 0.04511811 0.03474991 0.03329955
0.03524867 0.03413449 0.03785979 0.04001374 0.03743498
0.03939641 0.0376869 0.03286765 0.03543142 0.04062578
0.03512705 0.03765483 0.03640436 0.0367917 0.03344826
0.03152188 0.03669873 0.03543161 0.0359699 0.04074643
0.04322662 0.03864697 0.04352324 0.03715804 0.04498373
0.04202047 0.03666378 0.04510338 0.03687043 0.03938317
0.04025242 0.03915769 0.03778033 0.03903453 0.04257106
0.03830869 0.04266121 0.04303825 0.03887196 0.03797971
0.03247675 0.04277471 0.04149423 0.04113593 0.03754295
0.0334511 0.04044612 0.04090619 0.03916094 0.03830621
0.03615614 0.03743417 0.0393956 0.03500571 0.04060024
0.03606391 0.03770055 0.03827351 0.03462231 0.04146846
0.03422611 0.03614855 0.03200878 0.0400425 0.04125564
0.04641442 0.04002876 0.03743393 0.03943793 0.03566285
0.04418831 0.04102621 0.02533115 0.0379329 0.04223537
0.0409818 0.04141811 0.04405224 0.03667055 0.03923188
0.0368571 0.04216984 0.04182929 0.03952254 0.03658286
0.04021992 0.0366581 0.03681756 0.04080248 0.03766131
0.03771773 0.04082942 0.03371875 0.0395221 0.03563312
0.03446885 0.04036381 0.0411625 0.03448441 0.03674478
0.03689375 0.04104893
