0.0452473 0.02814137 0.04330244 0.05177744 0.04563902
0.04406656 0.04108762 0.04277789 0.04254333 0.04701446
0.04317736 0.04292922 0.04110966 0.0429616 0.04511759
0.04839179 0.04651468 0.04579223 0.04346679 0.04376157
0.04288007 0.0476528 0.0427009 0.03890213 0.04450265
0.04419277 0.04414331 0.03896087 0.04600724 0.0511581
0.04297052 0.05097102 0.04170315 0.04381978 0.04194474
0.03946124 0.04691206 0.04239745 0.04073251 0.05193537
0.04099154 0.04478953 0.04255639 0.04460554 0.04470938
0.04192729 0.04748763 0.04373153 0.04760726 0.04572785
0.04590344 0.04534197 0.04207116 0.03677701 0.04034223
0.04371168 0.0436145 0.0429608 0.04881567 0.04327359
0.03702136 0.04371757 0.0442833 0.05052463 0.04024596
0.03885371 0.03974493 0.04631958 0.04334621 0.03943029
0.04416769 0.03959047 0.04398351 0.04202845 0.03604656
0.04217069 0.04252066 0.04774575 0.03968543 0.04371337
0.04800431 0.04583232 0.04556363 0.03909956 0.04593474
0.04210137 0.04684072 0.04146479 0.0438426 0.04521353
0.0398504 0.04812511 0.04852585 0.04573369 0.04216697
0.04848337 0.04485299 0.05134076 0.04285453 0.04599404
0.03987788 0.03901039 0.04433081 0.0410075 0.04410375
0.04724586 0.04711969 0.04286052 0.04521344 0.04842164
0.04724869 0.04444026 0.04962272 0.04579309 0.04276654
0.03619968 0.04851764 0.04397679 0.04299783 0.04056647
0.04355125 0.04068139 0.04323086 0.04381382 0.0473434
0.04625454 0.04631891 0.03671833 0.03617509 0.04672965
0.04722443 0.03825891 0.04393537 0.04366524 0.04059652
0.04162051 0.04105643 0.04421501 0.03900281 0.03975599
0.03808444 0.04243444 0.04550784 0.03900713 0.04253457
0.04396279 0.04376144 0.04535288 0.04863489 0.03939005
0.04365073 0.03960741 0.04466474 0.03813529 0.04357988
0.04775109 0.04485825 0.04240253 0.03917728 0.03724838
0.03810296 0.04554785 0.0478438 0.04199784 0.04330825
0.04342508 0.04646466 0.04572639 0.04507488 0.03878218
0.04875779 0.04126227 0.0422798 0.04585744 0.04354554
0.04436042 0.04565826 0.03963833 0.04571098 0.04676323
0.04171942 0.04755927 0.04036896 0.04332283 0.04448058
0.05002527 0.0399014 0.03830287 0.05052777 0.04763317
0.03316657 0.04621408 0.04157819 0.04670232 0.03834768
0.04018797 0.0469296 0.03902873 0.03968751 0.04535416
0.04405574 0.04199701
