0.0419948 0.02867559 0.04372652 0.0448729 0.04471589
0.04455608 0.04126161 0.04012014 0.04538133 0.04180728
0.04647161 0.0446618 0.04717523 0.04494413 0.04362968
0.04802268 0.04172925 0.04433501 0.04397685 0.04499561
0.04606089 0.04356666 0.04934255 0.04394303 0.04576914
0.04241048 0.04832936 0.04105435 0.05058973 0.05119913
0.04670226 0.04555352 0.04670117 0.04590284 0.05139408
0.04432463 0.04754568 0.05245514 0.04586518 0.04144092
0.04536687 0.04106174 0.04806744 0.04169854 0.05127228
0.04815149 0.04223219 0.04110966 0.0404828 0.04633435
0.04497146 0.04719541 0.04030643 0.04191066 0.045028
0.04270685 0.04373859 0.04628505 0.04330091 0.04152655
0.04305795 0.0417924 0.04477716 0.0480697 0.04314966
0.04321044 0.04425942 0.04482698 0.04484017 0.0450814
0.04157258 0.04510928 0.04716829 0.04528591 0.05354701
0.04977545 0.04346527 0.04131323 0.0475882 0.05228529
0.0398356 0.04305022 0.04229721 0.0456089 0.04254171
0.04501588 0.04347599 0.04441792 0.04244049 0.04405038
0.04230598 0.04382497 0.04352428 0.0442214 0.0441259
0.04282984 0.04853709 0.04487111 0.0381294 0.04361181
0.04249018 0.0483685 0.03781323 0.03944378 0.04548951
0.04190134 0.04283562 0.04310016 0.04377758 0.04078542
0.04480677 0.04428693 0.04595962 0.04507724 0.04254072
0.04499265 0.0437694 0.04715426 0.04376406 0.04001723
0.04137562 0.04401552 0.04251025 0.04083784 0.04133104
0.04556201 0.04012806 0.05061063 0.05067069 0.04196846
0.0490889 0.04148224 0.04313836 0.04563624 0.04868457
0.04598108 0.04395547 0.05002127 0.04480236 0.04279527
0.04296858 0.04261535 0.04275475 0.04026312 0.04344318
0.04372086 0.04499164 0.04528698 0.04337526 0.04544249
0.04468926 0.04941921 0.04606767 0.04530617 0.03893913
0.05160481 0.04587407 0.0487999 0.04547128 0.04210503
0.04102981 0.04485044 0.04353086 0.04330462 0.04333873
0.04182834 0.04464773 0.04369505 0.04230749 0.05643274
0.04144899 0.04304273 0.03705597 0.04615516 0.04377607
0.04033231 0.03980345 0.04423017 0.04158194 0.04511862
0.04263183 0.05032658 0.04216168 0.04341747 0.04663978
0.04169747 0.04359197 0.04783529 0.04456325 0.03997293
0.04550362 0.04569095 0.03989383 0.04477943 0.04625552
0.04026104 0.04824149 0.04630792 0.04515802 0.04935663
0.04722902 0.0429823
