0.03803204 0.0261987 0.0444222 0.03613784 0.03915111
0.03626277 0.03951216 0.03865024 0.04168706 0.03695305
0.03906462 0.04193884 0.0411201 0.03263544 0.03738728
0.03853211 0.03576396 0.03191391 0.03507852 0.03895117
0.03673499 0.03528623 0.03617354 0.03366158 0.03638192
0.03267059 0.04025106 0.04028425 0.04261577 0.03682814
0.03295897 0.03323935 0.0325505 0.03520227 0.0383282
0.04023817 0.03457147 0.03963104 0.03917146 0.03751936
0.0382856 0.04330371 0.04232038 0.03786548 0.04412924
0.03631139 0.03707216 0.03884528 0.03564057 0.03708863
0.03626481 0.03688669 0.03485514 0.03833076 0.03790767
0.03236312 0.03497235 0.04368293 0.04285911 0.03783943
0.03716569 0.03645386 0.03859029 0.03220965 0.03868218
0.03840951 0.04023108 0.0345982 0.03494575 0.0347769
0.03866487 0.0386021 0.04141524 0.03932112 0.0363933
0.03915287 0.03451449 0.03847242 0.03853012 0.03693834
0.03918427 0.03578434 0.03821103 0.03751988 0.04530235
0.0428443 0.03929946 0.03897313 0.03615479 0.03872954
0.0299361 0.04385086 0.03779776 0.03525556 0.03853698
0.04039691 0.03892354 0.04017464 0.04027492 0.03787538
0.03717 0.03276699 0.04019277 0.03453978 0.03913437
0.04031241 0.03321807 0.04245104 0.03730884 0.03458866
0.05046129 0.033389 0.0380875 0.03700993 0.04284654
0.03521942 0.03806842 0.03678063 0.04383354 0.03845791
0.04078826 0.03000022 0.03812573 0.03613554 0.03235712
0.03839248 0.03701594 0.03680143 0.03686102 0.0379698
0.04358623 0.03519508 0.0358165 0.03734666 0.03840919
0.0342914 0.03060327 0.03774283 0.03997998 0.03678269
0.03344946 0.03180391 0.03603907 0.04206063 0.03631253
0.03335699 0.03792348 0.03519433 0.03808533 0.03583247
0.03684419 0.04273739 0.03987836 0.03227103 0.03907292
0.03399406 0.04252067 0.03730581 0.0280511 0.03707305
0.03897922 0.04049318 0.0388104 0.03549966 0.03600625
0.04170482 0.03577868 0.03470586 0.03549643 0.03845849
0.03964807 0.03428017 0.036641 0.04054652 0.03720338
0.03558607 0.03754478 0.03573307 0.03486894 0.04031927
0.03229402 0.03742551 0.03912508 0.03869886 0.04449074
0.04147046 0.03209135 0.03288704 0.03705614 0.03603416
0.03630118 0.04230037 0.03469708 0.04335552 0.04190751
0.035189 0.03845156 0.0377267 0.03897874 0.03946521
0.03026259 0.04319617
