0.04084012 0.02615189 0.04422213 0.04604613 0.04155966
0.0446519 0.04698357 0.04242815 0.04147667 0.04021285
0.04270377 0.04511628 0.04183604 0.04569574 0.04293383
0.0406158 0.04254547 0.04308392 0.0439635 0.04456477
0.04312452 0.0420862 0.04470159 0.04640806 0.04553101
0.04258284 0.04282695 0.0394844 0.05362921 0.04369088
0.03647084 0.03853101 0.04127384 0.04304086 0.04266302
0.03538284 0.04682617 0.04345059 0.04228655 0.04100792
0.04088717 0.04050046 0.04147201 0.04472557 0.04477146
0.04115982 0.04320255 0.0389798 0.03745921 0.04409461
0.04431941 0.04432209 0.05062701 0.04324794 0.0381329
0.03773519 0.03782487 0.04020161 0.04245518 0.03480334
0.03997759 0.04084 0.03982262 0.03914069 0.04384537
0.03862709 0.04226676 0.04385237 0.03754994 0.04127094
0.02728901 0.03732867 0.04176021 0.04228794 0.0407079
0.0403424 0.03846904 0.04433638 0.04463158 0.03704834
0.04480863 0.04563047 0.03838574 0.03957699 0.04087503
0.03952563 0.04571552 0.04950493 0.03954415 0.04212236
0.04653064 0.0422522 0.0394749 0.04192271 0.04297257
0.04648662 0.04300914 0.04829946 0.04486526 0.03633157
0.04169595 0.03969655 0.0380423 0.04154453 0.04312641
0.04401315 0.0389834 0.02935569 0.03834763 0.03889761
0.04227071 0.04534958 0.04356002 0.03809414 0.04131722
0.04417095 0.04408491 0.04280913 0.04808508 0.04016301
0.03877876 0.04287681 0.03763993 0.03813401 0.03919711
0.04519344 0.04026744 0.04594592 0.04005503 0.04505388
0.03947961 0.04493963 0.04743282 0.03899487 0.04698547
0.04096232 0.04608619 0.04535521 0.04567317 0.0425444
0.04159985 0.04501523 0.04820065 0.04646109 0.04049451
0.04632488 0.0456416 0.04906344 0.04043819 0.04160972
0.04500745 0.0457674 0.03992446 0.03983134 0.04371735
0.03845408 0.04389646 0.03858694 0.044386 0.03979494
0.04929375 0.03898853 0.04418308 0.04479411 0.03977677
0.03606806 0.03446845 0.04132031 0.04576078 0.04301129
0.04709017 0.04124385 0.04332837 0.03913575 0.03424297
0.04366188 0.04352801 0.04060369 0.0406974 0.04042031
0.04036082 0.04233425 0.0389872 0.03917601 0.04663436
0.0390301 0.04653317 0.04081475 0.04091851 0.04185531
0.03632191 0.04496563 0.03827767 0.03900517 0.04482244
0.04086304 0.04292044 0.04342989 0.04008778 0.03954212
0.04073643 0.03930596
