0.03630897 0.02565918 0.0384847 0.03490379 0.03822051
0.03993413 0.03747142 0.04101154 0.037839 0.03078877
0.03212889 0.03734764 0.03245751 0.03196106 0.03681708
0.03344232 0.03666373 0.03368183 0.04613417 0.03528467
0.0342815 0.03594845 0.03707574 0.03811582 0.03526532
0.03542789 0.04019334 0.03491588 0.0325052 0.03697001
0.03336345 0.03878462 0.03666563 0.03677619 0.0361865
0.03507975 0.03859044 0.03783118 0.03111339 0.0403314
0.03898455 0.03541816 0.035988 0.04030213 0.03827639
0.03140099 0.03445713 0.03746065 0.03576169 0.03465206
0.03570664 0.03552544 0.03577313 0.03214997 0.04002061
0.03382592 0.03249237 0.03713929 0.03872368 0.03392471
0.03406616 0.03511206 0.04385892 0.03501481 0.03729006
0.03239789 0.03300801 0.03835313 0.03992878 0.04862758
0.03428142 0.04050675 0.03991548 0.03836039 0.03903305
0.03373879 0.03615438 0.04146227 0.03359179 0.03549811
0.03359061 0.03347778 0.03633351 0.03439014 0.0394364
0.03672508 0.03352595 0.03414637 0.0328774 0.03709652
0.03393568 0.03469564 0.03436265 0.03252693 0.03014383
0.03090048 0.03569501 0.0363785 0.03599068 0.03521432
0.01884639 0.03410122 0.03694501 0.03477214 0.03581929
0.03500151 0.03456961 0.03906551 0.03668239 0.03607266
0.02540518 0.03703778 0.03556286 0.02368779 0.03551362
0.03708084 0.03702335 0.02461445 0.02702089 0.03375957
0.04241526 0.03627753 0.03877276 0.03600971 0.03782238
0.0321748 0.04069656 0.03845809 0.03561631 0.03929021
0.0354073 0.03416432 0.0352077 0.0373174 0.03552925
0.0378289 0.03640739 0.03536787 0.03428131 0.03608228
0.03553686 0.03839427 0.03795719 0.03550091 0.03369067
0.03621446 0.03418167 0.03968873 0.03909423 0.03586786
0.0337655 0.03967464 0.03713056 0.03547279 0.039853
0.03572457 0.03882983 0.03260373 0.03796757 0.03502319
0.03559955 0.04002278 0.03704255 0.03497203 0.03698596
0.03593135 0.03965227 0.03766615 0.03331199 0.04066643
0.03789118 0.0378131 0.02591109 0.03432449 0.03888445
0.03618824 0.03684137 0.04022249 0.03056844 0.04059211
0.04524806 0.04449943 0.03131463 0.03746241 0.03360002
0.03584643 0.03513284 0.03664385 0.03413613 0.02682838
0.03845903 0.03858662 0.03162558 0.03714592 0.03562667
0.03774353 0.03915578 0.03139438 0.03768444 0.03708323
0.048989 0.03600005
