0.04724793 0.02860097 0.03744095 0.04648479 0.05137598
0.05105897 0.0444537 0.05096301 0.04054702 0.04430675
0.04799776 0.04748721 0.04436081 0.04981733 0.04438579
0.04460029 0.03670354 0.04735091 0.049707 0.04260478
0.04694644 0.03687619 0.04507301 0.04552954 0.03651972
0.0502653 0.05277872 0.03978957 0.04468996 0.04714257
0.04194236 0.04094019 0.04289565 0.04401285 0.04904812
0.04401431 0.04361136 0.04696056 0.04701352 0.05187855
0.04950449 0.04684198 0.04770865 0.04200976 0.05473158
0.04979874 0.04514634 0.04399235 0.04850928 0.04455174
0.05359332 0.04308463 0.04628546 0.04115317 0.04725252
0.04429655 0.03654939 0.04484016 0.04914371 0.04443495
0.0455182 0.0430022 0.04695645 0.04348472 0.04656022
0.04353795 0.04778887 0.04052218 0.04788851 0.04892624
0.04273392 0.04696891 0.04151506 0.04590745 0.03884313
0.0447134 0.04569537 0.04674654 0.0446997 0.0423444
0.04688771 0.0395395 0.04441919 0.04256061 0.04787501
0.04234828 0.0491274 0.04624118 0.04047228 0.04522484
0.0393235 0.04206506 0.04453057 0.03514822 0.04052377
0.04516837 0.04343842 0.03909294 0.0361698 0.04566179
0.04734156 0.05271351 0.044672 0.03755088 0.04483431
0.05002317 0.04697055 0.04146128 0.04089958 0.05155789
0.04289631 0.04358359 0.04523017 0.05001925 0.05274002
0.04858684 0.04756538 0.03996943 0.04021765 0.04022819
0.04439429 0.038535 0.04011673 0.04724029 0.0397621
0.03821124 0.04605055 0.05089419 0.04844015 0.04097851
0.03985602 0.04616966 0.04817922 0.04200201 0.04166465
0.04456052 0.04479045 0.04769756 0.05010117 0.04181621
0.04314167 0.04619446 0.0460921 0.05048387 0.04401114
0.04496824 0.04316849 0.04920614 0.04902602 0.04055123
0.04803108 0.04615856 0.04386924 0.04153562 0.03995425
0.041414 0.04877087 0.0443812 0.0477686 0.04818564
0.04713656 0.039873 0.04786987 0.04578394 0.04940453
0.03562296 0.04152456 0.0495396 0.04669114 0.04057071
0.03882004 0.04248285 0.04365883 0.04411906 0.04399689
0.03767769 0.04100471 0.04831664 0.04446136 0.04511222
0.04683002 0.03829993 0.04720476 0.04672824 0.04206384
0.04369336 0.04598245 0.04216017 0.04381106 0.04340669
0.04557985 0.04760503 0.04873734 0.04966984 0.03573857
0.04063453 0.04672814 0.04642461 0.04627634 0.04722139
0.04260089 0.04632744
