0.04003601 0.02507025 0.03744681 0.03460982 0.03851448
0.03490564 0.03910336 0.03219997 0.03650493 0.035513
0.03768403 0.03875175 0.03560952 0.03634339 0.03836906
0.0416769 0.03541975 0.04298389 0.03371591 0.03887469
0.03941491 0.03443993 0.03540692 0.03470354 0.03813026
0.03649003 0.03521717 0.03812041 0.04133113 0.0330849
0.04106798 0.03634299 0.03839103 0.04382316 0.0332933
0.04383924 0.03966741 0.03731567 0.03738337 0.04147076
0.03915532 0.04151213 0.0369547 0.0421321 0.0340969
0.0377249 0.03502586 0.04428335 0.04489914 0.03596575
0.03796912 0.03944572 0.04064301 0.04005855 0.04013708
0.04036043 0.03649806 0.02446837 0.04869775 0.04104167
0.04115535 0.03521116 0.03799527 0.04509526 0.03942803
0.03328876 0.03765114 0.03931425 0.03939927 0.03642545
0.03619931 0.03376034 0.04981141 0.03939138 0.03825461
0.03859235 0.03813519 0.03845385 0.04072174 0.03599073
0.04218573 0.03824097 0.03955368 0.03576118 0.04011203
0.03782699 0.03735674 0.03631619 0.03732637 0.03821955
0.03319166 0.03779586 0.04065914 0.03801243 0.03687668
0.0369906 0.03518689 0.0381624 0.03648535 0.03576283
0.03716148 0.04136659 0.03701645 0.03532524 0.04044428
0.03660382 0.03706802 0.04264492 0.03730306 0.03978069
0.03976654 0.04252463 0.03418813 0.03683868 0.03488552
0.03926569 0.03892467 0.03250179 0.04002044 0.036085
0.04008724 0.03608622 0.03716181 0.03928677 0.03924078
0.04111095 0.0380092 0.03697553 0.04134115 0.03621962
0.04118366 0.03811111 0.03637665 0.0424518 0.03877942
0.03572054 0.03318442 0.03771646 0.03944646 0.03783493
0.03621345 0.04043167 0.03733532 0.03795412 0.0379294
0.03457172 0.0400461 0.03989929 0.03622925 0.03678754
0.03571016 0.03748983 0.03480681 0.04314511 0.03983327
0.0416173 0.03525403 0.04171226 0.04517039 0.0403128
0.04033006 0.04593264 0.0358204 0.04039609 0.0431842
0.04182471 0.03690388 0.03800026 0.03407904 0.03419076
0.03778395 0.04039053 0.04224082 0.03684367 0.03618842
0.04195772 0.03734963 0.03607529 0.0344556 0.03988038
0.04238226 0.03773475 0.03293945 0.03561041 0.03220535
0.03246441 0.03788133 0.03901434 0.04125246 0.03702987
0.03544362 0.04058633 0.04177698 0.03726582 0.0345248
0.04047296 0.04102388 0.03905362 0.03843484 0.0372934
0.03955658 0.04179595
