0.04301203 0.02673589 0.04244899 0.04315936 0.0391809
0.0303518 0.04160665 0.0464992 0.04180334 0.04068042
0.03854632 0.04194962 0.04585072 0.03807215 0.03827529
0.04397169 0.04415339 0.04264264 0.03678834 0.04223665
0.03665667 0.03603318 0.04031906 0.04488556 0.03843
0.04075142 0.03889969 0.04183241 0.04566598 0.04237801
0.02790851 0.03885259 0.03903111 0.04250553 0.0408917
0.04094693 0.04000568 0.04169667 0.04137841 0.04145674
0.04396432 0.02911307 0.04127594 0.03657812 0.03869202
0.03906258 0.03865941 0.03927345 0.04530158 0.04261927
0.04606883 0.03886068 0.03810317 0.04630424 0.04218049
0.04498995 0.039215 0.03817945 0.04176099 0.04339467
0.04646779 0.03818592 0.0401758 0.04601915 0.04191879
0.04257086 0.03961689 0.04063794 0.04307557 0.03738467
0.03730096 0.04221863 0.04157481 0.04826816 0.04095317
0.03956904 0.03884058 0.03943882 0.04133448 0.04217192
0.04160338 0.04380999 0.04541302 0.04101314 0.04045132
0.03708298 0.03917724 0.04337761 0.03816944 0.04189267
0.04336543 0.04165835 0.04709739 0.03853079 0.03995428
0.03991429 0.04458977 0.04050447 0.04387547 0.03576109
0.0389299 0.04553652 0.03454164 0.03870466 0.03644441
0.04341978 0.03435864 0.04377346 0.04215052 0.03647425
0.03058552 0.02837869 0.04349957 0.0393548 0.04511671
0.04004215 0.03982004 0.04477114 0.02923154 0.04134839
0.04182816 0.04798984 0.03754445 0.03732675 0.04082565
0.03780027 0.03829808 0.04253372 0.04903728 0.04166529
0.04093407 0.03910442 0.04176942 0.04145262 0.03811998
0.0442398 0.05093222 0.03806214 0.04173189 0.04109489
0.04085464 0.04020276 0.04139992 0.04397129 0.04315418
0.04681504 0.03739273 0.02581975 0.03722296 0.04214461
0.04446445 0.04653504 0.04967927 0.04230099 0.04205467
0.04211074 0.04883352 0.04346112 0.04206962 0.04308546
0.03973866 0.03729745 0.04112396 0.03827276 0.04217114
0.03942153 0.04308901 0.03789871 0.03806256 0.04030943
0.03637797 0.04082573 0.04640225 0.0363215 0.04376337
0.04333113 0.04487219 0.03367295 0.04491157 0.04041198
0.04405905 0.04084701 0.04088481 0.04407797 0.03405564
0.03821268 0.04383358 0.04066689 0.04028996 0.0463251
0.04331939 0.03744368 0.03954919 0.02800683 0.04201002
0.03780607 0.04184982 0.04082371 0.03549844 0.03909292
0.04078014 0.04103031
