0.04050934 0.02656792 0.03674505 0.03855993 0.04363491
0.04092441 0.04099499 0.03296004 0.04225413 0.04141237
0.03611863 0.03891555 0.0422692 0.04076032 0.03378682
0.0408913 0.03487997 0.04290507 0.03658808 0.03449244
0.03729003 0.04111463 0.03954805 0.0441384 0.03759919
0.04316675 0.03598891 0.04591015 0.03570089 0.03460568
0.03555958 0.036806 0.04304006 0.04369181 0.03246455
0.03677096 0.03840717 0.04205427 0.04108155 0.03111518
0.04260435 0.0392504 0.03591089 0.03922853 0.04124583
0.04567109 0.0361989 0.03279626 0.04488864 0.0390564
0.04180186 0.0399346 0.04234636 0.04350132 0.03741528
0.0366276 0.03969797 0.04793729 0.0436872 0.0393088
0.03886635 0.03510228 0.04524547 0.04332618 0.03854869
0.03987325 0.04379989 0.04458439 0.04148151 0.03845945
0.04081991 0.04602126 0.03699602 0.04009092 0.03794677
0.04169804 0.03556881 0.03735298 0.03696409 0.03945473
0.03882639 0.03665595 0.02986982 0.03921722 0.03739999
0.03995631 0.03729774 0.03087974 0.03683519 0.04153721
0.03821569 0.04156757 0.04368222 0.02983713 0.03938862
0.03782746 0.03340415 0.04392381 0.04251231 0.04179095
0.03995821 0.04091784 0.03973584 0.03993109 0.03919975
0.03398332 0.04273327 0.04254666 0.04200534 0.04312809
0.03787409 0.03993434 0.03886267 0.03286548 0.03847577
0.04373132 0.04106155 0.03914006 0.0462553 0.03961838
0.03550507 0.03680189 0.04009698 0.04126733 0.04063347
0.04724754 0.0368384 0.04220943 0.04259139 0.04475515
0.03838181 0.03820984 0.04093625 0.03958776 0.04058264
0.04132965 0.04158722 0.04132306 0.03903028 0.04059287
0.04333234 0.03312869 0.046979 0.03871492 0.03648877
0.03545315 0.04248383 0.04291985 0.04002332 0.04418736
0.04092 0.04009683 0.04187962 0.03918167 0.04373727
0.03969484 0.04165816 0.03946567 0.04230739 0.03253814
0.04390154 0.0409785 0.03288242 0.04113862 0.04173833
0.03698264 0.03713659 0.0448295 0.0357843 0.0417396
0.0395968 0.04274548 0.03950835 0.03985063 0.03094955
0.04204066 0.0432622 0.0325593 0.04280335 0.03726801
0.03476137 0.04841605 0.03648095 0.03779239 0.03785589
0.03638398 0.04741273 0.03816231 0.03358604 0.0368488
0.03963558 0.03829566 0.03788035 0.04738396 0.03426568
0.03814141 0.03237319 0.03995821 0.04066041 0.0384886
0.04380583 0.0428793
