0.03719657 0.02494004 0.03466628 0.03682763 0.036448
0.03177844 0.03345056 0.0402864 0.0403246 0.03629235
0.03739194 0.04113426 0.03449703 0.03944959 0.03071225
0.02792321 0.0351327 0.04109516 0.03625569 0.03638986
0.03773017 0.03674599 0.03805551 0.03756522 0.03638157
0.03366975 0.03708304 0.03507759 0.04056677 0.03424041
0.03628499 0.0473856 0.03553763 0.03576669 0.04459636
0.0378499 0.03530006 0.03465168 0.03969622 0.03845352
0.02954181 0.0394619 0.0341876 0.03842504 0.03500276
0.04118884 0.04514812 0.03522811 0.0355278 0.04161691
0.03529923 0.03566018 0.03595168 0.03652887 0.03417852
0.04341869 0.03655489 0.03440542 0.03657937 0.0356572
0.03177353 0.0340965 0.03613896 0.03262868 0.03680311
0.04015557 0.04546325 0.0382146 0.03693088 0.03327526
0.04084606 0.03519479 0.03209155 0.03305731 0.03746661
0.03384363 0.03323057 0.03779092 0.03805967 0.03667925
0.03314913 0.03561466 0.04303923 0.03549498 0.03907242
0.03080527 0.02983951 0.03681382 0.03678918 0.03664011
0.03455339 0.03534498 0.04108942 0.03070307 0.04000452
0.03589678 0.04339413 0.04091661 0.0391906 0.03373997
0.03575355 0.03829886 0.03897837 0.03427267 0.03737259
0.04140385 0.0432447 0.03362649 0.03716851 0.03688296
0.03636382 0.03790726 0.03764552 0.03654595 0.03963275
0.03710857 0.03522393 0.03523524 0.03021012 0.03824063
0.03397897 0.03248796 0.03753097 0.03474936 0.04198176
0.03565277 0.04222942 0.03272429 0.03915822 0.04413184
0.02979637 0.0303624 0.03650376 0.03513136 0.03920278
0.03681416 0.04241327 0.0416145 0.03421803 0.04141345
0.03789222 0.03301688 0.03522369 0.03969049 0.03528927
0.03769499 0.0362784 0.03879604 0.03269257 0.04330265
0.02821849 0.03406942 0.03879176 0.04000832 0.03637794
0.03184309 0.04010906 0.03608119 0.03779904 0.03867103
0.03712484 0.03400159 0.04209049 0.03416768 0.03418953
0.02691075 0.04113426 0.0359667 0.03453547 0.03497007
0.03906913 0.02978276 0.03581065 0.03811835 0.03625683
0.04116159 0.03635972 0.03555467 0.03713082 0.04312737
0.03681265 0.03699972 0.03969792 0.03505236 0.03408122
0.03155269 0.04021252 0.03888162 0.03614381 0.03622152
0.03870406 0.03840242 0.0391724 0.03539087 0.03722289
0.03655262 0.03540989 0.03637777 0.04331382 0.04018695
0.03735137 0.03474939
