0.04214906 0.02690104 0.04191418 0.04343436 0.03838302
0.04081298 0.04108313 0.0396035 0.03986162 0.04166671
0.0400294 0.04697415 0.03863378 0.03748133 0.03880521
0.03859001 0.04415851 0.04182783 0.04398312 0.04360154
0.0360649 0.03812799 0.03879272 0.04635215 0.0470344
0.03729782 0.04145147 0.04456363 0.03783525 0.0451327
0.03579818 0.04070907 0.04128521 0.03705126 0.03488732
0.04128005 0.04338161 0.037209 0.04025491 0.04021423
0.04441137 0.03967254 0.03991188 0.04562915 0.04246749
0.03849179 0.04135988 0.03542696 0.04338435 0.04312671
0.03559955 0.03865202 0.03999964 0.03685814 0.04154852
0.0380445 0.03756357 0.04013899 0.04173315 0.04587095
0.04133147 0.03818977 0.03935385 0.03856656 0.0451848
0.03710712 0.03734197 0.03744202 0.04182852 0.04521126
0.04317213 0.04076875 0.04132092 0.04475651 0.0421492
0.03805441 0.03731691 0.03494326 0.04188461 0.03932318
0.04378196 0.0428942 0.04146166 0.04582536 0.03923163
0.04439435 0.03962489 0.03830437 0.04388812 0.03798867
0.04322816 0.04297126 0.04532527 0.0363506 0.04012286
0.04250728 0.04233475 0.04003826 0.04236859 0.03989621
0.04244476 0.037789 0.04385551 0.03682118 0.03781098
0.04461644 0.04149368 0.04330837 0.03454528 0.04225522
0.04522331 0.03985397 0.03832916 0.0427639 0.04889309
0.04071132 0.03801064 0.04391401 0.0377781 0.04368091
0.03714805 0.03427052 0.03977007 0.03911111 0.04057711
0.04589356 0.03658707 0.04043902 0.04046323 0.03742355
0.04195215 0.04322837 0.03715959 0.03576519 0.03997853
0.03891014 0.04171935 0.04034582 0.0462324 0.04114465
0.04176269 0.0373168 0.04597531 0.0364491 0.04036264
0.03949991 0.04084903 0.03768658 0.0427687 0.04133258
0.04013143 0.03089828 0.03610811 0.04065378 0.03645836
0.04183138 0.04136333 0.04079513 0.03961214 0.04486549
0.04169979 0.04334228 0.04198177 0.03691572 0.04105516
0.04190084 0.03995196 0.04420498 0.0412394 0.04111347
0.03751025 0.03852517 0.04155613 0.03953751 0.04240555
0.03923554 0.03467224 0.04143397 0.04424323 0.0409812
0.04103719 0.03931941 0.03620053 0.03829249 0.04409592
0.03527049 0.04510547 0.04064581 0.04361154 0.04226132
0.04411404 0.04261892 0.03810845 0.03681306 0.04526067
0.04185916 0.05028524 0.04521378 0.04086699 0.04074239
0.04474077 0.03985013
