0.03610506 0.02566373 0.03728494 0.03327679 0.03553216
0.0345802 0.03266823 0.03114712 0.02524785 0.03034264
0.03309977 0.03800847 0.03308927 0.03674821 0.0361731
0.03050847 0.03667245 0.03999932 0.03998762 0.03382618
0.04039628 0.03336889 0.03298907 0.03204225 0.03331018
0.03445611 0.03277073 0.03953701 0.03262928 0.03642598
0.03912624 0.03623581 0.03437549 0.02851695 0.03392939
0.03151578 0.03325122 0.03767789 0.04015922 0.03900474
0.03502667 0.03716164 0.03821328 0.03841642 0.02918786
0.03641174 0.04053657 0.03945642 0.03119634 0.03910771
0.03515644 0.04132066 0.03809148 0.03744824 0.03883976
0.03018236 0.03214207 0.03477586 0.03593089 0.04137009
0.03217483 0.03118673 0.03855915 0.03371495 0.04382663
0.03191744 0.03258484 0.03958702 0.04085384 0.03836852
0.03800169 0.03417151 0.03474344 0.0279797 0.03190184
0.03959477 0.03277367 0.03841205 0.03785452 0.04293557
0.03181755 0.03071193 0.0383434 0.03429245 0.03849019
0.03127771 0.03253509 0.03572795 0.03400513 0.03690543
0.03100927 0.03562815 0.03752568 0.03473828 0.04388952
0.03945163 0.03553916 0.03204576 0.03510694 0.03881776
0.03138433 0.03374374 0.0330703 0.03321807 0.02929375
0.03553144 0.03612345 0.03137474 0.03581251 0.03490805
0.02946447 0.02759672 0.029833 0.03486294 0.03196618
0.03297339 0.03953684 0.03365269 0.03606732 0.02727645
0.03801306 0.03183776 0.03339263 0.03800531 0.03854055
0.03167148 0.03675054 0.04129544 0.03783574 0.03399617
0.03241789 0.04354885 0.02827157 0.03524909 0.0439578
0.03511718 0.03605061 0.03321386 0.03185555 0.03872132
0.03063296 0.03339769 0.03462174 0.02909174 0.03940819
0.0349091 0.03657642 0.03073367 0.03907624 0.04427125
0.03236891 0.03447141 0.03233921 0.03351157 0.03589022
0.03387988 0.03077125 0.03646047 0.03252706 0.03694374
0.03280401 0.0264592 0.0398349 0.03537482 0.03145364
0.03131558 0.03415926 0.03450156 0.03422088 0.03123948
0.03204121 0.03856543 0.03811933 0.03586453 0.03744264
0.03273131 0.03801896 0.03232198 0.03531987 0.03498722
0.03998982 0.03393228 0.0357411 0.03349652 0.03591127
0.03589652 0.03428529 0.03345298 0.03260539 0.0317935
0.03440101 0.03093857 0.03375395 0.03476707 0.03712071
0.03513901 0.03526382 0.04095019 0.03592377 0.04020014
0.03364311 0.03982398
