0.03685004 0.02476191 0.03447565 0.04216788 0.0372126
0.03885135 0.04124913 0.03527195 0.03941368 0.04170822
0.03422084 0.03483659 0.03685059 0.04133024 0.03365246
0.04394877 0.03754619 0.03953309 0.03388476 0.03775782
0.03166771 0.03760538 0.03787365 0.03903123 0.04257239
0.04107701 0.0390624 0.04264181 0.04012016 0.04550053
0.03729333 0.03675557 0.03356062 0.04178841 0.03450656
0.03629208 0.03890767 0.03410969 0.03980368 0.0374415
0.04432551 0.04086632 0.03565455 0.03679188 0.04179698
0.03490879 0.03980001 0.03551577 0.0313741 0.03994668
0.03369998 0.03578504 0.04186589 0.04352826 0.04269665
0.04430641 0.0374033 0.03634553 0.04080385 0.03584564
0.03288349 0.036794 0.03409032 0.03483241 0.04254187
0.03849209 0.03915781 0.03355605 0.03346903 0.0370456
0.03842573 0.03258442 0.04641518 0.04314382 0.03285665
0.03709813 0.03980406 0.03895171 0.03690516 0.04076153
0.04893342 0.03954293 0.03491589 0.03609165 0.03447438
0.0326357 0.03686927 0.03391939 0.03547726 0.03808212
0.03478377 0.03673177 0.03739351 0.03837518 0.03712207
0.03592451 0.03081083 0.03256891 0.04181798 0.04004175
0.03518587 0.03637803 0.0456432 0.03908657 0.03790243
0.03051599 0.03230963 0.03552551 0.0412945 0.04097747
0.03831983 0.03367099 0.03378855 0.03123971 0.0380342
0.03855898 0.03918933 0.03595092 0.03174502 0.04119055
0.03589838 0.03783159 0.03999827 0.034617 0.03372661
0.03198289 0.04584026 0.0425187 0.03898516 0.03222029
0.04173647 0.03950797 0.03870976 0.03365578 0.03672237
0.0318677 0.03302769 0.02875854 0.03723792 0.0359131
0.04142252 0.03837751 0.03723171 0.04025562 0.03532682
0.03825443 0.0358846 0.04249546 0.03027273 0.0374552
0.03423659 0.03597908 0.03616086 0.03616864 0.04138537
0.03321957 0.04158479 0.04188787 0.03862922 0.03456689
0.03826642 0.0347545 0.0362458 0.03554988 0.03255094
0.03758682 0.03625818 0.03541226 0.03768294 0.03730513
0.03781984 0.040421 0.05025127 0.03614501 0.03771889
0.03266966 0.037791 0.03779357 0.04208151 0.0336252
0.03165564 0.03365443 0.03722624 0.04225278 0.03816349
0.03885011 0.03522439 0.03851773 0.03579375 0.03550362
0.03580326 0.0326297 0.03670695 0.04679545 0.03440583
0.03617296 0.04012021 0.03510596 0.03613447 0.03676081
0.03821886 0.03454515
