0.03774449 0.02603248 0.03850516 0.04048175 0.03824624
0.0405696 0.03644448 0.04165976 0.03838518 0.03060657
0.03547826 0.04143522 0.03984574 0.03535261 0.03923009
0.03496549 0.0383075 0.03741062 0.04350277 0.03821081
0.03682252 0.03556955 0.03913985 0.0313167 0.04140532
0.04285515 0.03989175 0.03622607 0.04210023 0.04179327
0.03653864 0.03515155 0.03488686 0.03442037 0.0429242
0.03926558 0.03311769 0.03989875 0.04124245 0.03887315
0.03849039 0.03836535 0.03635082 0.0369895 0.04498605
0.03791281 0.04362675 0.03932712 0.03857306 0.03471949
0.03451687 0.0395501 0.03866433 0.03921215 0.03988048
0.04534926 0.03178632 0.03751584 0.03479806 0.03952474
0.03538807 0.03497009 0.03915916 0.03929079 0.04104113
0.03653509 0.03629241 0.03685456 0.03360347 0.03741678
0.03977216 0.03616898 0.0409683 0.041118 0.03882935
0.03925523 0.03937777 0.03583022 0.03593038 0.04033086
0.03863866 0.04432558 0.033684 0.03381947 0.03954822
0.04092731 0.03973689 0.04036537 0.0402801 0.03998417
0.03665225 0.03714258 0.03823268 0.0448813 0.03972905
0.03678052 0.03784597 0.03487011 0.03960561 0.04357182
0.03921905 0.03772021 0.03879204 0.04066042 0.04131962
0.04114621 0.03485041 0.04045548 0.04284057 0.03623101
0.04326492 0.03973751 0.03845385 0.0398213 0.04094104
0.03624943 0.03904558 0.0351402 0.03888743 0.03384003
0.03838756 0.03655579 0.0408092 0.04026428 0.04131973
0.03644729 0.0422711 0.03845779 0.04192428 0.04187331
0.04620774 0.04191608 0.03827391 0.0352545 0.04026514
0.03859617 0.0432294 0.04024713 0.04591591 0.03921594
0.03899845 0.03802666 0.04182248 0.03705327 0.03914518
0.04548323 0.03832477 0.03876731 0.04265111 0.03622197
0.03925534 0.03714568 0.04111537 0.03973981 0.03556695
0.03928302 0.03739587 0.0387637 0.03653987 0.03787568
0.03861095 0.04070492 0.04509696 0.04465933 0.04328248
0.03576627 0.04240304 0.03652098 0.03879166 0.04063936
0.03762956 0.04254818 0.04144343 0.03952143 0.04002958
0.03609867 0.04099129 0.04496068 0.04011425 0.03572449
0.04200813 0.03868852 0.03732378 0.04047468 0.03749478
0.03736149 0.03972578 0.04091184 0.03622443 0.03929504
0.03696575 0.03871726 0.03383166 0.03616309 0.04449666
0.04301654 0.03480905 0.03471582 0.03987642 0.03975197
0.03810127 0.03920007
