0.03887238 0.0247748 0.03802501 0.03819613 0.03312966
0.03976502 0.03444977 0.04151558 0.03570664 0.03671147
0.03791111 0.03857116 0.03335656 0.03789358 0.04056634
0.03664706 0.03917656 0.03961951 0.03779725 0.03920841
0.0371265 0.03506807 0.03596093 0.03705847 0.03609052
0.03655939 0.04105359 0.03751676 0.03653382 0.03912305
0.03577601 0.03395969 0.03715691 0.03028098 0.03961277
0.0381408 0.03825321 0.04028138 0.03852384 0.03667756
0.03822864 0.03765134 0.02897382 0.0333579 0.04354801
0.03716863 0.03235124 0.0392615 0.03380866 0.03687124
0.03492811 0.03599388 0.04363127 0.0464673 0.04057773
0.02530467 0.03852885 0.03594955 0.03362616 0.04249742
0.04335582 0.03399407 0.03905056 0.03524564 0.04037402
0.04262296 0.03871854 0.0376939 0.03864572 0.03638853
0.03693473 0.03548868 0.03865687 0.03932071 0.03953515
0.04307541 0.0340374 0.03893192 0.04687512 0.03713805
0.0367578 0.03750538 0.03589864 0.03772355 0.03687205
0.03919359 0.03797283 0.03521681 0.03502754 0.03967519
0.03536163 0.04055826 0.03812088 0.03686961 0.03550953
0.03665319 0.03427548 0.03465205 0.03690566 0.03659705
0.03534734 0.03112635 0.0361325 0.04247558 0.03424674
0.03447248 0.03542465 0.03260294 0.03477262 0.03722197
0.03557988 0.03715487 0.03783775 0.038285 0.03120468
0.02659847 0.03800452 0.03633528 0.03599735 0.03948708
0.03584192 0.03030947 0.04075537 0.0372151 0.042268
0.03895033 0.03612046 0.03843812 0.03630106 0.0388114
0.04632963 0.03042455 0.03828783 0.03480457 0.03816047
0.03319818 0.03226905 0.03539422 0.0345848 0.04326766
0.03593299 0.03300305 0.03262566 0.03137289 0.0367265
0.03491882 0.0428024 0.03953996 0.03569506 0.03674113
0.03705414 0.03464794 0.03570702 0.04058258 0.03510162
0.02824252 0.03476334 0.03997751 0.04247168 0.03296871
0.03528098 0.03455402 0.03274354 0.03706426 0.03700265
0.03352964 0.03906946 0.03708471 0.03647542 0.03871016
0.03529543 0.03503924 0.03363315 0.03530291 0.03927196
0.03307598 0.03459072 0.03827507 0.02981406 0.03680935
0.04059624 0.03848463 0.0373679 0.03382612 0.03792127
0.03888609 0.04128209 0.03749721 0.03427452 0.0364018
0.04225527 0.03764622 0.0389641 0.03793176 0.03393275
0.03501107 0.03761301 0.03518073 0.04044109 0.03573641
0.03402055 0.03320691
