0.03595641 0.02490062 0.03556315 0.05308454 0.03589289
0.02218575 0.03381136 0.03893868 0.03579039 0.03022142
0.03433996 0.02707434 0.03966591 0.03664556 0.02387863
0.03737087 0.03746297 0.03396955 0.03557178 0.03404143
0.03533972 0.03505345 0.03504478 0.03266056 0.02966618
0.03756179 0.02674642 0.04110042 0.0348704 0.03589138
0.03342704 0.03380764 0.03174732 0.0326025 0.03600641
0.0265443 0.03748344 0.03456497 0.03705102 0.03667514
0.04171391 0.0377794 0.02408139 0.03795825 0.04323936
0.03665892 0.03628125 0.03330348 0.04044626 0.03479616
0.03087071 0.04030069 0.03490209 0.03714616 0.04325563
0.02768878 0.04192043 0.03806532 0.0403165 0.03684228
0.03753246 0.03169262 0.03818911 0.02208171 0.03299939
0.02656304 0.0332948 0.04361687 0.04275676 0.04153943
0.03731157 0.03560601 0.03430182 0.03425031 0.03650031
0.03544045 0.03046569 0.02955764 0.03996215 0.03934419
0.03679635 0.03477539 0.03511339 0.04841551 0.03044922
0.03511594 0.03859257 0.02968247 0.03137412 0.03231708
0.03787438 0.03163764 0.03607125 0.03634684 0.03526585
0.04028293 0.03549656 0.02851482 0.02440147 0.03569985
0.02842099 0.0380877 0.03376363 0.03766493 0.03089929
0.03237229 0.03530993 0.0321662 0.04193348 0.03800653
0.03222468 0.04538773 0.03397611 0.03541248 0.02757925
0.02415088 0.03166775 0.0341382 0.03314929 0.037166
0.03491878 0.0356072 0.03104162 0.03801234 0.03599002
0.03524332 0.03348227 0.0329858 0.03939354 0.03805025
0.03131919 0.03768994 0.03346329 0.03625611 0.02857004
0.02722503 0.03492503 0.03394892 0.03190084 0.02530086
0.0394235 0.035721 0.03338499 0.0364047 0.03809071
0.03265928 0.03272569 0.0364153 0.04668984 0.03108707
0.04361785 0.04075215 0.03617984 0.03914543 0.03170502
0.03391403 0.03500325 0.03184189 0.03216723 0.03726098
0.03621494 0.03205488 0.03031402 0.0384879 0.03679509
0.03587544 0.0307434 0.03735846 0.03527917 0.03539877
0.0380805 0.04062462 0.03584954 0.03373754 0.03238794
0.03596147 0.03526793 0.03964658 0.03634242 0.04254519
0.03453474 0.04589989 0.03591513 0.03851824 0.03261446
0.03617121 0.03463608 0.03386294 0.02954609 0.03910424
0.04245607 0.02577212 0.03808124 0.03363671 0.03458354
0.02807748 0.03801747 0.04016877 0.03555005 0.03234945
0.02963671 0.03945518
