0.04083497 0.02651117 0.0406582 0.04865905 0.04325968
0.03940651 0.03771661 0.0401056 0.04238513 0.04167206
0.04268182 0.03374905 0.04332326 0.03553696 0.04353507
0.03474185 0.03874357 0.04621422 0.0431685 0.04552669
0.0430718 0.03935259 0.03438718 0.04287922 0.04221634
0.03748767 0.0394697 0.03622382 0.04195586 0.03937626
0.03637252 0.03840971 0.03716919 0.03663878 0.04683288
0.0390183 0.04331814 0.04172971 0.03741626 0.03820495
0.04467124 0.04200991 0.04020124 0.04082838 0.03661928
0.04125088 0.04197925 0.04363581 0.03633988 0.04165461
0.04268147 0.03592156 0.03348542 0.04491391 0.0355843
0.03761347 0.04165104 0.03489525 0.04290749 0.03262546
0.04007052 0.03551402 0.04166685 0.03685448 0.03715267
0.03768215 0.04517787 0.03792839 0.03712208 0.03891571
0.03716223 0.03379906 0.04222187 0.03819517 0.04475044
0.04503217 0.04043812 0.04887444 0.03964203 0.04483503
0.03972366 0.03615279 0.03805956 0.04320006 0.04206227
0.03953627 0.03631588 0.04065405 0.03691008 0.0420944
0.04099588 0.04763946 0.04717011 0.03750102 0.04147816
0.04514809 0.03930713 0.04787747 0.03742873 0.04488702
0.03797994 0.04634378 0.04112637 0.04000351 0.04170178
0.04561445 0.03754322 0.04612012 0.04051306 0.03812637
0.03844354 0.04012943 0.03947846 0.04168062 0.04049987
0.04216643 0.03165439 0.03517991 0.04220564 0.03621728
0.03813547 0.04148597 0.04710632 0.04011908 0.04178081
0.0469234 0.04628794 0.03968551 0.04148701 0.04376467
0.03393851 0.03825714 0.04193149 0.03594882 0.03748152
0.04031378 0.03992857 0.03997615 0.03982309 0.03538387
0.04368729 0.03496088 0.04130706 0.04190525 0.04271361
0.0410749 0.0343782 0.03794269 0.05025629 0.03346322
0.02938653 0.04354368 0.03896251 0.04039364 0.03517574
0.04065907 0.04591309 0.04207448 0.03515922 0.04233396
0.03686398 0.04040061 0.03862394 0.04335251 0.04462782
0.04345467 0.03621261 0.04757959 0.04039435 0.03897592
0.03822114 0.0404234 0.04216799 0.03995623 0.03578193
0.03505871 0.0418102 0.04059556 0.03666855 0.03955304
0.04405329 0.04447735 0.03935444 0.03382 0.04234851
0.04116445 0.04306581 0.04324643 0.03914172 0.04440755
0.03963882 0.04525311 0.03926533 0.04272782 0.04057873
0.04527202 0.04285029 0.03816148 0.04080033 0.04181931
0.03613679 0.03376209
