0.03898265 0.02721112 0.04150663 0.03715077 0.04222929
0.03957562 0.04160652 0.03991227 0.03936092 0.04170497
0.03801003 0.04562546 0.04347946 0.04050837 0.03805395
0.04234722 0.03893326 0.04021866 0.04323601 0.03688465
0.03896676 0.0422959 0.04303075 0.04067039 0.0384513
0.03478787 0.04077417 0.03621568 0.04277537 0.03731754
0.04305723 0.03763642 0.04035761 0.03967269 0.03665809
0.04079339 0.03725262 0.03810842 0.04134697 0.04310011
0.04351987 0.04390575 0.04283097 0.03869977 0.03998473
0.04272888 0.04001953 0.04199514 0.04361183 0.04389145
0.04016038 0.04061865 0.04389838 0.03788292 0.03849438
0.04432627 0.03875858 0.04391335 0.03500061 0.03467601
0.04174273 0.03110408 0.03449501 0.04151946 0.04311925
0.03868594 0.04048501 0.03861005 0.03649164 0.04050849
0.04052481 0.03802162 0.04235538 0.04008371 0.03681373
0.03813375 0.04196481 0.03991601 0.037245 0.0411471
0.03888099 0.03402242 0.03686917 0.04294766 0.03790098
0.03908755 0.0422226 0.03743174 0.0423193 0.03858569
0.04093525 0.04413554 0.03946251 0.03610333 0.0403139
0.03717843 0.04106739 0.04174426 0.04241179 0.03938306
0.04548588 0.04200949 0.04556802 0.03884023 0.03753403
0.0429917 0.03889385 0.03791246 0.04473212 0.04198074
0.03822851 0.04025684 0.03478184 0.04113395 0.03860976
0.0415437 0.03473003 0.03341716 0.04079275 0.04807926
0.04212901 0.03826254 0.03894175 0.03907268 0.04002539
0.0404741 0.04027957 0.03869085 0.03854408 0.0378443
0.03791134 0.03937618 0.03667466 0.03528113 0.03636675
0.0347445 0.04214693 0.03883835 0.03518976 0.03976838
0.04200602 0.04099955 0.0402525 0.0433494 0.03992187
0.04197594 0.04141201 0.03864206 0.03415917 0.04070829
0.03594793 0.0410138 0.03650559 0.04057978 0.04220206
0.03586072 0.03851936 0.0391621 0.03997168 0.04386857
0.04339445 0.03861543 0.04073093 0.04455452 0.03713143
0.03856293 0.0391552 0.03610021 0.03707216 0.03666196
0.03920698 0.0381106 0.03527321 0.04163828 0.04115459
0.03560708 0.04113392 0.03892167 0.03910897 0.03889678
0.0368693 0.03701821 0.04324193 0.04086721 0.04282067
0.04317177 0.03676462 0.03724937 0.03532231 0.03982572
0.03968634 0.03857717 0.03849368 0.0395797 0.04142813
0.03866514 0.04443346 0.04032262 0.03820829 0.04029617
0.03543049 0.0437196
