0.04314969 0.02681008 0.04574091 0.03682555 0.04263713
0.04176286 0.03340376 0.04277177 0.04054522 0.0488802
0.03851284 0.04070945 0.04208302 0.04689138 0.043299
0.04568377 0.03991297 0.04660967 0.04169006 0.04686177
0.04139484 0.03948791 0.0394643 0.03831405 0.03624259
0.04038035 0.0413982 0.04078574 0.0440285 0.04773011
0.03619978 0.04544186 0.03872133 0.0428412 0.04138709
0.04191157 0.0439615 0.03896904 0.04577474 0.03992937
0.04309163 0.04461816 0.03913032 0.03867608 0.04015304
0.04639231 0.03865335 0.04041216 0.04148401 0.04066289
0.03814438 0.03818962 0.03785138 0.04109514 0.0436077
0.0388736 0.04537053 0.04035459 0.03933033 0.04105045
0.04203677 0.04485232 0.03977987 0.05038994 0.04441001
0.03870388 0.03864547 0.04009449 0.04960121 0.04055008
0.03304718 0.03577307 0.03762657 0.04097802 0.0488885
0.04486286 0.03982113 0.03986321 0.03550021 0.03688352
0.04303504 0.04457356 0.0481184 0.0456999 0.0419847
0.03764718 0.04430973 0.03885919 0.04300677 0.04406352
0.04749684 0.04548325 0.04203741 0.0433945 0.04392887
0.04045231 0.04262795 0.04619454 0.03899054 0.04170771
0.04176677 0.03651819 0.04774323 0.04452347 0.04113858
0.04215699 0.03978047 0.04132218 0.0420624 0.04030726
0.03587861 0.03863721 0.03860187 0.04038754 0.03837688
0.03805545 0.03709142 0.04615123 0.04884484 0.0407218
0.04686319 0.04014135 0.03877442 0.04014097 0.04274225
0.04220835 0.03567101 0.03968786 0.03983923 0.03518437
0.03967673 0.04416228 0.0393684 0.03977697 0.04541535
0.04276279 0.04469789 0.04408351 0.03871465 0.04578446
0.04360734 0.03823171 0.03909706 0.03852148 0.04180172
0.03896475 0.04500832 0.04159995 0.0426471 0.04745168
0.04728669 0.04023453 0.04374631 0.03983506 0.04217139
0.04660155 0.04136454 0.04095992 0.03794429 0.04367648
0.04640388 0.04527311 0.04094431 0.04519767 0.04817027
0.04389254 0.03181266 0.04782756 0.04326282 0.03596031
0.04634004 0.04270088 0.04645029 0.04356416 0.03984033
0.04524985 0.0381649 0.04545894 0.03749175 0.03916565
0.03953246 0.04183599 0.04562338 0.04942309 0.03949062
0.03902217 0.04227581 0.04427681 0.03837459 0.0435253
0.03841313 0.04081648 0.04461319 0.04423261 0.03966103
0.04595468 0.04376692 0.04002484 0.04117333 0.04512018
0.04321319 0.04101226
