0.04303386 0.02748245 0.04582674 0.04171621 0.04152106
0.04303429 0.04101634 0.04104002 0.041158 0.04183666
0.0441068 0.04350335 0.04435593 0.04291267 0.0426144
0.04224971 0.03902533 0.04186961 0.03649243 0.04304087
0.04531199 0.0427525 0.04662272 0.03867276 0.04119202
0.04033694 0.0405118 0.04940931 0.04945054 0.03926069
0.04720734 0.04104453 0.04152596 0.03457538 0.04221995
0.03990347 0.0392878 0.03884066 0.04826684 0.04494085
0.04453788 0.03913996 0.0374713 0.04521431 0.05018572
0.04008135 0.03804619 0.04572269 0.04159335 0.04000131
0.04294629 0.04219522 0.04310096 0.03700121 0.04708245
0.04188264 0.04017989 0.04800831 0.04734841 0.03863511
0.04094035 0.04039468 0.04597026 0.04618161 0.04681714
0.04129529 0.04147108 0.04025598 0.04327201 0.04114665
0.04615618 0.04795589 0.04437148 0.04316909 0.04675513
0.03881891 0.04242669 0.0474001 0.04356268 0.04354708
0.03881562 0.04207069 0.03841915 0.03426279 0.03983
0.04789496 0.04602638 0.03842652 0.04256275 0.04548483
0.04761464 0.04168168 0.04041952 0.03998671 0.04656598
0.04194195 0.04424674 0.04325011 0.03958284 0.04800978
0.04748436 0.04620696 0.04847504 0.04074665 0.04514765
0.04902406 0.04149009 0.03646897 0.04383683 0.04167679
0.04658868 0.04335007 0.03912546 0.0377364 0.04551407
0.0447978 0.04169352 0.04653927 0.04318845 0.04159494
0.04570816 0.04184043 0.04053161 0.04389145 0.04247942
0.04426571 0.04430059 0.04568521 0.03933053 0.04329517
0.04902484 0.04858592 0.04147083 0.04171036 0.04029711
0.04653829 0.04048037 0.0388008 0.03720312 0.05013406
0.04572924 0.04349913 0.03930446 0.04066572 0.0427742
0.04346779 0.04446869 0.04427782 0.04092883 0.04433619
0.04302104 0.04027722 0.03645251 0.04318208 0.03913478
0.04184769 0.04364162 0.04343181 0.04508813 0.04231158
0.04331398 0.04143494 0.04486153 0.04570137 0.04548486
0.04496995 0.04497367 0.04912668 0.04955432 0.0411258
0.04695205 0.04843871 0.04260344 0.04881783 0.03965252
0.04169454 0.04750524 0.04364719 0.04669458 0.04129292
0.04146055 0.04419607 0.04584364 0.04093097 0.04092124
0.04395602 0.04752076 0.03954576 0.0431258 0.03830422
0.03999097 0.04477805 0.03553288 0.04201835 0.04113781
0.04333458 0.03783439 0.0426328 0.04723069 0.0427366
0.0422949 0.04060157
