0.03692035 0.02464915 0.03875051 0.03512699 0.03920156
0.04166783 0.03513081 0.03472701 0.03917586 0.0422649
0.03515555 0.03160212 0.03339471 0.03350064 0.03491296
0.03757447 0.03039222 0.03375295 0.03860623 0.03307211
0.03837818 0.03798096 0.04396188 0.03683271 0.03433196
0.03853887 0.0359951 0.0319737 0.03239706 0.03035951
0.03845518 0.0386544 0.03471972 0.03279973 0.03290962
0.037796 0.03401904 0.03817262 0.03361108 0.03717822
0.03534564 0.03795261 0.03983988 0.03465416 0.03590546
0.03005275 0.03307184 0.0382336 0.02861542 0.03533979
0.04186719 0.0349724 0.03559937 0.03993881 0.03753127
0.02892895 0.03854313 0.03656023 0.03660379 0.03783093
0.03519198 0.03099903 0.03673105 0.03347622 0.03280869
0.03447368 0.03197662 0.03673149 0.03341037 0.03959363
0.03681288 0.03962363 0.03268994 0.03582245 0.03850782
0.03498081 0.03522014 0.03732377 0.03819066 0.0370647
0.04091001 0.03153487 0.03833033 0.03565846 0.035986
0.03929975 0.0394104 0.0349344 0.03366787 0.03208967
0.03637608 0.03518719 0.0396425 0.03736581 0.03430979
0.03295805 0.0369702 0.03828989 0.03854615 0.04135645
0.03473364 0.03712016 0.03677717 0.03845287 0.03427429
0.03878547 0.0335271 0.03275638 0.03552381 0.03876486
0.03491701 0.03672886 0.03585211 0.04127132 0.03933669
0.03401449 0.04032511 0.03399474 0.03356098 0.03306052
0.03691712 0.04137271 0.04056203 0.03627393 0.03902937
0.0322609 0.04269159 0.03144653 0.04087267 0.03728595
0.04071577 0.02998728 0.03577882 0.04070449 0.04176909
0.03397191 0.03983432 0.03050438 0.03898924 0.03309315
0.03287463 0.03703796 0.04123838 0.0301042 0.03419561
0.03389202 0.03469369 0.03736713 0.03394037 0.04223832
0.03435787 0.03414558 0.04015784 0.03117574 0.03015474
0.03775785 0.03639416 0.03631162 0.03677447 0.03858442
0.02904297 0.03232799 0.04065926 0.03660649 0.0343637
0.0411783 0.04255136 0.03871636 0.03514292 0.03735115
0.03319736 0.03364993 0.04059135 0.03626935 0.03368477
0.03774776 0.04012861 0.0342452 0.03320776 0.03830959
0.0316958 0.03441976 0.03737729 0.03368652 0.03555106
0.03911403 0.03808585 0.040385 0.03438518 0.03746979
0.03694406 0.03428476 0.03533568 0.03374139 0.0317756
0.03484204 0.03219306 0.03493979 0.03057187 0.04290092
0.03633826 0.0350702
