0.04372257 0.02965496 0.04457585 0.05058218 0.04546671
0.04305194 0.04526933 0.04419133 0.04466351 0.04443717
0.04578209 0.04354638 0.0395214 0.04680595 0.04922502
0.04427861 0.0459567 0.04558943 0.04326062 0.04307102
0.04098763 0.04307458 0.04984902 0.03962257 0.04363233
0.04124017 0.03989671 0.04089361 0.04500879 0.04048741
0.0447016 0.04241455 0.04270674 0.04481608 0.04594303
0.04513289 0.04758068 0.04386066 0.04345673 0.0422016
0.0431363 0.04260628 0.04190866 0.04636807 0.04215285
0.04206829 0.04332677 0.04316779 0.04470717 0.04178371
0.04569122 0.03828645 0.0453711 0.04136125 0.0396457
0.04595908 0.03756125 0.0468527 0.04449087 0.04554824
0.04428406 0.04546474 0.04304269 0.04397298 0.04515527
0.04430042 0.04346468 0.05011677 0.04776201 0.04781849
0.04332004 0.04846578 0.04308424 0.03994842 0.04614168
0.03882447 0.04423706 0.04524291 0.03921748 0.04500519
0.04602355 0.04252467 0.04126673 0.049462 0.04173922
0.0440457 0.04129011 0.04311781 0.03970642 0.04400256
0.04433336 0.04498678 0.048178 0.03985751 0.04272125
0.04247398 0.04325295 0.04785763 0.04574326 0.04361856
0.04452625 0.04108675 0.03995729 0.04400799 0.04087944
0.04815283 0.04107541 0.04798039 0.04345853 0.04582981
0.04414747 0.04504627 0.04393591 0.05075721 0.04197479
0.04193551 0.05581894 0.04499096 0.04961719 0.04074239
0.04335649 0.04346392 0.04499237 0.04198926 0.04253048
0.04613577 0.04663613 0.04587828 0.0375529 0.04057855
0.04378735 0.04135801 0.04267665 0.04419963 0.04958652
0.03767819 0.04621065 0.04677936 0.04220893 0.04172016
0.04517436 0.04281682 0.04475921 0.04515916 0.04070997
0.03820294 0.0390736 0.0432786 0.0451981 0.04678312
0.04205327 0.04011301 0.04691075 0.04492477 0.05233788
0.04258094 0.04190999 0.04495086 0.06750603 0.04289459
0.04310975 0.04611657 0.0468711 0.04533235 0.04604241
0.03752812 0.04401365 0.04784975 0.04058555 0.03937455
0.04135477 0.04917155 0.03999911 0.04193276 0.04344952
0.04462726 0.04011405 0.04728386 0.04484444 0.04460042
0.04757782 0.0447176 0.04350278 0.04275362 0.04396491
0.04715265 0.03847745 0.04552766 0.04410102 0.04133973
0.04740195 0.04365447 0.04630805 0.04451335 0.04298598
0.04184668 0.04736778 0.04084328 0.04747782 0.04278644
0.04818555 0.03877799
