0.04077681 0.02699142 0.03885798 0.03819445 0.04400766
0.04364912 0.04046095 0.04038029 0.0404306 0.03726324
0.04300562 0.03712072 0.04266376 0.0361912 0.04294723
0.04390602 0.03615846 0.03860948 0.04037622 0.03849325
0.04057619 0.04170418 0.04254749 0.03807208 0.04039513
0.03841886 0.03921581 0.03321915 0.03808466 0.04102418
0.04617156 0.03731439 0.04007529 0.03515958 0.04030155
0.03904128 0.03890749 0.040618 0.04650139 0.04768782
0.04010308 0.03898551 0.03704422 0.04022518 0.03951144
0.03995231 0.04064187 0.04086561 0.04146283 0.03911052
0.0368246 0.0391458 0.04228856 0.04163815 0.04715969
0.04083301 0.04228948 0.04108852 0.03528354 0.04032452
0.04385159 0.03823566 0.03893911 0.03801 0.04460541
0.03770482 0.04039806 0.04453375 0.042834 0.03844717
0.03867569 0.04506967 0.03802374 0.04884617 0.04490548
0.03757431 0.04013298 0.04591324 0.03972299 0.04277606
0.03891433 0.04306634 0.04241387 0.04185588 0.04279439
0.03464909 0.04342905 0.03973571 0.03943521 0.04283416
0.04108605 0.04346546 0.03961661 0.04261361 0.04174019
0.03638506 0.03917503 0.04576185 0.0426494 0.0360443
0.03803176 0.03773941 0.03798663 0.04005516 0.04817988
0.03779597 0.04344475 0.04021048 0.04179703 0.03963604
0.0396566 0.04078958 0.04352573 0.03813968 0.03939223
0.04059781 0.04254946 0.04150124 0.03948605 0.04369531
0.04020278 0.03744582 0.0380137 0.04676408 0.03734798
0.04068525 0.04030909 0.03163285 0.03910931 0.03954044
0.03989114 0.03777297 0.03838627 0.04796826 0.03941631
0.04166873 0.04062676 0.03373533 0.0388233 0.03740832
0.03954759 0.03612377 0.0402687 0.04474271 0.03910532
0.03834729 0.03875608 0.04236856 0.03607841 0.03605755
0.03976848 0.04312484 0.04477388 0.03915296 0.0413531
0.04817763 0.03834049 0.03851923 0.03644843 0.04295984
0.03523897 0.0395976 0.03688978 0.03405608 0.037483
0.04260062 0.03857463 0.04695867 0.03984506 0.04257602
0.03642443 0.03350765 0.04084908 0.04051214 0.03718719
0.04363753 0.040094 0.04182575 0.04040057 0.03824181
0.04092623 0.03863694 0.03647791 0.03629046 0.04429466
0.04069007 0.04090375 0.03540573 0.03988054 0.04150844
0.04466679 0.04372008 0.0374693 0.044459 0.03400228
0.03701574 0.03664385 0.04543639 0.03348033 0.03629556
0.04418319 0.04078586
