0.03126124 0.0239028 0.03324321 0.03568094 0.03297052
0.03626421 0.02814639 0.03628792 0.02926058 0.0341331
0.03238535 0.03428241 0.03323021 0.03138586 0.02781971
0.03302618 0.03478614 0.03489558 0.03084261 0.03686822
0.02819208 0.03395908 0.03187964 0.03545101 0.03090799
0.03531817 0.02956351 0.03388729 0.03167106 0.03375832
0.03068128 0.03120961 0.03566406 0.02838823 0.02997042
0.03260198 0.03289176 0.02986015 0.03043659 0.0318912
0.03026086 0.03118505 0.03059317 0.03008465 0.0319156
0.02727743 0.02989203 0.0324863 0.03753915 0.03122457
0.03735031 0.03192122 0.03428317 0.03100417 0.03609012
0.03142824 0.03237552 0.03680461 0.02986805 0.03182755
0.0246142 0.03188275 0.03077411 0.03174778 0.02835623
0.03023885 0.03459994 0.03252307 0.0268372 0.0306119
0.03214404 0.03306274 0.03127602 0.03522074 0.03034475
0.03579196 0.03085164 0.02781159 0.03287321 0.03166347
0.03391617 0.02848932 0.03166599 0.03400887 0.03914513
0.03042778 0.03765001 0.03241409 0.03485652 0.03388156
0.03185406 0.03455449 0.02973763 0.03012908 0.0351536
0.03143323 0.03011366 0.03387885 0.03038515 0.03100425
0.03207166 0.03243916 0.03508256 0.03192752 0.03424498
0.0286254 0.03207539 0.02856366 0.03352712 0.03251762
0.03133676 0.03077377 0.03175236 0.03474393 0.03396332
0.03169267 0.03023145 0.0333435 0.03812988 0.03353783
0.02916858 0.02996512 0.03008037 0.03693105 0.03137565
0.03595443 0.03253497 0.02846575 0.03062195 0.0356504
0.03017614 0.03047346 0.02855338 0.03185235 0.02977116
0.02896088 0.03781178 0.03323842 0.03133272 0.03292377
0.03146414 0.03340226 0.03230356 0.0305719 0.03497786
0.03226075 0.03190989 0.03050514 0.0347036 0.03118203
0.03631402 0.02611607 0.02979849 0.02866851 0.03281553
0.03330082 0.03545742 0.02844098 0.02422647 0.03302922
0.03481795 0.03100904 0.03080946 0.02754139 0.03140891
0.03680196 0.03925731 0.03169211 0.03555524 0.0297044
0.03419612 0.02852145 0.03189396 0.03018529 0.0341504
0.03119165 0.03592185 0.03139154 0.0305019 0.03576688
0.03076428 0.03207625 0.02901432 0.03218628 0.03364661
0.03040874 0.03069284 0.03894713 0.03231568 0.03312126
0.02758421 0.03043807 0.03380504 0.03153929 0.02778823
0.03319086 0.03120261 0.03285804 0.02684511 0.0319268
0.02624613 0.03171635
