0.03731636 0.02614652 0.04063762 0.04155149 0.04239562
0.03626831 0.03731749 0.03644634 0.03789114 0.04389653
0.03722594 0.03750551 0.03933887 0.04365249 0.03572994
0.03754365 0.03718617 0.03611225 0.04184996 0.03803673
0.03667187 0.0309939 0.03992532 0.0419885 0.03944112
0.03916532 0.03919465 0.04055826 0.04063878 0.03797116
0.03368783 0.03964429 0.0371091 0.04245427 0.04094812
0.03439499 0.03116025 0.04512654 0.03679782 0.0315021
0.03789655 0.03818521 0.04676605 0.04143918 0.036611
0.03788943 0.03686664 0.03924722 0.03558375 0.03531747
0.03514854 0.03658166 0.04073016 0.03925102 0.03506229
0.03994728 0.03965431 0.03861926 0.03929946 0.03790191
0.03356282 0.03560686 0.03307043 0.04305762 0.03358273
0.03397499 0.03557314 0.04245568 0.0359451 0.04101304
0.0338286 0.03662077 0.0464832 0.04067389 0.04153853
0.03612361 0.0420375 0.03976366 0.04021707 0.03347956
0.03753854 0.04930009 0.03674459 0.0376549 0.0438605
0.03699546 0.0313967 0.03705837 0.04110779 0.03883925
0.04168389 0.03568726 0.0329588 0.04246793 0.0348324
0.03426115 0.03467764 0.03564444 0.03234013 0.04212061
0.03671204 0.03590221 0.03698169 0.03575284 0.03718908
0.03668471 0.03740355 0.03496455 0.04319668 0.03775316
0.03716528 0.04327567 0.03292147 0.04423988 0.03475157
0.03882363 0.03880264 0.03734683 0.03535314 0.03384782
0.03177263 0.03528887 0.04299588 0.03424888 0.03532691
0.03452215 0.03595812 0.03636692 0.03585197 0.03581155
0.04316771 0.0423808 0.03614609 0.03668676 0.03855739
0.03954639 0.03207148 0.03569391 0.03838354 0.03917826
0.03658957 0.03672725 0.03360982 0.03584481 0.03754546
0.03360972 0.03656062 0.03978966 0.04481829 0.036786
0.03383954 0.04370985 0.03354254 0.04042006 0.03549979
0.04062537 0.035816 0.03818149 0.04160545 0.03390993
0.03508115 0.04036484 0.03271076 0.03391291 0.03537155
0.03716267 0.03438987 0.03801511 0.042868 0.04005662
0.03515209 0.03806967 0.04036191 0.04187723 0.0341439
0.03934231 0.03448455 0.03550571 0.04207294 0.0396339
0.0386301 0.03562384 0.04064506 0.0396775 0.03763136
0.0353289 0.03487277 0.03599648 0.03904651 0.03389584
0.04352947 0.03838475 0.04217408 0.0412372 0.03359478
0.04354726 0.03800558 0.03327597 0.03812899 0.06260429
0.03522107 0.03268272
