0.03842776 0.02639269 0.04247415 0.03718132 0.03726929
0.0393187 0.039329 0.0366488 0.03684272 0.03505693
0.04352564 0.03589535 0.04123881 0.03687912 0.04013463
0.03174512 0.03810675 0.04182693 0.03602262 0.04255342
0.04686855 0.0369019 0.03049079 0.03738969 0.03326773
0.03346308 0.03436208 0.04225825 0.03463175 0.03509577
0.03967867 0.03515049 0.0364836 0.03672383 0.04012964
0.03462292 0.04209982 0.03501631 0.0328799 0.03813928
0.04552872 0.03419145 0.02991503 0.03948916 0.03983746
0.04211432 0.03645398 0.03554508 0.03729557 0.03948759
0.036395 0.03716407 0.03447039 0.03744781 0.03573867
0.03555615 0.03192836 0.03426083 0.04332236 0.03536667
0.03882194 0.029106 0.03454777 0.04613415 0.03865993
0.04137987 0.03859425 0.03933192 0.03737612 0.0395837
0.04512968 0.03183146 0.03906375 0.04101894 0.04068844
0.03570676 0.03272226 0.03884075 0.03926765 0.03765887
0.03883976 0.04446232 0.03718118 0.04038847 0.03880108
0.04180011 0.03768789 0.03624103 0.03086965 0.0374029
0.04332049 0.03884623 0.03374379 0.03210842 0.03877079
0.04419192 0.03591724 0.0401287 0.0417794 0.03596504
0.03696497 0.03868629 0.04122243 0.03298728 0.03597941
0.04165985 0.03879456 0.0379207 0.03434741 0.03899261
0.04270898 0.03971504 0.04337865 0.03582437 0.03499091
0.04002977 0.03889793 0.04093717 0.04107545 0.02971533
0.0370973 0.03970527 0.03821366 0.03301664 0.03838576
0.03986154 0.03321394 0.03666852 0.04006409 0.04185141
0.03494711 0.03484956 0.04209593 0.03582877 0.03478344
0.04090197 0.03681533 0.03999072 0.03615544 0.03566441
0.03701399 0.03920301 0.04309093 0.03891262 0.03738547
0.0400362 0.03738134 0.0408943 0.03937112 0.03719973
0.03944881 0.03909617 0.04057971 0.04043607 0.03668778
0.0354319 0.03605144 0.03954687 0.03349516 0.04240566
0.03683457 0.04152332 0.03770437 0.03599219 0.03583824
0.04299475 0.03354895 0.03852729 0.03622157 0.03846462
0.03241458 0.03999925 0.04189351 0.03732333 0.04188531
0.0406172 0.04454425 0.03462034 0.04150147 0.04127258
0.03988648 0.03516401 0.03826708 0.04347234 0.03585641
0.03511446 0.04004183 0.03640748 0.03296888 0.03934355
0.03475731 0.04178193 0.03684179 0.03261247 0.03294048
0.03572771 0.03588933 0.03303121 0.0341695 0.03369884
0.03661982 0.03715425
