0.03951866 0.0260344 0.04330616 0.04249281 0.07615796
0.04796816 0.04250776 0.04430479 0.04651145 0.04998703
0.05644981 0.2374976 0.06382641 0.06253955 0.1466836
0.1925504 0.07553153 0.04168352 0.05469543 0.05636436
0.06596768 0.04253665 0.0433022 0.03669239 0.05605784
0.03723809 0.03601418 0.0856399 0.03887269 0.04264201
0.04061591 0.03932236 0.04852047 0.0419527 0.05194
0.03912103 0.03999938 0.1641879 0.04928013 0.07094095
0.1313574 0.05193521 0.1479757 0.06431522 0.03459779
0.04148953 0.151727 0.06533756 0.05528969 0.04743335
0.08323939 0.0418992 0.03703548 0.1252703 0.04224284
0.08493603 0.04920667 0.07906735 0.05046052 0.04523773
0.04046896 0.1003589 0.08022884 0.03586806 0.05484096
0.06959325 0.04356232 0.03825037 0.06986862 0.2120399
0.03544564 0.09733626 0.03387233 0.09923481 0.04220745
0.07382328 0.06769352 0.05136875 0.07657714 0.03907147
0.047663 0.04098124 0.08213311 0.04597264 0.06312556
0.03525666 0.06439163 0.0400896 0.09021008 0.04610563
0.1257136 0.03394204 0.07116924 0.04094346 0.1214843
0.1731746 0.04184773 0.07031764 0.04376875 0.03874184
0.1800959 0.03958151 0.04117163 0.1015116 0.07523971
0.04815956 0.03965349 0.03235783 0.03973744 0.05198451
0.05623679 0.06570636 0.03559552 0.04279542 0.1700932
0.0549174 0.06049452 0.03867508 0.03951528 0.04021548
0.1016135 0.06898032 0.03628798 0.03525864 0.0467152
0.08376177 0.03617832 0.09032326 0.04217357 0.03398726
0.04109009 0.07582498 0.1388113 0.1385152 0.04085497
0.03797692 0.03776534 0.03698052 0.05768772 0.04130349
0.04576158 0.04854291 0.06836085 0.1609938 0.03781959
0.04240508 0.05679976 0.03773665 0.04055971 0.1950732
0.0401249 0.03469942 0.0446349 0.2049876 0.04645001
0.1304729 0.04105023 0.04324444 0.1716853 0.03622833
0.05212492 0.1080381 0.0706982 0.2257073 0.03678858
0.03833316 0.04129075 0.04515294 0.05595748 0.1539137
0.05846528 0.03980547 0.04110204 0.2503372 0.109325
0.03394503 0.1231043 0.04216101 0.04077551 0.03727843
0.06015612 0.04762858 0.03832778 0.140081 0.03403441
0.04188882 0.03867508 0.06005907 0.03663638 0.04183
0.03802049 0.06164154 0.2051129 0.05784658 0.1608476
0.1464675 0.04745097 0.03802702 0.04044883 0.03747586
0.03744474 0.03881953
