0.04100101 0.02738822 0.04283462 0.04229341 0.04087615
0.0331899 0.04085162 0.04120575 0.04142251 0.04165572
0.04801394 0.04337548 0.03524818 0.03864319 0.04210738
0.04223146 0.03838001 0.03648347 0.03981755 0.04165733
0.03511913 0.03468845 0.04023094 0.04259645 0.03578075
0.04129622 0.0419867 0.04088264 0.04445422 0.044902
0.03777891 0.03222103 0.03900125 0.04220543 0.04057437
0.0432976 0.04365774 0.03801246 0.04408842 0.03987822
0.03911558 0.04152189 0.0422735 0.04167699 0.0426893
0.04135368 0.04183502 0.04192274 0.05035261 0.04736016
0.04765893 0.04882241 0.04385062 0.04794792 0.04063134
0.03443633 0.04497255 0.04712031 0.04063055 0.0416661
0.03756139 0.03759079 0.0446142 0.04121267 0.04372504
0.04028211 0.04259052 0.03975356 0.04230226 0.04222765
0.04303895 0.03460357 0.03645139 0.04192848 0.04200125
0.03782211 0.03631445 0.04122193 0.04384201 0.03939487
0.03680392 0.04468687 0.04020814 0.04053094 0.03697078
0.03777507 0.03989032 0.0448173 0.0402942 0.03931606
0.03744121 0.03823952 0.04358697 0.04250414 0.03982202
0.04093495 0.04300253 0.04371774 0.03990363 0.03944069
0.04063541 0.04060757 0.03986309 0.04709669 0.04003224
0.03859066 0.03627225 0.03768163 0.0463101 0.03595839
0.03945323 0.04057172 0.04000693 0.0468563 0.0377943
0.03698113 0.03796042 0.03764719 0.0408696 0.04077297
0.04013318 0.04311882 0.03893052 0.03726257 0.03917477
0.04498288 0.04060089 0.04579707 0.03515555 0.04202289
0.04634947 0.0406234 0.03513931 0.04053146 0.03979898
0.04066315 0.04397552 0.04070443 0.03850272 0.04124495
0.04063852 0.03703507 0.03773574 0.04087275 0.04402876
0.04242705 0.03755367 0.04430973 0.04464096 0.0410246
0.0387509 0.04503237 0.04480644 0.04201779 0.03483891
0.04093654 0.03847179 0.04819274 0.04667577 0.03945148
0.03875948 0.04777509 0.04151281 0.0447418 0.0429126
0.04137377 0.03898259 0.04683081 0.04115771 0.04206238
0.04215724 0.03708302 0.0412338 0.03942206 0.04365279
0.03530236 0.04313685 0.03753114 0.04041321 0.04063509
0.04149538 0.04363204 0.03943128 0.03788205 0.04154595
0.03702285 0.03808637 0.04030828 0.03925764 0.03786934
0.04021403 0.04200941 0.03989606 0.03679442 0.04018394
0.03960206 0.03621465 0.03868756 0.03981925 0.04401557
0.03825186 0.03891599
