0.03938047 0.02755352 0.03712335 0.03656907 0.04084837
0.04602549 0.03670022 0.04032564 0.04065071 0.03503582
0.04153931 0.03722626 0.04204961 0.03685649 0.04326281
0.04915563 0.0371258 0.04211662 0.04108962 0.04097919
0.03878256 0.04559276 0.04178662 0.04370517 0.03986825
0.04019499 0.03863268 0.04168263 0.04311794 0.0407555
0.03579171 0.04000409 0.04038166 0.04296507 0.03459878
0.04252035 0.04037179 0.04003575 0.04001258 0.03419579
0.03707565 0.03867447 0.04077375 0.04054405 0.04208566
0.04504768 0.03659423 0.03697113 0.04479917 0.03738269
0.03968623 0.05009257 0.03951231 0.04358771 0.03938604
0.04490399 0.04304982 0.04943144 0.03360282 0.03166064
0.04323536 0.03988566 0.03987613 0.03414056 0.04298508
0.04318886 0.04651885 0.04191894 0.04144649 0.03761571
0.03472874 0.04784232 0.04280757 0.04222216 0.04679842
0.04591654 0.04216316 0.04548867 0.03664423 0.03788435
0.04006708 0.03724532 0.03661226 0.04271953 0.03819482
0.03632649 0.04561282 0.03801043 0.03595073 0.03838686
0.04312275 0.03740763 0.0401603 0.04039449 0.03507697
0.04241643 0.03967119 0.04003433 0.0384413 0.03594111
0.04076978 0.03923199 0.03480689 0.03723406 0.03558187
0.04706607 0.04325392 0.04330752 0.04457218 0.0436722
0.03992113 0.03952865 0.04523788 0.04054465 0.04413321
0.03927698 0.0401851 0.03998596 0.04274588 0.03922552
0.0365629 0.04211184 0.03590536 0.0358247 0.04637852
0.03770043 0.04003627 0.04134862 0.03976073 0.037574
0.04125836 0.04215434 0.04783936 0.04271051 0.04398749
0.03956288 0.0390933 0.03556523 0.03650754 0.04689815
0.03768562 0.03705481 0.04071784 0.03905191 0.03748318
0.03620738 0.03368136 0.04027024 0.04605603 0.03892943
0.03536139 0.04455789 0.04061015 0.03324109 0.04499719
0.04410574 0.0418231 0.039966 0.04854908 0.03725081
0.04038594 0.03711916 0.03981785 0.04095431 0.03992674
0.03307338 0.04392812 0.03920717 0.04004591 0.03656629
0.04404735 0.04213841 0.03875474 0.04355632 0.0360259
0.0407241 0.03934533 0.04406841 0.04386886 0.04571993
0.03498709 0.03827244 0.03921401 0.03937777 0.0436528
0.04107496 0.04323264 0.03657785 0.039937 0.04169258
0.03523561 0.04423643 0.0394595 0.0417812 0.03695287
0.03574057 0.04028786 0.03559632 0.03944696 0.04374368
0.04103444 0.04358584
