0.04481821 0.02837104 0.04591128 0.1126893 0.0404382
0.04190235 0.03996599 0.1009446 0.07063889 0.2906596
0.0482812 0.1322177 0.0466045 0.07496901 0.05695109
0.06203924 0.04820404 0.04553734 0.05411772 0.04386244
0.04989744 0.06777773 0.04996048 0.06649297 0.04462894
0.04332737 0.05629043 0.1078537 0.06401506 0.04168479
0.0756779 0.04276034 0.04504032 0.06241232 0.07654174
0.04473152 0.04062833 0.04070235 0.1011564 0.07074382
0.09411209 0.101478 0.1191319 0.04278604 0.04670857
0.05603479 0.04588933 0.1845142 0.04752645 0.05337368
0.04885315 0.04056088 0.08756095 0.08602766 0.04864351
0.04551669 0.06878288 0.0419684 0.1233691 0.04557264
0.04331222 0.04758646 0.04344169 0.04392759 0.05165201
0.04668973 0.06170919 0.08183258 0.0887074 0.04091189
0.0380556 0.05605346 0.1836732 0.1372413 0.06917139
0.03938665 0.04622395 0.1010729 0.1048844 0.05510317
0.04957247 0.1598918 0.04013886 0.1728586 0.04218694
0.04512918 0.05235668 0.04523137 0.04186044 0.1239889
0.04243042 0.06141943 0.1632208 0.04072662 0.04200639
0.07714994 0.04838763 0.04772709 0.05298691 0.04546414
0.08038326 0.04511774 0.04617862 0.05759414 0.04972423
0.04245316 0.05913631 0.08644185 0.03858768 0.06597593
0.05245935 0.06111783 0.07416485 0.06616469 0.05848197
0.05499499 0.05519794 0.06032336 0.05222699 0.1006424
0.04916511 0.03977976 0.1378047 0.06947706 0.05991465
0.04051502 0.05342129 0.04571065 0.1492668 0.03668919
0.04210625 0.07725167 0.08889684 0.05765718 0.05011647
0.1735148 0.05137888 0.05469579 0.04787274 0.05047145
0.04382108 0.0393592 0.04117701 0.04498521 0.1215159
0.07701792 0.04469011 0.04046052 0.03702182 0.1117627
0.04072039 0.04955565 0.06179853 0.04050251 0.05212469
0.05012954 0.0951863 0.07641356 0.06598136 0.04208396
0.0433589 0.2123797 0.08012689 0.07053409 0.06673023
0.04298191 0.07567208 0.04974091 0.04686499 0.0437397
0.05107368 0.1375901 0.03710601 0.04839528 0.04063959
0.07090643 0.04325542 0.08845677 0.04498771 0.05353713
0.04082107 0.1981442 0.05267769 0.04309479 0.04221859
0.04922403 0.04024266 0.1578477 0.04763968 0.05495789
0.07007984 0.06950269 0.04629825 0.08473928 0.04081705
0.06044335 0.1038228 0.04165889 0.08215405 0.05142769
0.06607841 0.0405512
