0.04361981 0.02750228 0.04058792 0.04485864 0.04031593
0.04470803 0.04022796 0.04052304 0.04537308 0.04554855
0.04187393 0.0450498 0.04408751 0.04086941 0.04504457
0.04167348 0.03611417 0.05475118 0.03783822 0.04020064
0.04554219 0.04192479 0.04145359 0.04428945 0.04456484
0.04574723 0.04223537 0.04041529 0.04508549 0.04796931
0.04699358 0.04593174 0.04391438 0.04704029 0.04192175
0.04915729 0.04009122 0.03774112 0.045926 0.04348965
0.03863033 0.03784833 0.04326065 0.03706875 0.04326604
0.0394593 0.04115297 0.04284313 0.04457759 0.04073786
0.04680555 0.04044713 0.04736882 0.04760653 0.04024687
0.04760737 0.04634991 0.04441363 0.04282916 0.04204941
0.03694345 0.04246873 0.0415904 0.03879987 0.0402772
0.0405955 0.04621568 0.04427296 0.04343822 0.04614528
0.04186372 0.04609916 0.04278886 0.03709786 0.03831027
0.04050885 0.03972615 0.04717355 0.04708374 0.03658528
0.046233 0.04460979 0.04075027 0.04954046 0.04137776
0.04261358 0.03755662 0.04119206 0.04275607 0.04848054
0.03690572 0.04139844 0.0419971 0.04741128 0.04316021
0.0437934 0.04030554 0.04259539 0.04513248 0.03988233
0.04612674 0.04121484 0.0450851 0.05230558 0.04054124
0.03986854 0.04052707 0.04151029 0.04314142 0.045406
0.04331358 0.03745289 0.04911346 0.04788375 0.03451961
0.04095214 0.0431565 0.04429207 0.0432307 0.03953829
0.04908625 0.0440415 0.04064591 0.04129747 0.04675472
0.05161262 0.04324466 0.03647421 0.04262125 0.04773929
0.03315962 0.04634946 0.04162284 0.04237504 0.04530979
0.03961669 0.03746129 0.03734325 0.03672489 0.04356452
0.03887851 0.03683681 0.04090588 0.0440476 0.04436991
0.04490934 0.04638192 0.04331241 0.046884 0.0423817
0.04331938 0.04090118 0.0452936 0.04140247 0.04243806
0.04793932 0.04885831 0.0385531 0.03518271 0.04066992
0.04562277 0.04468128 0.03899295 0.04568914 0.04659534
0.03755244 0.0457998 0.04314493 0.04003165 0.0389112
0.04155044 0.04846059 0.04076168 0.04728535 0.04757198
0.03829607 0.04300647 0.04018862 0.04340536 0.04600395
0.04511332 0.04091604 0.04165815 0.04168898 0.04222843
0.04264121 0.04923455 0.04535395 0.05097061 0.04141355
0.05487561 0.04266404 0.04393758 0.04605458 0.03848841
0.04280197 0.03863188 0.0376849 0.04254202 0.04509199
0.04465709 0.04622157
