0.04165468 0.026287 0.04484225 0.03596028 0.04284565
0.04152698 0.03939855 0.04507731 0.04468532 0.04163339
0.03888607 0.03539421 0.04060287 0.04290596 0.04373646
0.04339357 0.04145262 0.04922195 0.04529185 0.03731135
0.04545478 0.04258873 0.03648545 0.0428896 0.04148191
0.03807161 0.0366766 0.04073497 0.04561977 0.04267204
0.03949423 0.04325649 0.04302125 0.04031566 0.0441267
0.03720442 0.0397884 0.04007226 0.04251716 0.04040723
0.04212092 0.04162433 0.04033683 0.04251946 0.03681527
0.03855928 0.04075679 0.0424806 0.04173472 0.03758568
0.04684856 0.0385335 0.0462463 0.03599495 0.03968322
0.04393189 0.03373393 0.04298178 0.0393119 0.04497284
0.04417552 0.0452724 0.04079767 0.04138386 0.04151261
0.03758182 0.04021164 0.04086743 0.04169535 0.0423544
0.04399504 0.0383924 0.0410088 0.04219806 0.04475936
0.04315302 0.05140777 0.03782219 0.04164536 0.04583096
0.03982063 0.03321323 0.04095403 0.03848813 0.03422544
0.04198943 0.03927613 0.03989158 0.0359018 0.0453234
0.04558753 0.04464844 0.03796226 0.03716344 0.03809427
0.04691569 0.04232987 0.03978388 0.04194927 0.03754993
0.0415922 0.04442923 0.04205626 0.04440331 0.04591836
0.03964734 0.03706345 0.03961576 0.03802462 0.04430704
0.0419751 0.03679917 0.04443013 0.04053465 0.03992588
0.04283465 0.04493656 0.04362982 0.03849859 0.04807918
0.04377492 0.04040648 0.04239543 0.04477825 0.04291183
0.0344184 0.04342875 0.04524217 0.03830682 0.03605432
0.04479381 0.04461809 0.05049369 0.04381723 0.04623381
0.045847 0.03601913 0.04137219 0.04330745 0.04516278
0.04124872 0.03761128 0.03909203 0.04294639 0.04027313
0.04135533 0.03277327 0.04405393 0.04141962 0.04606297
0.03482315 0.04130503 0.04513152 0.0418488 0.04346497
0.04057238 0.04123476 0.04228489 0.03795002 0.04812015
0.04299318 0.04338292 0.04646259 0.04060059 0.0403254
0.05107966 0.04270522 0.05396098 0.038632 0.0410577
0.04138192 0.04340002 0.04962509 0.04308932 0.04195023
0.04183231 0.04463876 0.04211117 0.0379106 0.03821067
0.03964458 0.04330249 0.04377113 0.0424915 0.03799544
0.04490175 0.04188965 0.03702885 0.04065207 0.04212501
0.04723487 0.0435108 0.04235047 0.04197965 0.03977872
0.04150717 0.04541796 0.04488777 0.04389224 0.04374649
0.04261145 0.03807047
