0.03557425 0.02371635 0.03098395 0.03635241 0.03432698
0.03034529 0.03168106 0.03645016 0.03567658 0.03969943
0.03179568 0.03628798 0.04026121 0.03185457 0.03355107
0.03510719 0.04553641 0.02925495 0.03828236 0.04317892
0.03363233 0.02813529 0.03289115 0.03517871 0.03576397
0.03125113 0.03205477 0.03456849 0.03568882 0.03488831
0.02896835 0.03203892 0.03245437 0.03398612 0.03308919
0.03826969 0.04513345 0.03555372 0.04362373 0.03340936
0.02812581 0.03026379 0.03655696 0.04002171 0.03448315
0.02927961 0.03437675 0.03183491 0.03633941 0.03401002
0.03273029 0.03139263 0.03510927 0.03426082 0.03236005
0.02546261 0.03429468 0.03415675 0.03399079 0.03253081
0.03455693 0.02846213 0.03369176 0.03327062 0.03365504
0.03273886 0.03431286 0.03592445 0.03686527 0.03230027
0.03598315 0.03425659 0.03349775 0.03464354 0.03788926
0.03035627 0.03485579 0.03395969 0.04301471 0.03305451
0.03225021 0.03722826 0.0301891 0.03332363 0.03468412
0.03569262 0.03995724 0.03540486 0.03799181 0.03399762
0.03371923 0.03188283 0.03464654 0.03584976 0.03619582
0.03118892 0.03222882 0.03137206 0.02970205 0.04085316
0.03175422 0.03384648 0.03659292 0.03625407 0.03191439
0.03710666 0.03267269 0.03413831 0.03486299 0.02824058
0.03437422 0.03873219 0.02855839 0.0331197 0.03472293
0.03318716 0.03627245 0.03213582 0.03713346 0.02986004
0.03224087 0.04145982 0.03545297 0.03546058 0.0344488
0.03962663 0.03079162 0.03619263 0.03960404 0.0389269
0.03345699 0.03195748 0.03198799 0.03804088 0.03471058
0.03312674 0.02978705 0.03107424 0.03312512 0.038826
0.04042752 0.03651696 0.03074553 0.03698704 0.03499659
0.03114744 0.03572626 0.03603115 0.03325649 0.0447189
0.03585224 0.0324689 0.03559279 0.03541698 0.02999294
0.03399577 0.03630909 0.02829096 0.03253408 0.03103742
0.03573011 0.02729956 0.0347674 0.05515638 0.02939078
0.03155139 0.03679095 0.03315692 0.03452739 0.03536609
0.04027387 0.03215589 0.03852349 0.03361129 0.03261433
0.03712011 0.03428921 0.0309683 0.02962482 0.03601848
0.03730286 0.0335457 0.03496164 0.04266168 0.03731437
0.02994277 0.03397173 0.04013247 0.03482026 0.03300137
0.03441634 0.03446549 0.03756087 0.03056381 0.04141368
0.04011433 0.0405732 0.03290189 0.03500166 0.03506673
0.03738319 0.02961761
