0.04007469 0.02701695 0.04205493 0.04317534 0.04049764
0.03849146 0.03849896 0.04571498 0.03505788 0.03672056
0.03607767 0.04516646 0.04332114 0.04413327 0.04200744
0.04276484 0.04450151 0.03894126 0.03614248 0.04048208
0.04122928 0.04019901 0.03683521 0.04218591 0.03679595
0.04629949 0.03408861 0.04321594 0.04079645 0.04006334
0.04024204 0.03710518 0.04108388 0.03613162 0.03827645
0.03712682 0.04310513 0.03853368 0.03230328 0.04043575
0.03573713 0.03737282 0.04003493 0.03709565 0.04211845
0.04003865 0.04126307 0.04656817 0.04085923 0.04465519
0.03631375 0.03919064 0.04351453 0.03663245 0.03749677
0.04342881 0.04594731 0.03581894 0.03987082 0.04204538
0.03508593 0.03732832 0.04113434 0.04312332 0.03912268
0.04243357 0.04503009 0.03766473 0.04178813 0.04133098
0.04629301 0.04184939 0.04839194 0.04574878 0.03943122
0.04124826 0.03763107 0.03998911 0.0426092 0.03909345
0.04298077 0.03892242 0.03594975 0.03781377 0.0401071
0.04008036 0.04200262 0.03695987 0.04131393 0.03918485
0.03438466 0.04247971 0.04348766 0.03459521 0.03460455
0.03964861 0.04053304 0.03782483 0.04074982 0.04233198
0.04086283 0.04050747 0.04727276 0.03925261 0.0385752
0.03645284 0.04446668 0.03887086 0.04366618 0.03958649
0.03776126 0.04271892 0.04505457 0.04083992 0.03848885
0.03922927 0.04181639 0.04777006 0.04188919 0.0443551
0.03807804 0.0398258 0.03705654 0.04058482 0.03723955
0.03742612 0.03726495 0.03572526 0.04102565 0.03738974
0.04077671 0.03833485 0.03817754 0.03361329 0.04190576
0.03669631 0.04046569 0.03482312 0.04429635 0.0378113
0.04133247 0.03957386 0.04082342 0.04173201 0.03936612
0.04000549 0.03557406 0.03794772 0.04270594 0.03533527
0.03916842 0.04072348 0.04144916 0.04351879 0.040397
0.03894604 0.03923487 0.04802652 0.03569366 0.04073091
0.04248634 0.05083346 0.04025839 0.03509176 0.04224879
0.04973682 0.03890131 0.03768277 0.04121577 0.04238098
0.03766684 0.04004336 0.0381011 0.04014258 0.03894639
0.04512462 0.04523288 0.03997251 0.04017906 0.03773145
0.03934233 0.04581568 0.03966507 0.03896557 0.03742249
0.03876581 0.0429938 0.03809875 0.04361106 0.03843433
0.04165888 0.0333306 0.03861401 0.03797456 0.04013646
0.03715905 0.03917301 0.03799101 0.03979067 0.03907827
0.03846216 0.03725103
