0.04550875 0.02854674 0.04182472 0.04955418 0.05072727
0.05161229 0.04682898 0.05078572 0.04490789 0.05079689
0.04617314 0.04027119 0.04901225 0.04975626 0.04331018
0.05018912 0.04849489 0.05020109 0.04569618 0.04632781
0.0520483 0.04770405 0.05464786 0.04591058 0.04865406
0.03979785 0.04414962 0.04933124 0.04847248 0.04627392
0.04791258 0.06147985 0.04534957 0.04741815 0.04929303
0.0414865 0.04816307 0.05569667 0.05013946 0.0488785
0.04470297 0.04769108 0.04139452 0.04743843 0.04441694
0.04568209 0.05152988 0.04366297 0.05954893 0.04552716
0.05586494 0.05074733 0.04484024 0.05124452 0.05000163
0.04376687 0.04303254 0.0486412 0.04366961 0.04360071
0.06066234 0.04663859 0.04977659 0.04834003 0.04603568
0.04925403 0.04784612 0.04320292 0.04883078 0.03782946
0.04598965 0.05042661 0.05093931 0.04596074 0.04403321
0.04267934 0.05335579 0.04760986 0.04681856 0.04650791
0.04237185 0.04068465 0.04852397 0.04131322 0.04352816
0.04130126 0.04818871 0.04466209 0.04262973 0.05364454
0.0496578 0.04571743 0.0459644 0.04637706 0.04703165
0.04638918 0.0438121 0.04488352 0.04793508 0.04489737
0.04348348 0.04853081 0.04419635 0.04134255 0.04893279
0.04298643 0.04385783 0.04936039 0.04656042 0.04376136
0.04993692 0.05257624 0.05036074 0.04531051 0.04494373
0.04646673 0.04117161 0.04342237 0.04985004 0.05170644
0.05109177 0.04999093 0.0405792 0.04648611 0.05422524
0.04863345 0.03482996 0.04624135 0.0383526 0.04448105
0.03983155 0.04667743 0.0509927 0.04481315 0.05065908
0.0581268 0.04338857 0.05278758 0.04624084 0.04685249
0.04137569 0.04517171 0.05377485 0.04318202 0.04543686
0.05059632 0.04158925 0.04781922 0.05545372 0.05331005
0.05772025 0.05224382 0.04687896 0.04794884 0.05276352
0.06211746 0.04993686 0.04352901 0.04060384 0.0605534
0.04471379 0.05049807 0.04762852 0.0453862 0.05386167
0.05049091 0.04611049 0.03951916 0.05429751 0.04898327
0.04767372 0.04579416 0.05017554 0.04773057 0.04608697
0.0468462 0.04217575 0.04780942 0.04020778 0.04760861
0.04761935 0.04905134 0.04905876 0.04359275 0.04421682
0.04539648 0.04282698 0.04581916 0.05070005 0.04408592
0.04769315 0.04696797 0.04794648 0.04768846 0.04302783
0.05192379 0.0508758 0.04419768 0.05126001 0.04429643
0.04763566 0.04541473
