0.04084519 0.02773256 0.04255711 0.04522384 0.03790347
0.04745259 0.03941896 0.03968623 0.04297293 0.04026797
0.04040089 0.04090916 0.04380113 0.04434861 0.04820998
0.0361723 0.0348869 0.03676661 0.05080973 0.03937382
0.0398516 0.04311594 0.03637269 0.03940642 0.03627161
0.04391637 0.03774261 0.03790796 0.0399471 0.04370994
0.03914659 0.04062108 0.04315206 0.04344313 0.03895792
0.04887925 0.04206634 0.03910422 0.03918083 0.04149041
0.04191405 0.04489329 0.04117165 0.04265553 0.03958629
0.03991395 0.04095194 0.04062632 0.04337861 0.03950482
0.03677568 0.03440017 0.04301212 0.04248996 0.03423863
0.03812711 0.04237389 0.04189857 0.04239527 0.03360946
0.04535901 0.03965911 0.04116177 0.04270816 0.04349617
0.03969511 0.04090976 0.03941351 0.03819099 0.03769265
0.0417688 0.04680127 0.04818524 0.04161662 0.03696187
0.03848774 0.03699847 0.04087562 0.04090528 0.04003066
0.03818318 0.03885289 0.0442626 0.04081128 0.03860813
0.04160199 0.04440054 0.04521124 0.04151069 0.04040476
0.03632359 0.04331434 0.03808402 0.04176547 0.03299836
0.0400816 0.03922127 0.03963734 0.03804613 0.04074082
0.03630046 0.04532335 0.03861996 0.04138948 0.03766621
0.03464637 0.04167001 0.03532503 0.03623295 0.03701945
0.04027063 0.03893551 0.03946626 0.038999 0.04124224
0.04695146 0.03969262 0.0462329 0.0466187 0.04075073
0.038385 0.04661501 0.04034314 0.03861151 0.04237451
0.04665513 0.04176008 0.03848272 0.03855782 0.0380944
0.03918899 0.04107165 0.04807066 0.047906 0.03866718
0.04048609 0.03778383 0.0342663 0.04425077 0.04391627
0.04116517 0.04395268 0.04007957 0.0437707 0.03878105
0.04459406 0.0398725 0.04339454 0.04298562 0.04285969
0.04098804 0.04374366 0.03540358 0.04625984 0.04797301
0.04589941 0.04003316 0.04315196 0.04472801 0.04537697
0.0382346 0.03561961 0.0380485 0.03804637 0.0410233
0.04166881 0.04123756 0.04038825 0.0332934 0.04272777
0.0399355 0.0392685 0.03619137 0.03686731 0.03294213
0.03827505 0.03919505 0.03878971 0.04270276 0.04427591
0.03963655 0.04009408 0.04323534 0.03774132 0.03856208
0.03671965 0.04106465 0.04317215 0.0391755 0.04199341
0.04724244 0.04342829 0.04365848 0.04029441 0.04329855
0.04049128 0.0441385 0.03662117 0.0361399 0.0437149
0.03791338 0.03755651
