0.03960213 0.02628901 0.04616772 0.03641243 0.04338119
0.03748113 0.03979223 0.03706729 0.03500516 0.03463387
0.03948657 0.03972686 0.04341668 0.04414914 0.04147436
0.04017149 0.03649363 0.03277697 0.03807604 0.03383218
0.03982628 0.03916963 0.03771981 0.03773773 0.03740842
0.03748271 0.03819356 0.0377964 0.04268873 0.03592315
0.04142743 0.04010584 0.03719219 0.03461535 0.0400665
0.03421897 0.04019468 0.03994947 0.04296335 0.0446191
0.0398647 0.03918982 0.03960406 0.04377806 0.03541765
0.03332053 0.03960282 0.03558755 0.04017127 0.03245893
0.03345667 0.03889319 0.04744032 0.03286429 0.03998428
0.03159529 0.05710386 0.03810251 0.04100635 0.03977994
0.03711392 0.03837301 0.0519609 0.03349997 0.04688713
0.03796681 0.03415713 0.03655477 0.03729824 0.04390866
0.03703986 0.05034153 0.03607522 0.0371529 0.04123752
0.0357318 0.0512188 0.03839086 0.0384148 0.03183141
0.03605901 0.03685364 0.04380197 0.04892373 0.03494807
0.03949942 0.04403249 0.03213967 0.04005676 0.03704876
0.04789096 0.03247294 0.04088819 0.03729688 0.03563434
0.03887277 0.03640413 0.03668671 0.03819653 0.03162695
0.03868218 0.04525344 0.03809467 0.04134163 0.04374129
0.0367736 0.03357571 0.03312502 0.03838321 0.03461854
0.04277343 0.03335465 0.03775453 0.0334647 0.04675086
0.03840237 0.03835311 0.03464267 0.043078 0.04243114
0.04792298 0.03382782 0.03227714 0.04391759 0.03909151
0.03769501 0.05708657 0.03512182 0.04030447 0.04200955
0.03127415 0.04707383 0.03912227 0.04343462 0.03639501
0.03377083 0.04014072 0.0333596 0.05458679 0.04056809
0.04234597 0.04924317 0.03841667 0.03362858 0.03959401
0.03708418 0.03712074 0.03451297 0.03684329 0.03756656
0.03983883 0.03514165 0.03860289 0.03703013 0.03957944
0.03863644 0.03520721 0.03225827 0.0429081 0.03251573
0.0411226 0.03822692 0.03665252 0.03803145 0.04259459
0.03565461 0.04312267 0.04486287 0.0310607 0.04012083
0.04001486 0.03861484 0.043454 0.04278819 0.03305769
0.03544403 0.03789557 0.05361132 0.03833838 0.0314408
0.03667943 0.04082616 0.03335909 0.04938981 0.0344242
0.0412879 0.04504822 0.03766721 0.04057859 0.03498727
0.0353133 0.03449214 0.03647003 0.04694321 0.04602199
0.04180132 0.03482058 0.03657663 0.03102804 0.03845526
0.03584078 0.03456451
