0.04016933 0.02741243 0.04798407 0.03676965 0.03998667
0.04083217 0.04070627 0.03867033 0.04057052 0.0348476
0.04443171 0.04426897 0.03946293 0.04063065 0.0375989
0.04351575 0.037995 0.04157563 0.03891355 0.04225299
0.04409054 0.04105473 0.04014024 0.04272306 0.04860075
0.04311763 0.03943282 0.04521003 0.04183696 0.04134064
0.04161077 0.03803702 0.03577002 0.03998969 0.04190515
0.04096015 0.0424543 0.04092584 0.04013668 0.04337902
0.0338054 0.04131326 0.04174366 0.03701841 0.04171943
0.03896228 0.04212625 0.0463183 0.03974168 0.03674501
0.03847949 0.04832705 0.04220245 0.03607775 0.04019504
0.03975109 0.04455668 0.04046874 0.04132315 0.04066599
0.03446236 0.04086825 0.04151885 0.04049472 0.03947787
0.03690837 0.04127968 0.04026363 0.03969731 0.04057144
0.0436229 0.0492433 0.04254364 0.04195421 0.03476529
0.0424265 0.0414748 0.04156767 0.03697368 0.04444773
0.04485629 0.0448132 0.03491184 0.03722192 0.0384158
0.04235257 0.04109624 0.04376966 0.04185627 0.04177485
0.04012903 0.04593071 0.04042658 0.04395967 0.03881699
0.04216813 0.03595061 0.04450167 0.04002841 0.04150506
0.03807624 0.04057028 0.04014326 0.0405662 0.03690683
0.04654859 0.03682491 0.03847668 0.03691898 0.04375377
0.04050354 0.0388628 0.03876827 0.04197335 0.0410293
0.04097031 0.03867006 0.04236277 0.03903675 0.0390388
0.03794671 0.03784466 0.03333203 0.04049604 0.03890394
0.03616287 0.0417284 0.04465736 0.04065997 0.04240416
0.04148128 0.0475061 0.04747289 0.03566482 0.04232438
0.04587974 0.04364344 0.04613684 0.0395476 0.04054854
0.03766606 0.04323863 0.04222931 0.03967212 0.04304298
0.04391363 0.03511846 0.04305342 0.04132621 0.04523619
0.03623225 0.03875974 0.03551782 0.03871966 0.0402307
0.03625124 0.03998893 0.03842287 0.04242842 0.03893132
0.03514272 0.04131548 0.0420184 0.046465 0.03916623
0.04268135 0.04095669 0.04187651 0.04277041 0.03537159
0.03907651 0.03691278 0.03907875 0.0406151 0.03985263
0.04409568 0.04307668 0.04841216 0.03793052 0.03992447
0.04061178 0.04549766 0.04158012 0.04140143 0.04103714
0.03241926 0.03822364 0.04154079 0.03741359 0.04368248
0.03991365 0.0399006 0.0365489 0.04134365 0.04290104
0.03656365 0.04480039 0.04043296 0.04214399 0.03983015
0.0400477 0.03566626
