0.04221124 0.02643568 0.04139357 0.04171463 0.04175129
0.04389177 0.05242972 0.04110178 0.04737798 0.0420616
0.0359966 0.04887033 0.03564295 0.03645607 0.04773654
0.04424227 0.04018333 0.04146767 0.04370434 0.03923167
0.04612422 0.05979372 0.04321623 0.04036591 0.04686842
0.0442936 0.04165795 0.04249796 0.04489755 0.04411321
0.04236704 0.04925241 0.0484477 0.04746145 0.04493408
0.04038744 0.04329135 0.04385744 0.03636846 0.04680362
0.04590129 0.04162534 0.0512318 0.04344934 0.04415198
0.03687252 0.04111282 0.03617523 0.03556697 0.03773432
0.05288733 0.04187514 0.03942108 0.03839539 0.04047623
0.04020438 0.04463872 0.03935473 0.03779992 0.04290072
0.04175459 0.03597554 0.0480451 0.04000387 0.03803615
0.0436168 0.04718266 0.0503415 0.04393813 0.04726294
0.04691481 0.04515949 0.04191673 0.03795152 0.04434144
0.03249918 0.04394923 0.0428779 0.04557065 0.04544374
0.06021322 0.04688113 0.03670373 0.04211078 0.04800984
0.04818789 0.04483204 0.04057694 0.04277688 0.03979432
0.03901001 0.04426189 0.04165889 0.03926202 0.05159333
0.04425569 0.04777065 0.03882207 0.04384504 0.03376274
0.04732557 0.06182856 0.04182414 0.04155251 0.03939336
0.03553967 0.04370225 0.04253857 0.0413654 0.04262242
0.04328935 0.04088429 0.0426367 0.04724517 0.0400626
0.04210912 0.04346314 0.04250502 0.04310865 0.05020037
0.03764826 0.04232308 0.0427109 0.04147745 0.04405907
0.04002194 0.03867071 0.03768085 0.0487982 0.03960832
0.0428134 0.04299457 0.03924624 0.05677532 0.03937871
0.04484544 0.03961234 0.04370815 0.04015384 0.04219534
0.0424322 0.04363385 0.04514402 0.04245148 0.05479595
0.04508861 0.0373556 0.03955678 0.04033213 0.04760462
0.04468619 0.04111602 0.0389333 0.05107002 0.04741668
0.0494759 0.04203377 0.03950272 0.03906795 0.04704568
0.03891499 0.03867656 0.04320786 0.04724954 0.04494352
0.0464349 0.05656083 0.04144625 0.04830377 0.04222865
0.04616966 0.04733987 0.04047688 0.04116523 0.03966392
0.03995658 0.04432046 0.04188317 0.04281915 0.04139484
0.04383977 0.05202273 0.04384637 0.04196124 0.04311545
0.03345646 0.04527053 0.04030292 0.03610586 0.03560564
0.04661107 0.04888413 0.04469051 0.04323023 0.04156695
0.03848211 0.0409683 0.04199839 0.04871563 0.05614992
0.05009306 0.03244606
