0.04205612 0.02861318 0.04344593 0.04183003 0.04755176
0.0392727 0.04492202 0.04395118 0.04051565 0.04664857
0.03915527 0.04386591 0.0425176 0.04126403 0.03391417
0.03946345 0.04492665 0.04294414 0.04223852 0.03988274
0.04435615 0.0437269 0.03498946 0.03958208 0.03943227
0.03802492 0.0384521 0.04941491 0.04447557 0.0403872
0.03743122 0.04320554 0.04210301 0.04936762 0.03858517
0.04461624 0.0410019 0.04514612 0.04049829 0.03914183
0.04170068 0.0423826 0.03910011 0.04125449 0.03672383
0.04315173 0.04157678 0.0449182 0.04139018 0.04085953
0.04279373 0.04853667 0.04728291 0.04720583 0.04595104
0.0394842 0.04340053 0.04375433 0.04179642 0.0445858
0.0386554 0.0388606 0.04001628 0.03837197 0.04083293
0.04407215 0.03904955 0.04210112 0.04230166 0.04457278
0.0406941 0.04110552 0.04743886 0.03819038 0.04406291
0.0447067 0.03833683 0.04485148 0.0393505 0.04295133
0.03756126 0.04046099 0.0443779 0.04299825 0.04435951
0.04909603 0.04843552 0.04594251 0.03969583 0.04617741
0.04250198 0.04626729 0.04397292 0.04842997 0.03741386
0.04279922 0.04873514 0.05112117 0.04569503 0.04005966
0.03712032 0.04054539 0.03891077 0.04025242 0.04199859
0.04530028 0.03760634 0.04205412 0.04349921 0.04228043
0.0485962 0.04360404 0.04265725 0.04138667 0.04831353
0.04171475 0.03951708 0.04049348 0.04069538 0.04209398
0.04414266 0.0469795 0.04336337 0.04456259 0.0374353
0.03751026 0.04583713 0.04347893 0.04139998 0.04159629
0.03990114 0.04380834 0.03714627 0.03791246 0.04293356
0.04305001 0.04035163 0.04569484 0.03928505 0.03820442
0.05494864 0.04240274 0.0406489 0.03556344 0.04555065
0.04113589 0.04421036 0.04616319 0.04359675 0.04566504
0.04747117 0.04020707 0.04542336 0.04472103 0.04060388
0.04272511 0.04138408 0.03738969 0.04240547 0.04454667
0.04353267 0.04124212 0.04562026 0.04514723 0.04123735
0.04161988 0.03853528 0.04803738 0.04002818 0.04068722
0.05036701 0.0413765 0.04286962 0.04792986 0.04289179
0.04990435 0.03782047 0.04147504 0.04686636 0.04022197
0.04959362 0.04034906 0.04327879 0.03997262 0.05044354
0.0372983 0.0415972 0.04443758 0.04632545 0.03645941
0.04131667 0.04714096 0.04993632 0.04309856 0.04209764
0.04093357 0.04367058 0.0449829 0.04071182 0.03760021
0.04013829 0.04359713
