0.03470483 0.02468252 0.03631112 0.02870722 0.0312708
0.03359667 0.03706311 0.03288236 0.03213885 0.03729172
0.03457091 0.03646596 0.0393218 0.03439474 0.03449448
0.03732232 0.03293445 0.03045291 0.03399075 0.03671486
0.03527208 0.04067048 0.0352377 0.03206333 0.03929071
0.03699827 0.03122604 0.03082601 0.03255327 0.03648124
0.02660187 0.03832714 0.03535508 0.03270135 0.0351085
0.03290467 0.03067028 0.02837853 0.03443262 0.04542481
0.03168954 0.03377713 0.0373582 0.03830897 0.03414369
0.03719474 0.0310633 0.03520274 0.0373877 0.03833137
0.03437499 0.03879467 0.03387433 0.03370933 0.03293586
0.02825067 0.03624778 0.03684874 0.03671615 0.03937402
0.03409538 0.03246789 0.02788507 0.0337034 0.03317701
0.03103497 0.03137326 0.03397305 0.03664803 0.03035266
0.03347262 0.02616258 0.03673162 0.03439974 0.03602459
0.03500189 0.03039966 0.03969748 0.03126972 0.03183915
0.03401416 0.03376457 0.03172537 0.03770648 0.03258494
0.03774217 0.0313211 0.03788805 0.03493169 0.03225345
0.03233674 0.03164872 0.03253082 0.03471721 0.03795261
0.03813199 0.03138656 0.03584079 0.03269798 0.03458447
0.0349994 0.03642478 0.03196239 0.03720364 0.04161404
0.03562978 0.03120172 0.03601623 0.03287988 0.03839721
0.03611722 0.03101737 0.03664612 0.03126825 0.036032
0.03067835 0.02419683 0.03426605 0.02957643 0.03900479
0.0364177 0.03477076 0.03535398 0.02606011 0.03626027
0.03460662 0.03352383 0.03269943 0.0309862 0.03565557
0.04144782 0.03262699 0.03352118 0.03172964 0.03329074
0.03364645 0.03542312 0.03058553 0.03051014 0.0336577
0.0333513 0.03323578 0.03140207 0.03134501 0.03279922
0.04082864 0.04292471 0.03404593 0.03958833 0.0371833
0.03692064 0.03474453 0.03393359 0.02834531 0.03228457
0.03968745 0.03245811 0.04218759 0.03374018 0.03356148
0.0351454 0.03744937 0.0333099 0.03816651 0.03406145
0.03115481 0.02880401 0.0341112 0.04198393 0.03263453
0.03603017 0.03206322 0.03571248 0.03401375 0.02927274
0.03031414 0.0340966 0.03662319 0.03382155 0.03446196
0.03605732 0.03948656 0.03738628 0.03512364 0.03142443
0.03228526 0.03349095 0.03153056 0.03407245 0.03668044
0.03920786 0.04378227 0.03323415 0.03673473 0.03126191
0.04061816 0.03446054 0.03808152 0.03636496 0.03537354
0.03593192 0.03766549
