0.03969511 0.02669318 0.03974697 0.03764107 0.04734649
0.03904274 0.03951053 0.04303305 0.04292869 0.0405409
0.04121114 0.03811242 0.04135988 0.03927442 0.04237339
0.04269017 0.03683516 0.04083085 0.03178738 0.03821968
0.03740605 0.04235048 0.03998231 0.04177698 0.03917509
0.03689039 0.03720915 0.03826076 0.03920376 0.03867827
0.04184751 0.04042138 0.04074004 0.04123615 0.04218544
0.03738598 0.03653228 0.04206017 0.04567327 0.04354058
0.04197751 0.04360775 0.04193848 0.04092403 0.04212416
0.03770973 0.03867753 0.03513921 0.03956426 0.04128939
0.04081267 0.04585072 0.04526186 0.04862956 0.0416184
0.04139775 0.0412145 0.04917294 0.04147811 0.04233121
0.03547349 0.03975281 0.04004424 0.04310618 0.04921572
0.03882979 0.04239543 0.03871485 0.04027138 0.042305
0.03932818 0.04305868 0.04012365 0.03763988 0.04564977
0.04427941 0.04023166 0.03652727 0.03857547 0.04203799
0.04312536 0.04237894 0.05014304 0.03973617 0.03480175
0.04062237 0.03826751 0.04266543 0.04244915 0.03818327
0.05227732 0.04384637 0.03912591 0.03869364 0.03925314
0.04238097 0.04347515 0.04042875 0.0374255 0.04223751
0.04281266 0.03657148 0.04026073 0.0417598 0.04643696
0.03878887 0.03963231 0.04163532 0.04474344 0.04360231
0.0400715 0.03693773 0.03740805 0.04530819 0.04129515
0.04230087 0.04067268 0.04088774 0.03807965 0.03356473
0.04307296 0.04035193 0.03966526 0.04072118 0.04216309
0.04015305 0.04052029 0.04308161 0.04095245 0.04232058
0.04011537 0.03672267 0.0372906 0.0484966 0.03726382
0.03935193 0.0369411 0.04044104 0.04228799 0.03898493
0.05180206 0.04461498 0.04464394 0.03286874 0.03938109
0.04051177 0.03643442 0.03997754 0.04810721 0.03691227
0.03584532 0.04703138 0.04199019 0.03939369 0.0467028
0.04347742 0.03805299 0.0418228 0.03558304 0.04064082
0.03965643 0.04005301 0.03848195 0.04365475 0.04430572
0.03814518 0.04569595 0.0422465 0.03725998 0.04673416
0.04808865 0.04470319 0.04237108 0.0342286 0.0357099
0.04254065 0.04247675 0.04267954 0.03772515 0.03788372
0.03936037 0.0389101 0.0393722 0.03969788 0.04341825
0.03370371 0.03909447 0.04213227 0.04726042 0.03963862
0.04004175 0.0405061 0.04518251 0.03981318 0.03926357
0.04863777 0.04503937 0.04096392 0.03549329 0.04119924
0.0375327 0.04067156
