0.03922402 0.02555638 0.0355287 0.03793573 0.03929177
0.04119748 0.0352143 0.03954805 0.03567912 0.03959109
0.0367724 0.04150404 0.03740564 0.04045087 0.03797834
0.04260574 0.03982316 0.03504854 0.03255134 0.03836132
0.03736962 0.04031568 0.03337083 0.03907472 0.04172918
0.03998163 0.03735129 0.03603907 0.03449432 0.03214141
0.04156107 0.04098254 0.03731297 0.03645694 0.04016093
0.0400034 0.03915367 0.03740011 0.03404988 0.03934616
0.03880917 0.040196 0.03947546 0.04130237 0.03511896
0.03980628 0.03545255 0.04079599 0.03668604 0.03769568
0.04052357 0.03681714 0.03650772 0.03299189 0.04039331
0.03472588 0.03919955 0.03897427 0.04056588 0.03938329
0.03835092 0.04090157 0.03490095 0.04103778 0.03969964
0.04432423 0.04152823 0.03221779 0.03515025 0.03933488
0.03671324 0.04053062 0.03979202 0.04043092 0.04186547
0.03648144 0.03749935 0.03652251 0.03557948 0.03976806
0.03948789 0.04000645 0.03568891 0.0379819 0.04098016
0.0392561 0.03843343 0.03877285 0.03542518 0.0410955
0.03652942 0.03891775 0.03891836 0.03674073 0.04291945
0.03190056 0.03521671 0.03195619 0.03859865 0.0371601
0.03772879 0.04209528 0.04112248 0.03620831 0.04197347
0.04333651 0.03749083 0.03726191 0.03926914 0.04289766
0.03992709 0.03867084 0.03843125 0.03189405 0.03721163
0.03642466 0.03500728 0.03465632 0.03961735 0.04108464
0.03874579 0.03574991 0.04679369 0.03776826 0.03743462
0.03750105 0.03986879 0.04125903 0.03729201 0.03923181
0.04250802 0.0393544 0.0378796 0.03966047 0.03236737
0.03743972 0.03527766 0.03881513 0.03805115 0.0350416
0.04136364 0.03349027 0.0374745 0.03980292 0.03765932
0.04034633 0.03674535 0.03665112 0.03359195 0.03652118
0.03947955 0.04009102 0.04279448 0.0402143 0.044939
0.039922 0.03524169 0.03786203 0.03719161 0.03763436
0.0396729 0.04389288 0.04020137 0.03926856 0.03897243
0.03690351 0.03848073 0.0404328 0.03494383 0.03493456
0.03514056 0.0326119 0.03849029 0.03787617 0.04152298
0.03986914 0.03506933 0.03885636 0.03493078 0.0416093
0.0393138 0.03283978 0.03532608 0.04465754 0.0376979
0.03625215 0.04047988 0.04043114 0.03442574 0.05096261
0.03952169 0.04030823 0.03960032 0.038384 0.04373614
0.03813269 0.03876364 0.03664061 0.04537707 0.04318281
0.03368855 0.04042125
