0.03702342 0.02598119 0.03807838 0.04161813 0.04247809
0.0329092 0.04310891 0.03711661 0.03482445 0.03622868
0.03802741 0.03296914 0.04007414 0.04072631 0.04170709
0.04095195 0.0332216 0.03529621 0.0394285 0.03578923
0.04085658 0.04060314 0.03390537 0.03791492 0.03616909
0.03715689 0.04258793 0.04005755 0.03401303 0.03749948
0.03778044 0.04369667 0.04076898 0.03780236 0.03844401
0.03765447 0.03555263 0.04072013 0.03833954 0.0384281
0.03469954 0.03789162 0.03518897 0.03430473 0.03287319
0.04287914 0.03931649 0.03107691 0.03459963 0.03770198
0.03842131 0.03684787 0.0321685 0.03394925 0.03390345
0.03842283 0.04183587 0.04852547 0.03967395 0.03780517
0.03781068 0.03770836 0.04112789 0.03558271 0.03895123
0.03308083 0.03775018 0.03590941 0.0434206 0.04062112
0.032691 0.03852852 0.037889 0.04018694 0.04063466
0.03660591 0.03757813 0.03490069 0.03736149 0.04143194
0.03787087 0.0388817 0.04107359 0.03641863 0.04433109
0.0379116 0.03416799 0.03678073 0.03522184 0.04037331
0.03853926 0.03831688 0.04295608 0.03682042 0.03868378
0.03702237 0.03788599 0.03635609 0.03955661 0.03857542
0.03721836 0.03686497 0.03162596 0.03973097 0.03685074
0.03532593 0.03664005 0.03942652 0.04023198 0.04063692
0.03489654 0.04177285 0.03508553 0.03374663 0.04062331
0.04584314 0.03238137 0.04117653 0.04211765 0.03823057
0.03433993 0.03641385 0.03414928 0.03841482 0.03826699
0.03687246 0.0395256 0.03731292 0.04223762 0.03636852
0.03717575 0.0362076 0.037514 0.04118312 0.03355885
0.0401627 0.03623866 0.03768929 0.04239635 0.0399198
0.03658601 0.03669018 0.03594991 0.03737107 0.03892306
0.03453825 0.04065622 0.03469245 0.04101982 0.03623722
0.03892895 0.03439559 0.03425102 0.04045434 0.04079121
0.03197074 0.03531554 0.03786495 0.037797 0.03677875
0.03902983 0.03650428 0.03467901 0.03637762 0.04049619
0.04043443 0.03675699 0.04036789 0.03670081 0.0359096
0.03791294 0.03590117 0.03799134 0.03481515 0.04101891
0.04059183 0.0432169 0.04500344 0.03817456 0.03233023
0.03909562 0.03231594 0.0404074 0.03812315 0.03779801
0.04041189 0.04057591 0.03525612 0.03593909 0.03652257
0.04030094 0.03458638 0.04062679 0.03888924 0.03963754
0.03748017 0.037745 0.0362305 0.03791576 0.04119091
0.04105271 0.0385292
