0.04008519 0.02659848 0.03831982 0.0433597 0.03277582
0.03641361 0.04235595 0.04686432 0.04368333 0.04096494
0.04252986 0.03893278 0.04000826 0.0427507 0.04135397
0.04483771 0.04713873 0.04281694 0.04165418 0.04215493
0.04426305 0.04018196 0.04592357 0.03718007 0.04425817
0.03707399 0.0397358 0.04032602 0.04319452 0.04069271
0.03718858 0.04509273 0.03787056 0.04450936 0.03713802
0.03784388 0.04727211 0.03797016 0.04185221 0.04048189
0.04066416 0.03680514 0.03879607 0.03894087 0.03896638
0.04198561 0.04104328 0.03860926 0.04479284 0.04736988
0.04266189 0.04271933 0.03876393 0.04008554 0.03648163
0.03717181 0.0477888 0.03573723 0.04208846 0.03815864
0.04108213 0.04563322 0.03658091 0.04583424 0.04515919
0.04132783 0.04267764 0.03792022 0.04234324 0.0428794
0.04291525 0.0437581 0.04308839 0.04096637 0.04103718
0.03677836 0.04211755 0.04324893 0.03983471 0.04607758
0.04327953 0.03835691 0.04060748 0.04038886 0.04173837
0.04455128 0.0363511 0.04032494 0.0409166 0.04071156
0.03298668 0.04242758 0.04318911 0.04980188 0.03906461
0.04681779 0.03529671 0.04139253 0.03913626 0.04154414
0.03822864 0.03772709 0.04284603 0.04358993 0.04194092
0.0404835 0.04212774 0.04314305 0.04124302 0.04259439
0.03526207 0.04744734 0.0375379 0.03990189 0.04045119
0.03823704 0.04271589 0.04262215 0.03993772 0.04009008
0.04383038 0.04655263 0.04702518 0.03502249 0.04110825
0.03617873 0.04091478 0.03834271 0.04171574 0.03961327
0.04231984 0.03828161 0.03722938 0.03733648 0.04091294
0.03739949 0.04065849 0.03618171 0.03981202 0.03651683
0.03961772 0.0384269 0.03920734 0.04562573 0.04110649
0.03982464 0.0411531 0.03576177 0.04262556 0.04192695
0.04343569 0.04282285 0.04419277 0.04528311 0.03818379
0.04087013 0.04342208 0.0365532 0.03821828 0.03610648
0.0392184 0.04118463 0.03871165 0.03978071 0.04227928
0.04005396 0.04093912 0.03717381 0.04298935 0.04090105
0.04211652 0.04286397 0.04690205 0.04048802 0.04708969
0.04834187 0.04982307 0.04390511 0.04126308 0.04468814
0.04045686 0.03611284 0.0387089 0.03976763 0.03866907
0.04189202 0.0360867 0.04015375 0.04243977 0.0348192
0.04256905 0.04036534 0.04647777 0.04374865 0.04493737
0.03697336 0.03913012 0.04279644 0.04068052 0.03893233
0.04544253 0.0395213
