0.0380983 0.02509621 0.0387629 0.03920314 0.03837481
0.03712869 0.03607552 0.03461995 0.0246398 0.03489922
0.04525773 0.03720371 0.0377389 0.03897878 0.03475493
0.04039059 0.03437361 0.03697222 0.0359994 0.03967432
0.04206046 0.03661936 0.0358173 0.03332003 0.03565245
0.03723107 0.03946844 0.04382585 0.03928806 0.03577769
0.03461851 0.03863833 0.04003522 0.03909836 0.03466395
0.03791899 0.03606234 0.03369197 0.03837372 0.03791821
0.03611776 0.04029638 0.03707619 0.03501205 0.0409588
0.03760465 0.03912054 0.04053732 0.03406571 0.0382611
0.04371058 0.03537827 0.04051367 0.03757109 0.03067697
0.0384357 0.03615082 0.03580571 0.04411111 0.03617072
0.03266059 0.0308452 0.03596671 0.03568313 0.03458869
0.03868527 0.03911471 0.03269094 0.03110864 0.03546174
0.03764486 0.02893667 0.035048 0.02702094 0.04035636
0.03287579 0.03411333 0.03715057 0.0291824 0.03886511
0.03489843 0.03816107 0.03103522 0.04395012 0.03664106
0.03675452 0.0367498 0.03671311 0.03858628 0.03273817
0.03658858 0.03589528 0.03722496 0.03793967 0.03566576
0.04018913 0.03195119 0.03641282 0.04048243 0.03740296
0.0351425 0.03747351 0.03325599 0.0364397 0.03875065
0.04044653 0.03660532 0.03627128 0.03592754 0.03942721
0.0391813 0.03975401 0.03793475 0.04249781 0.04109023
0.03618385 0.03758952 0.03623642 0.03317073 0.0413069
0.03331584 0.03630675 0.0327911 0.03760209 0.03413012
0.03291843 0.04910885 0.03304067 0.03424564 0.03841275
0.03242708 0.03763765 0.0245717 0.03613709 0.0359928
0.04232609 0.03508642 0.03844314 0.0352822 0.03682596
0.03782301 0.04586974 0.03714687 0.03654592 0.03311226
0.04140947 0.03459359 0.03803678 0.03152751 0.03064128
0.03770178 0.03516413 0.03785091 0.03494427 0.03769057
0.03633921 0.03911935 0.03921783 0.03810112 0.03583666
0.03637062 0.03747356 0.03512487 0.03610123 0.04562998
0.03253992 0.03532898 0.03741991 0.0288271 0.03918748
0.0327461 0.0330384 0.03710119 0.03248259 0.03907467
0.03881877 0.03338133 0.03496211 0.03999646 0.03426236
0.03335333 0.04100206 0.03503907 0.03673666 0.03846608
0.03602044 0.03078577 0.03919565 0.03544719 0.03858331
0.03436108 0.03283889 0.04477777 0.03885375 0.03709611
0.03610155 0.03770359 0.03812779 0.02835202 0.03818259
0.0391413 0.03563283
