0.03602874 0.02555722 0.03446789 0.03671894 0.0311745
0.03584757 0.04091251 0.03697674 0.03540152 0.03469671
0.03538952 0.03149759 0.03537231 0.03295468 0.03251279
0.0318422 0.03303882 0.0364732 0.03651725 0.03244687
0.0326519 0.03249748 0.03367289 0.03189293 0.03479002
0.04001229 0.03553091 0.03251147 0.03167476 0.03775669
0.03535621 0.03291112 0.03572541 0.03122893 0.04295708
0.03863551 0.03367711 0.03382616 0.04099228 0.03357106
0.03376252 0.03733396 0.03644315 0.03839933 0.03073007
0.03405948 0.03192455 0.03766194 0.03557144 0.03214339
0.03203345 0.03668816 0.03271293 0.03833735 0.03739516
0.03318276 0.03204043 0.03404538 0.03333333 0.03892237
0.0349137 0.03381193 0.03390502 0.03703451 0.03371072
0.03700553 0.03395101 0.03279136 0.03435517 0.03943924
0.03312918 0.03445149 0.03479353 0.03423576 0.03662505
0.03376249 0.03618245 0.0391484 0.03521734 0.0338724
0.03379298 0.03030305 0.03452188 0.03953969 0.03706051
0.04068911 0.03537412 0.03189076 0.03531441 0.03122053
0.03725879 0.03641343 0.04347521 0.0340226 0.03371238
0.03183329 0.03486287 0.04571201 0.03852578 0.03784376
0.03370717 0.03434697 0.03568124 0.03560177 0.03247945
0.03966438 0.03594013 0.0314324 0.03671727 0.03855396
0.0378526 0.03981276 0.03592533 0.03745245 0.04494697
0.04376072 0.033391 0.03841355 0.03044683 0.03673442
0.03598491 0.03330811 0.03774549 0.03309726 0.03533913
0.03577754 0.03743186 0.03482513 0.03707452 0.03397057
0.0335628 0.03410652 0.0309625 0.0347015 0.03513487
0.03567262 0.03695191 0.0372506 0.03394247 0.03292384
0.03311453 0.03585404 0.03662915 0.04093239 0.03481388
0.03307961 0.03185381 0.03217841 0.03998907 0.03645022
0.03514026 0.03629932 0.0353722 0.03797836 0.03255392
0.03170236 0.03379025 0.03689538 0.03251743 0.03210794
0.03445252 0.03301427 0.03826161 0.03686608 0.03543541
0.03404084 0.03718321 0.03343301 0.03656492 0.03681975
0.03503019 0.03356783 0.03838411 0.0403202 0.0353261
0.03602092 0.03820198 0.03279009 0.03226475 0.0387169
0.03487875 0.0387334 0.03711762 0.03856354 0.03617501
0.04233482 0.03222118 0.03339832 0.03290887 0.0407105
0.03967737 0.03624052 0.03725856 0.03716782 0.03489855
0.04006321 0.03665872 0.03174311 0.03415992 0.02628634
0.04245871 0.02968698
