0.03920255 0.02758046 0.04574445 0.04629701 0.03710525
0.03668717 0.0392579 0.03570792 0.0404119 0.04563326
0.0382684 0.04139233 0.04068291 0.04332615 0.03941144
0.03940036 0.04604989 0.04417417 0.03994728 0.03685447
0.03835304 0.04366352 0.03430201 0.03873992 0.03430443
0.03398891 0.04253993 0.0421377 0.03649866 0.04018589
0.04448982 0.03837178 0.04553964 0.04074452 0.03290026
0.0354567 0.03804438 0.04545879 0.04082383 0.03448628
0.04624865 0.03626125 0.04352609 0.04391947 0.03639449
0.03990314 0.03879287 0.03680991 0.0337063 0.04311833
0.03890609 0.04201319 0.04325734 0.03837157 0.03654311
0.04110456 0.04021589 0.03840716 0.03759227 0.04213172
0.03854634 0.03623363 0.03656569 0.03824658 0.03951159
0.03580177 0.04245034 0.0404203 0.04712522 0.03992795
0.03995897 0.0405383 0.04216883 0.03641973 0.0435279
0.0487379 0.03887156 0.03751917 0.04286848 0.04105971
0.04333447 0.04140583 0.03802318 0.04118441 0.03907912
0.0540602 0.04224626 0.0396239 0.04043773 0.04209521
0.0365619 0.03925899 0.03887171 0.04243687 0.05376079
0.03469308 0.0423814 0.03967406 0.04277975 0.04680808
0.04115649 0.03687141 0.03914711 0.04177532 0.03997543
0.04338433 0.03505182 0.03924808 0.03989746 0.0456946
0.03890991 0.03697026 0.03681834 0.04338465 0.04582184
0.04074842 0.03254676 0.03761615 0.03802474 0.03736145
0.03380391 0.03779705 0.0360555 0.04766657 0.04097323
0.03608769 0.03871391 0.04568277 0.03863983 0.03392358
0.04192037 0.04027213 0.03692216 0.03898128 0.038106
0.03915857 0.0491708 0.04627197 0.03805041 0.03638697
0.04149857 0.04233993 0.04127206 0.03795633 0.03566154
0.03851372 0.04060108 0.05327335 0.04775247 0.03757538
0.03698623 0.0403503 0.0355863 0.03943694 0.04075953
0.04516848 0.03827772 0.04126399 0.03586443 0.03925187
0.04397678 0.03357248 0.03710871 0.03823355 0.04104167
0.04161589 0.04747149 0.03919078 0.03730707 0.03823506
0.04028779 0.04357721 0.04421501 0.03852177 0.035363
0.03937909 0.04234664 0.04738876 0.03595057 0.0374943
0.03792594 0.04113767 0.03679215 0.0423143 0.03854139
0.03894173 0.03692647 0.03635799 0.03648108 0.038093
0.04216408 0.03467824 0.04253772 0.0418052 0.041915
0.04541308 0.04115924 0.03674279 0.04189351 0.03849534
0.03795744 0.03746903
