0.0386205 0.02585204 0.03979533 0.03872012 0.03477832
0.03420057 0.03367593 0.03666124 0.04105879 0.03409812
0.03753133 0.03873832 0.03628594 0.03829117 0.03773086
0.03987534 0.03994101 0.03519361 0.03867735 0.03455723
0.03235137 0.0363915 0.04224096 0.0362573 0.03190341
0.03693724 0.03655154 0.03475045 0.04444933 0.03273727
0.03472847 0.02843856 0.03667852 0.0412941 0.03632026
0.03825921 0.03867308 0.04153676 0.03850952 0.03601079
0.03643375 0.03912454 0.03581692 0.03705938 0.0361654
0.03699347 0.03722076 0.03412983 0.03360543 0.04068991
0.03478763 0.03385531 0.03783673 0.03657236 0.03601714
0.03805028 0.03631561 0.04273843 0.03977083 0.03753977
0.03540908 0.03838293 0.03539233 0.03708812 0.03924669
0.04133688 0.04152496 0.04106609 0.03338301 0.04237641
0.03997316 0.03595384 0.03528477 0.03888637 0.03902974
0.0344734 0.03802875 0.03247073 0.03420021 0.03874441
0.04075982 0.03974564 0.03432896 0.04003328 0.04234001
0.04103495 0.03628528 0.03985655 0.03849768 0.03539715
0.03434738 0.03910358 0.029443 0.03643526 0.03802736
0.03560579 0.0371624 0.03763477 0.0410304 0.04197816
0.03668608 0.04009255 0.03952255 0.04468707 0.03867242
0.03782165 0.03957362 0.03798026 0.03469006 0.03577892
0.0345169 0.03917202 0.03787775 0.03510472 0.0363285
0.03724415 0.03873695 0.03401202 0.03490764 0.0359191
0.03702733 0.03764053 0.03295241 0.03613307 0.03704396
0.03881815 0.03994298 0.03013001 0.04119897 0.03933769
0.0295993 0.04562964 0.03595292 0.03919414 0.03664321
0.03950298 0.0387395 0.0348358 0.04180544 0.03606367
0.04184482 0.03375234 0.03690577 0.03909676 0.03502327
0.03435064 0.03932952 0.04087738 0.03887055 0.03583721
0.0389364 0.03554956 0.03413381 0.0385816 0.03839214
0.03858591 0.04053172 0.03395728 0.03375339 0.03817478
0.03547305 0.03397469 0.03822489 0.03902967 0.04071166
0.03379555 0.04050247 0.03453079 0.03752973 0.04039304
0.03677437 0.03845562 0.04159234 0.03803144 0.03532887
0.03783392 0.03967939 0.03974916 0.03580945 0.03758579
0.04061222 0.03665028 0.03439797 0.03680959 0.04186163
0.03306136 0.03676097 0.04059594 0.03845843 0.03516544
0.03585792 0.0418106 0.03715607 0.04116628 0.03995543
0.0351139 0.037008 0.04227038 0.03723337 0.03493393
0.04411198 0.03720372
