0.0422948 0.02839766 0.03910834 0.03579806 0.04673302
0.04274116 0.04525721 0.03596847 0.0375757 0.0360264
0.04058495 0.03943867 0.03436714 0.03965776 0.04168462
0.0376297 0.04580058 0.0389018 0.04131062 0.04085962
0.03864317 0.04660878 0.0331721 0.03792977 0.04463771
0.03999588 0.03951074 0.03837979 0.04274801 0.03666635
0.04170011 0.04877168 0.04420965 0.04335178 0.04150362
0.04103848 0.04423085 0.04616323 0.0471884 0.03533759
0.04068489 0.03934841 0.04481778 0.04139195 0.04121578
0.04747225 0.0377855 0.03885274 0.03748773 0.04134731
0.03556175 0.03759484 0.039944 0.0443312 0.03766512
0.04357153 0.04073941 0.04364989 0.03967989 0.04371969
0.04817171 0.0358933 0.03473035 0.04000358 0.0347818
0.04071384 0.04020219 0.04432329 0.03647432 0.03882228
0.03832034 0.03844611 0.03558092 0.03819906 0.0398714
0.0396644 0.04246584 0.04115963 0.03973363 0.04142469
0.03482775 0.04092388 0.04039748 0.03972594 0.04299452
0.0397168 0.03560647 0.04198656 0.04198211 0.04400527
0.03407084 0.04553394 0.04020778 0.04054826 0.04808289
0.03698839 0.03875043 0.03830683 0.04319075 0.04377745
0.04403607 0.04153612 0.04074023 0.04303802 0.04828546
0.04351506 0.04126064 0.04274518 0.04483056 0.04412334
0.04255649 0.0434529 0.04134769 0.04094005 0.03847212
0.0463922 0.03913832 0.04037809 0.04065645 0.03942783
0.04618371 0.04248192 0.04021854 0.04691278 0.03962813
0.03768496 0.03847555 0.04516017 0.04524784 0.04320733
0.03851387 0.04578582 0.03951698 0.04073258 0.04211009
0.04373748 0.03664264 0.04247354 0.0419678 0.04572801
0.04815481 0.03837927 0.04257094 0.0377525 0.03695009
0.04247034 0.04423698 0.04461412 0.04176958 0.04686914
0.03919551 0.0398103 0.04481898 0.04138238 0.0412836
0.04036146 0.03955136 0.04353068 0.03496971 0.04583426
0.0392575 0.04226566 0.03572263 0.04388299 0.04102098
0.0434573 0.041981 0.0449872 0.04149759 0.04093525
0.04565956 0.03373026 0.04323245 0.04168834 0.04272447
0.03964528 0.05142874 0.04432831 0.04328554 0.04038059
0.04443798 0.04198479 0.04281795 0.04014147 0.04465997
0.03767524 0.03766578 0.04315118 0.04015309 0.0415239
0.04112107 0.0510089 0.04082666 0.04536457 0.04097987
0.04648771 0.03588506 0.04316157 0.04269309 0.03919276
0.04288699 0.03698601
