0.03691706 0.02496992 0.03243846 0.03125409 0.03927828
0.04664394 0.03227992 0.03153754 0.03777511 0.04139959
0.04334237 0.0423374 0.03917028 0.03981826 0.03831643
0.0350881 0.03585674 0.0353132 0.04386493 0.04056453
0.06631097 0.03509363 0.0342858 0.04062267 0.03912156
0.04679397 0.03761911 0.03942016 0.03589152 0.03938332
0.0369968 0.03737682 0.0422776 0.03487404 0.03777447
0.04243081 0.03847333 0.04310566 0.03929074 0.03429437
0.04183246 0.04533294 0.04071604 0.02537636 0.03638203
0.04298447 0.03391536 0.0317434 0.0336633 0.03643998
0.04104648 0.04031566 0.03494018 0.03946695 0.03927559
0.03249012 0.04117536 0.03674694 0.03291662 0.03946667
0.03748212 0.04014356 0.03984995 0.03882553 0.04037506
0.04218436 0.04060211 0.04596516 0.03939292 0.03726389
0.04526906 0.04251161 0.0364254 0.03860471 0.04927786
0.04353565 0.03821472 0.03769275 0.03790269 0.03671556
0.03631086 0.03994276 0.03688655 0.04324871 0.06235217
0.04500859 0.03759034 0.03415367 0.03496418 0.03983197
0.03586831 0.03944446 0.04049188 0.0399622 0.04071481
0.03907979 0.03416895 0.04129423 0.03387728 0.03595673
0.05062717 0.05678272 0.03958174 0.03654357 0.04002338
0.03681003 0.03167598 0.03986821 0.02925316 0.03359875
0.04380508 0.0399337 0.0395222 0.03860898 0.04081886
0.03915598 0.03262292 0.04535366 0.03822334 0.03300316
0.03941277 0.0383128 0.03389922 0.04256645 0.04428989
0.03544103 0.03478247 0.04352034 0.04281785 0.03376968
0.03976634 0.03688421 0.03681781 0.03722927 0.03679328
0.04542957 0.03581719 0.05088231 0.0453014 0.0444784
0.03523277 0.03277341 0.03716608 0.04098075 0.03901306
0.03617669 0.03475242 0.03966315 0.0377195 0.04372332
0.04026316 0.0406924 0.03729596 0.04361282 0.03655588
0.03405463 0.0377918 0.03842116 0.03971491 0.04159957
0.03679554 0.0390182 0.0368194 0.03955828 0.03572548
0.03537725 0.03602737 0.03370806 0.04433168 0.04180338
0.0398721 0.03662975 0.04134428 0.0431633 0.03542442
0.03661559 0.04194747 0.04123932 0.04060661 0.03720598
0.04112213 0.03767529 0.05086616 0.03795653 0.0374376
0.0394853 0.03903718 0.03603841 0.03666427 0.03803994
0.03898818 0.04856561 0.04386513 0.02999886 0.03165043
0.03554114 0.03539162 0.03917764 0.03994227 0.04050926
0.03743387 0.03454358
