0.03839504 0.0263028 0.04140827 0.03764245 0.03372431
0.04422805 0.03943977 0.03726865 0.03885473 0.03887765
0.04149814 0.04080656 0.03524075 0.0387298 0.04006643
0.03829573 0.03747261 0.03900519 0.03933413 0.03490851
0.0350234 0.04209989 0.03896935 0.03795142 0.04113908
0.03792582 0.03853195 0.04047918 0.04297619 0.03852489
0.03642892 0.04050975 0.04333453 0.04064389 0.03515575
0.03653176 0.04503813 0.03946803 0.03897192 0.0362701
0.04082133 0.03938938 0.03335161 0.03844457 0.0371776
0.0359385 0.04698101 0.03951367 0.04266416 0.03900941
0.04104644 0.04207186 0.043906 0.04091847 0.04145096
0.03575167 0.03779473 0.04131639 0.03786785 0.0409713
0.03738696 0.03617126 0.03813786 0.03707433 0.04172771
0.03813835 0.04162602 0.0328352 0.03192301 0.04116618
0.03682904 0.03525 0.03531677 0.03722025 0.03466457
0.03713747 0.02767959 0.03837562 0.03555953 0.03051704
0.04103899 0.03447501 0.03791718 0.04158542 0.03526099
0.03325468 0.03660479 0.03178305 0.03782256 0.03830756
0.03829044 0.03875601 0.03758252 0.03582273 0.03453293
0.03968304 0.0353764 0.03956492 0.03476632 0.03856798
0.03977103 0.03544836 0.04211673 0.03588459 0.03792798
0.03612688 0.0324456 0.04528868 0.03807701 0.04417598
0.03987727 0.0311708 0.03885933 0.03765105 0.04018934
0.04165789 0.03963471 0.04020204 0.03336448 0.04093884
0.04067643 0.03783995 0.03322833 0.03191083 0.04100338
0.03723476 0.03562133 0.03758595 0.03562609 0.03175039
0.04101684 0.03499072 0.04028791 0.04182376 0.03620665
0.03651247 0.04078148 0.04277353 0.03658141 0.04162296
0.03933546 0.03725414 0.04229721 0.03846781 0.03448969
0.03624925 0.03739034 0.03646564 0.03708722 0.03448996
0.04032849 0.0331439 0.04292382 0.03343554 0.03299047
0.04038915 0.03551673 0.03446442 0.04464141 0.03976281
0.03660853 0.0435627 0.038675 0.03735222 0.03604847
0.03708296 0.03561471 0.0300759 0.04413884 0.0377936
0.03804443 0.03141737 0.03864514 0.03478668 0.03931172
0.03571573 0.03677441 0.03655628 0.0492937 0.03971489
0.03378056 0.04032182 0.04039122 0.03822615 0.03258874
0.04164057 0.04227003 0.03895306 0.03532893 0.03953205
0.03947794 0.03930329 0.03340696 0.03992319 0.03874382
0.03990705 0.04055671 0.03118868 0.04161031 0.04172152
0.03466603 0.04044191
