0.03943968 0.026874 0.04073404 0.03261564 0.0446555
0.04211406 0.04547217 0.04499303 0.03887502 0.0473776
0.03863664 0.04482888 0.04200383 0.05236471 0.04294023
0.06482268 0.05272693 0.04680527 0.04836496 0.03327105
0.04322625 0.05172445 0.05821614 0.03897218 0.04282602
0.037005 0.06589979 0.04965003 0.04070477 0.04031059
0.03795345 0.04110151 0.03683995 0.03937178 0.0332786
0.04287951 0.04314318 0.04216698 0.04826447 0.03483296
0.04838909 0.05917553 0.04773761 0.04253637 0.05470728
0.04378239 0.04263433 0.05161606 0.0373706 0.03679604
0.03692492 0.04099439 0.0414706 0.03604615 0.03625628
0.04562674 0.04014975 0.03886028 0.03510676 0.03912854
0.03891342 0.04088405 0.04981031 0.04451226 0.04139932
0.04286468 0.0398385 0.0504297 0.04130553 0.03771516
0.04472399 0.04213781 0.05201154 0.04091165 0.04294612
0.05588034 0.05430688 0.04863017 0.04263022 0.05236783
0.06043545 0.03705957 0.03213552 0.0375739 0.04032646
0.03935281 0.03758394 0.06833437 0.04952902 0.0394915
0.03913587 0.03708019 0.04498735 0.04160886 0.04974689
0.03695469 0.04428681 0.04563394 0.04302657 0.0721067
0.05316299 0.03784459 0.03740998 0.03816826 0.06164347
0.04463956 0.03980419 0.05712214 0.03509872 0.03700395
0.05259369 0.05086405 0.04163054 0.03332855 0.04358004
0.04557341 0.05961329 0.04266268 0.04164373 0.07792093
0.04111703 0.03739843 0.04824673 0.04719462 0.03982101
0.0366165 0.03719297 0.03910919 0.04283274 0.08783516
0.03298106 0.04746156 0.04679431 0.04370423 0.05602458
0.04379336 0.0359935 0.04012174 0.04467922 0.03889428
0.03201607 0.0384798 0.03683035 0.03974065 0.04915039
0.1068776 0.0475603 0.04175751 0.04156346 0.03897904
0.04140837 0.03978027 0.04361677 0.03904491 0.05048187
0.03783762 0.03998864 0.04875027 0.04186275 0.03943584
0.04210379 0.04235652 0.03900533 0.03734378 0.04348999
0.04860242 0.04157732 0.04564723 0.04672982 0.03896799
0.04408657 0.04380636 0.0445315 0.04639694 0.04443838
0.03846574 0.03820762 0.03667522 0.09640913 0.05038358
0.0663428 0.03758963 0.03995282 0.03944953 0.0471436
0.03770865 0.04124889 0.03830511 0.03888127 0.03723645
0.04798448 0.06155771 0.1284203 0.03951179 0.04133834
0.06330247 0.05145141 0.03867134 0.04012859 0.04339588
0.05347096 0.03882331
