0.03799695 0.02612107 0.04195476 0.03950476 0.0367776
0.03425944 0.04195079 0.03709074 0.03803842 0.03654945
0.04394691 0.03832302 0.04577426 0.03669836 0.03769112
0.04157258 0.04207789 0.03742861 0.04017144 0.03482221
0.03569163 0.03780514 0.03724856 0.03604126 0.03978683
0.04460681 0.03595358 0.04142498 0.04506127 0.03980674
0.03458752 0.04258582 0.03652074 0.03840015 0.03703141
0.03897957 0.04047135 0.04183924 0.04252041 0.0383392
0.03407852 0.03864207 0.0378802 0.03795301 0.04600295
0.03882179 0.0429283 0.03534461 0.03519826 0.0394616
0.041369 0.04126702 0.03680799 0.03896181 0.03548018
0.03815367 0.03892519 0.04076435 0.03119948 0.04148268
0.03787257 0.03579696 0.03641588 0.04593843 0.03761952
0.03805664 0.03644648 0.03912682 0.03856505 0.04219394
0.04031606 0.04061573 0.03901643 0.03671911 0.03698768
0.0391968 0.04240351 0.03459584 0.03468588 0.03623108
0.03773652 0.03495501 0.03527022 0.04005871 0.03339029
0.03429011 0.03384693 0.03984756 0.03790321 0.03696594
0.03981828 0.04410345 0.04010118 0.03775564 0.03824577
0.03929991 0.04312332 0.03850714 0.03786193 0.03565126
0.03800486 0.0418099 0.04175972 0.0390761 0.04303127
0.03433169 0.03717589 0.04179883 0.03674391 0.03882375
0.03645896 0.03766209 0.04128416 0.03548933 0.03965504
0.03813482 0.03535342 0.03726297 0.03569699 0.03748978
0.0377168 0.03364867 0.03717163 0.04009021 0.03969833
0.03976425 0.04301913 0.03263644 0.0402045 0.0379411
0.03763387 0.04280178 0.04551361 0.03649866 0.03306382
0.04168963 0.03706725 0.04635982 0.04380669 0.04081114
0.0384682 0.0400147 0.03892805 0.03655606 0.03894551
0.03870758 0.04058655 0.03614087 0.02968695 0.03809634
0.04153869 0.04460987 0.03424437 0.04133571 0.04350023
0.03919322 0.03852647 0.03681372 0.04198372 0.03607636
0.0397101 0.03733196 0.04285343 0.03917393 0.04609585
0.03526114 0.03908127 0.03936313 0.03519129 0.03434623
0.04114449 0.04212611 0.04287136 0.03902488 0.0373089
0.03657958 0.03365221 0.03640063 0.03424476 0.03894685
0.03598423 0.04151429 0.04417689 0.04009811 0.04064454
0.03860737 0.03656932 0.04276713 0.04240093 0.03851324
0.04263471 0.04113015 0.03800453 0.04017791 0.03958868
0.04152021 0.04312812 0.03841945 0.04241221 0.0415822
0.03555789 0.04416432
