0.03949989 0.02577852 0.0436437 0.03472062 0.033177
0.0392084 0.04152223 0.03730457 0.03768911 0.03484195
0.04013889 0.04000522 0.03831759 0.04005709 0.03708606
0.03678518 0.04140261 0.04153378 0.03992909 0.03590762
0.04120281 0.03294456 0.04125506 0.0345753 0.03762293
0.03992487 0.0344145 0.04611475 0.03618232 0.04118773
0.03502415 0.04118576 0.03538242 0.03697523 0.04141758
0.035937 0.03969082 0.03394939 0.04343211 0.03554521
0.0574484 0.03589716 0.04686573 0.03790935 0.04243486
0.03622239 0.04049418 0.03581397 0.03924296 0.0424335
0.04312 0.03941041 0.03961732 0.04069325 0.0381699
0.03934722 0.0412047 0.04253471 0.03745551 0.04070454
0.03875997 0.039711 0.04023436 0.0425483 0.03795339
0.03852575 0.04091559 0.04383505 0.03881315 0.04647104
0.03818545 0.04668815 0.03903596 0.03758106 0.03779745
0.03859443 0.03737331 0.03968131 0.03291029 0.03838273
0.04141156 0.03937256 0.03456159 0.03759184 0.03977742
0.03970085 0.03467665 0.04469716 0.03915338 0.0382344
0.03824806 0.04015959 0.03638284 0.04363096 0.04728384
0.03878599 0.03937697 0.03783906 0.0407869 0.03662964
0.04017092 0.04345388 0.03495838 0.03825717 0.04215991
0.03919152 0.03589692 0.03564195 0.04011533 0.03997363
0.04553047 0.0394122 0.04041352 0.03599619 0.03588118
0.04025022 0.03741003 0.04063833 0.04063819 0.04196185
0.03885836 0.04226314 0.03600287 0.03866958 0.0398258
0.04036932 0.04067392 0.05294981 0.03794965 0.04229448
0.04516122 0.04093106 0.03893893 0.0409938 0.03332109
0.04704685 0.04038604 0.03993849 0.03966766 0.0441495
0.03801759 0.03650115 0.04042659 0.04281759 0.03455462
0.03927182 0.04259868 0.04096327 0.03764489 0.03596425
0.04660788 0.04219013 0.04121064 0.04197246 0.03674298
0.04006194 0.04071145 0.03870769 0.04180613 0.04003245
0.0369015 0.04383716 0.03869484 0.03316676 0.03875088
0.0433788 0.03958319 0.03843592 0.04014935 0.03667548
0.040481 0.03727969 0.03747166 0.03971127 0.03902874
0.03929092 0.03446723 0.03671727 0.0344018 0.03538283
0.0395056 0.04014822 0.03968258 0.03920199 0.04245472
0.03773973 0.04009207 0.04131733 0.04361487 0.03961514
0.03777101 0.04062396 0.04154647 0.04063722 0.04218906
0.04183492 0.03504771 0.03607444 0.03839033 0.03824761
0.03711849 0.03798946
