0.03467642 0.02529883 0.02573606 0.04015115 0.02769964
0.0330396 0.03795978 0.03983269 0.03712653 0.03903832
0.03588888 0.03692554 0.03929744 0.03453076 0.03237321
0.03585506 0.03514158 0.03536767 0.03827544 0.0346071
0.03638301 0.03419403 0.03915627 0.03097898 0.03472935
0.03839375 0.03773402 0.03053146 0.03407473 0.0374712
0.03459454 0.03553127 0.03049634 0.03824826 0.03965487
0.03400667 0.03569974 0.03795159 0.04135183 0.04619942
0.03523195 0.03363689 0.03263487 0.03429452 0.03230016
0.03784667 0.03495621 0.03450488 0.03475845 0.03535603
0.03523429 0.03450337 0.03351664 0.03461679 0.03350576
0.036911 0.03814105 0.03140902 0.03381549 0.03880632
0.03610652 0.02744306 0.03099882 0.03092989 0.0369656
0.03595225 0.03701327 0.03213696 0.03366698 0.03415917
0.03805196 0.03451143 0.03421697 0.02950812 0.03432043
0.03352103 0.03387897 0.03103269 0.03394 0.03002209
0.03919618 0.03840146 0.03307614 0.03352325 0.03929682
0.03548046 0.0326191 0.03588274 0.03182819 0.03150827
0.0375778 0.04018626 0.03896517 0.0397482 0.03554452
0.03773738 0.03601124 0.03180626 0.0289202 0.04062761
0.03177347 0.03510191 0.0335349 0.03225236 0.03400134
0.037447 0.0399398 0.03478129 0.0349653 0.03210971
0.0328799 0.03602776 0.03363664 0.03292819 0.03441217
0.03307099 0.03457872 0.03674812 0.03145619 0.03588374
0.03099439 0.03429711 0.03975002 0.03554333 0.03277188
0.040691 0.03829666 0.03562123 0.04159776 0.04025712
0.03535582 0.0372585 0.03010427 0.03932944 0.04012249
0.03439803 0.03661118 0.02722489 0.03471613 0.03591237
0.03192159 0.03271127 0.03252851 0.03667464 0.03239156
0.03558286 0.03459536 0.03836708 0.03164769 0.03648675
0.03331975 0.02884216 0.03782827 0.03682392 0.03368171
0.03026243 0.03419302 0.03934614 0.03159311 0.03888126
0.03765731 0.0371326 0.03447005 0.03625058 0.03992384
0.03073036 0.0304687 0.03207203 0.04089125 0.04421257
0.03571487 0.03195892 0.03081475 0.03666025 0.03317031
0.03460247 0.03823759 0.02878978 0.03812512 0.03402794
0.03063043 0.0302261 0.03432253 0.03718858 0.03481065
0.03339909 0.033855 0.03308996 0.03586297 0.03344298
0.03589216 0.03277763 0.03921886 0.04003328 0.0323524
0.03599341 0.03360247 0.03469265 0.03599819 0.03044656
0.03781196 0.02994865
