0.04057759 0.02716423 0.03696636 0.04407905 0.04213732
0.04326596 0.03688457 0.03544472 0.04061924 0.03934478
0.04231173 0.04185228 0.03799398 0.03467617 0.04018639
0.03707182 0.03645661 0.03990025 0.039513 0.04019582
0.03768429 0.04048142 0.03680779 0.03672969 0.03542881
0.04031616 0.04223099 0.03796318 0.04053955 0.03984356
0.03758477 0.0360766 0.04087243 0.04230337 0.03673552
0.04021911 0.039019 0.04133709 0.03985281 0.0373531
0.04338275 0.0445836 0.03944284 0.03722689 0.04130891
0.0372887 0.04165417 0.03795166 0.04056325 0.04617008
0.03737938 0.04339455 0.04117029 0.03959916 0.04233514
0.04426987 0.03715149 0.04271556 0.03996572 0.0382478
0.0427559 0.03913996 0.03396202 0.0389351 0.0415232
0.04236079 0.03863765 0.03900293 0.03653497 0.04065746
0.0392117 0.03174588 0.03786526 0.03887262 0.03574899
0.04263974 0.04261972 0.04050082 0.04033459 0.04029301
0.03925762 0.0360347 0.04300268 0.04169378 0.04253712
0.03896345 0.03499002 0.03930167 0.04021605 0.03826408
0.04322375 0.03771832 0.04112214 0.03675104 0.03484856
0.04431756 0.0396738 0.04244599 0.04601516 0.04097951
0.03813289 0.04061853 0.03834591 0.03401504 0.04126305
0.03515962 0.03903244 0.03864783 0.04444563 0.03147334
0.04183014 0.04495535 0.03320516 0.03838645 0.03474937
0.0424667 0.04231055 0.04042989 0.04004572 0.04188493
0.03671436 0.03714874 0.04119745 0.04071407 0.04389846
0.03765478 0.03926143 0.03707156 0.04481204 0.03792945
0.03962836 0.04201583 0.04109873 0.03876506 0.038429
0.04441026 0.04130605 0.0391322 0.04228821 0.03392366
0.03785295 0.04085175 0.03999613 0.04009724 0.03779547
0.04031566 0.03758351 0.04121129 0.0393956 0.03887603
0.04367636 0.03971523 0.04169953 0.03894855 0.04127458
0.04657508 0.0402496 0.0334385 0.04359078 0.04028149
0.03995673 0.03806461 0.04139145 0.04127626 0.03847381
0.03900015 0.04039269 0.041096 0.03697929 0.04112236
0.03954919 0.03917888 0.04325109 0.04149025 0.03954035
0.03948996 0.04072379 0.03597105 0.04014461 0.04026033
0.04333664 0.04185014 0.03532937 0.04130784 0.04418471
0.04263998 0.0387645 0.0364043 0.04210029 0.03670493
0.04015329 0.03986012 0.03689933 0.04481967 0.03891838
0.04017548 0.03728572 0.04126217 0.04062924 0.03858973
0.03569189 0.03681369
