0.03728747 0.02635884 0.04057305 0.03398388 0.03662885
0.04059007 0.03435632 0.03581198 0.04234031 0.03705685
0.03646489 0.03897147 0.03800597 0.0324536 0.03342614
0.03781131 0.03204579 0.03466279 0.0348889 0.03273636
0.03662377 0.0385556 0.03522531 0.0345262 0.03530939
0.03307534 0.03759336 0.037215 0.0355555 0.04050141
0.03700142 0.03776874 0.03288434 0.03455031 0.03313879
0.03580469 0.03854899 0.03477217 0.03036552 0.0379526
0.0391417 0.03653093 0.03485317 0.03731353 0.03577457
0.04239668 0.0368915 0.03311747 0.0361345 0.03521988
0.03253434 0.03606759 0.03786935 0.03435184 0.03411002
0.03297812 0.03658542 0.03444643 0.04149388 0.03489584
0.03283653 0.04219051 0.0352839 0.03759824 0.04201244
0.03483441 0.03458438 0.03540883 0.03705094 0.03804177
0.03253689 0.03336429 0.03818122 0.03715871 0.0371234
0.03785726 0.03622189 0.03469788 0.03172792 0.03891063
0.03688907 0.04386029 0.03794513 0.03830245 0.03494447
0.03291387 0.03957913 0.04751168 0.03689759 0.0325367
0.03364924 0.04011156 0.03516822 0.03343111 0.03476889
0.03532807 0.03835886 0.03611863 0.03964726 0.03864742
0.03422892 0.03556072 0.03286618 0.03528802 0.03287687
0.04784896 0.02920269 0.03457571 0.03335724 0.03789378
0.03254676 0.0362489 0.03318795 0.03277991 0.04544122
0.03994382 0.03966969 0.03669609 0.0354545 0.03646029
0.03818799 0.03837226 0.0410958 0.03509786 0.03320222
0.03478833 0.0402861 0.03588541 0.03659109 0.0348794
0.03576617 0.03545663 0.03467813 0.03496356 0.03620316
0.03660066 0.03119482 0.04087108 0.03931835 0.04012354
0.03498354 0.03628262 0.03632129 0.03558448 0.03598963
0.03728441 0.0384577 0.0346685 0.03770853 0.03579461
0.03445272 0.04082926 0.03320591 0.03526428 0.03875586
0.0396346 0.03134483 0.04105098 0.03794706 0.03711939
0.03383912 0.03331148 0.03885918 0.03458145 0.03484262
0.03404081 0.03719559 0.03307573 0.03600102 0.03795693
0.04071156 0.03407169 0.03880978 0.03434928 0.03197258
0.04013776 0.04046019 0.03884554 0.03875421 0.03295398
0.03922439 0.03662411 0.04101109 0.03368001 0.03348202
0.03953422 0.0320107 0.03217948 0.03835055 0.0368136
0.03087242 0.03625215 0.03632092 0.0351494 0.02974812
0.04067933 0.03611728 0.03858412 0.03757567 0.03851815
0.03426166 0.03331042
