0.03706588 0.02603971 0.04012876 0.04303232 0.0452761
0.03431882 0.03444996 0.03321911 0.0415342 0.04161102
0.03402232 0.03276749 0.03720283 0.04309732 0.04127866
0.04103059 0.04061465 0.0407792 0.0391443 0.03897548
0.03992594 0.03453894 0.03994208 0.03455068 0.03774857
0.03611152 0.04005387 0.03826452 0.04522231 0.0382037
0.03711097 0.0379308 0.03692898 0.03971539 0.04143475
0.04131451 0.03578716 0.03691187 0.03992474 0.0401562
0.03255039 0.04488536 0.03452919 0.03786717 0.03679335
0.04787039 0.03829126 0.03392972 0.03625056 0.03993461
0.04054531 0.03983297 0.04073912 0.04174365 0.03536796
0.04159955 0.04904449 0.03732325 0.04285777 0.03695065
0.04115033 0.04671694 0.04202303 0.0424771 0.0360643
0.04312501 0.04060886 0.03916626 0.03696477 0.04271951
0.03741995 0.03509604 0.04054004 0.03602443 0.04379396
0.03599334 0.04099998 0.03115007 0.0351348 0.03191083
0.04395646 0.03412676 0.03520698 0.0412978 0.03452537
0.04361899 0.034961 0.04327166 0.03889604 0.04608079
0.04091663 0.03875735 0.04366224 0.04349505 0.04023994
0.03630884 0.04208585 0.03530755 0.03991946 0.04233353
0.03681979 0.03891405 0.04205955 0.03895369 0.03965316
0.03957961 0.03960036 0.04010591 0.04127379 0.04052554
0.04089803 0.03842475 0.04378697 0.03915302 0.04243244
0.04057322 0.03815414 0.05488337 0.03273111 0.04073795
0.03975511 0.04112733 0.03777224 0.03360331 0.04849648
0.035074 0.03672857 0.04038002 0.04428347 0.04588622
0.04490172 0.03628932 0.04027716 0.0430635 0.03814876
0.03729509 0.03276733 0.04083559 0.05179697 0.03804452
0.03841079 0.0404396 0.03447027 0.03659176 0.04735288
0.03652942 0.03444699 0.03865027 0.03714151 0.04344897
0.040181 0.0473508 0.03677296 0.04211169 0.0455194
0.04021049 0.03723444 0.03560789 0.03915316 0.04343255
0.03825507 0.03865054 0.04034958 0.03575972 0.04785918
0.03947388 0.04224347 0.04488587 0.04073342 0.03560458
0.03675448 0.03437263 0.04865981 0.03536891 0.03377705
0.04375889 0.03815323 0.04285936 0.04002164 0.03450108
0.04123968 0.04062487 0.04075084 0.04062455 0.04138573
0.03587211 0.03766314 0.03789842 0.04016715 0.03871834
0.03660969 0.03302155 0.0412232 0.03867754 0.03354387
0.03838366 0.04061011 0.04576429 0.03843048 0.03674508
0.04004633 0.03766128
