0.03901265 0.02635933 0.04125896 0.04182576 0.04433109
0.03546739 0.04250208 0.04016492 0.04085486 0.03672973
0.03994511 0.03963595 0.04078701 0.03707053 0.03984315
0.04095728 0.03721998 0.03783578 0.0380547 0.03489652
0.04029793 0.03955463 0.04111174 0.03927605 0.0437515
0.04186008 0.04077522 0.04140888 0.04019753 0.03867181
0.03789674 0.0387675 0.04028384 0.04134044 0.04205736
0.03414292 0.0393404 0.03896959 0.03540676 0.03748587
0.03611139 0.03600593 0.04228522 0.04089774 0.03419286
0.03705585 0.03977141 0.04017526 0.04162674 0.04275673
0.03630033 0.03897733 0.0342686 0.03458709 0.03985465
0.03402171 0.03666206 0.03808772 0.03921998 0.03981446
0.03603174 0.03280391 0.03787649 0.03809621 0.03585668
0.03977429 0.03648735 0.04059255 0.04656738 0.04047592
0.03566379 0.04165132 0.03801093 0.03731102 0.03927096
0.04055313 0.04464361 0.03542149 0.04361582 0.03888135
0.03720112 0.03769008 0.03889472 0.03764742 0.03810101
0.03299835 0.04152719 0.03548427 0.04266124 0.03447448
0.03766533 0.04222205 0.03658708 0.03760408 0.04077355
0.03913507 0.04019292 0.03617261 0.0382433 0.04116103
0.03494782 0.03924262 0.04314701 0.03717251 0.03691604
0.0371112 0.04261464 0.03968811 0.03603917 0.04171366
0.0381431 0.03600047 0.04096405 0.03729765 0.04294126
0.03932372 0.03697351 0.03410537 0.03727569 0.0451187
0.03781811 0.04209772 0.04108902 0.03716119 0.03820244
0.04260878 0.04323507 0.03861729 0.03641641 0.04344931
0.04234114 0.04093728 0.04027317 0.03816234 0.03665187
0.03953889 0.0388164 0.03411756 0.03536881 0.04361942
0.03512528 0.03711527 0.03882879 0.03281789 0.04232525
0.04017418 0.03951965 0.04463066 0.0363968 0.03542073
0.03765111 0.03420731 0.04096698 0.04354417 0.04186667
0.04274835 0.04007012 0.04147137 0.03859254 0.03825472
0.04380902 0.03930809 0.04083941 0.04153299 0.03848937
0.03950666 0.03626382 0.03724003 0.03628062 0.03970254
0.04049794 0.04067011 0.03877865 0.0379025 0.03898833
0.03398722 0.04103112 0.04341508 0.04122508 0.03647101
0.03764153 0.04088439 0.0375484 0.03838372 0.03274459
0.04242648 0.04281662 0.03533248 0.03513256 0.04010618
0.03479758 0.03351383 0.03938949 0.03713915 0.03652596
0.03651295 0.03909453 0.04468015 0.04191551 0.03711585
0.03968616 0.03958724
