0.04379612 0.02808725 0.04831731 0.04170879 0.03799605
0.04774212 0.03993041 0.0347756 0.04978301 0.06170292
0.04245623 0.04316232 0.04527371 0.0356709 0.03988493
0.04813771 0.04675479 0.04118717 0.04577737 0.04320724
0.04691084 0.03984957 0.03908535 0.04485314 0.04424692
0.04376277 0.04375611 0.04573082 0.05184642 0.04169932
0.05256178 0.04358309 0.04885613 0.04211084 0.04667759
0.04731163 0.0420351 0.04803984 0.04358892 0.0396092
0.04112788 0.03937305 0.043571 0.04784417 0.03959238
0.04312389 0.04101418 0.04102697 0.04131721 0.04773895
0.04236508 0.04263944 0.04974777 0.04750623 0.0386756
0.04931625 0.05184451 0.03667944 0.05440522 0.05014218
0.0500973 0.04023473 0.04390301 0.03457631 0.04381002
0.04636085 0.04075664 0.04545258 0.04542941 0.04140102
0.04074679 0.04582265 0.03958578 0.04739919 0.046857
0.04393383 0.04311824 0.04321217 0.0410041 0.0460208
0.04122995 0.04539397 0.04133063 0.04066207 0.04541563
0.04772687 0.04383646 0.03568704 0.0400035 0.04747547
0.03677953 0.05080677 0.04435629 0.03476554 0.04443259
0.04156742 0.04857155 0.0479397 0.0383948 0.04239008
0.04967057 0.04330659 0.03991977 0.05048255 0.0414652
0.0413384 0.0431982 0.04635112 0.04074434 0.04135377
0.04548238 0.04306366 0.04776518 0.04734679 0.04290198
0.04035777 0.03726611 0.04331812 0.05029616 0.04509588
0.0347472 0.04335741 0.0460196 0.0417471 0.04690409
0.04705118 0.04040506 0.04689368 0.05175369 0.04340355
0.03960894 0.04066693 0.04220189 0.04757922 0.04366543
0.04061757 0.04182516 0.04107953 0.04745646 0.04418085
0.04479475 0.04566734 0.04995042 0.03713541 0.05482661
0.04158142 0.04566196 0.04361449 0.04211344 0.03695255
0.04598348 0.0451263 0.04420485 0.04584228 0.04214048
0.04287868 0.04391501 0.04872016 0.04772968 0.04492693
0.03946137 0.04257728 0.04519465 0.03960948 0.05053261
0.04533798 0.04685212 0.04025089 0.03991692 0.03861453
0.04693604 0.05694217 0.04732611 0.03650691 0.04259653
0.04309288 0.03892254 0.04683718 0.04775446 0.04573182
0.04743112 0.04651676 0.04972963 0.05177795 0.04187069
0.04497886 0.04345652 0.0389077 0.03999672 0.04142969
0.04548046 0.03771977 0.04598288 0.04050402 0.03983983
0.03695237 0.04619218 0.04112075 0.0446421 0.0405492
0.0469078 0.04913215
