0.04225612 0.02819211 0.03703288 0.03924517 0.03952983
0.04386895 0.05072176 0.04247888 0.04590388 0.04116892
0.0453787 0.04303897 0.0405812 0.04767596 0.03619202
0.03869438 0.04307859 0.04254496 0.03883925 0.03852751
0.04187637 0.04345532 0.03448898 0.03592365 0.0414326
0.04198567 0.04260882 0.03680482 0.03283625 0.03748903
0.04041543 0.03989256 0.04391251 0.03664107 0.03802318
0.02857736 0.04310093 0.03621326 0.04228667 0.04527068
0.04173374 0.03821054 0.03741076 0.03321278 0.04034598
0.04319797 0.04082536 0.04348469 0.04517424 0.04087514
0.04224593 0.03465783 0.04122032 0.04082685 0.03627304
0.04043983 0.04222099 0.03931398 0.0419403 0.03984068
0.03815666 0.04117125 0.05030928 0.03640972 0.04011897
0.04289857 0.03851463 0.04148996 0.05058261 0.03975959
0.04176609 0.04046513 0.03366954 0.03539314 0.04510367
0.03485551 0.04021983 0.0371057 0.03608215 0.03673101
0.03996764 0.04521225 0.04331624 0.03942595 0.04172277
0.04514473 0.0367976 0.03948421 0.03842778 0.03632894
0.03829281 0.04553851 0.04365287 0.03805466 0.03944169
0.04264402 0.03715676 0.04109504 0.04051125 0.04117947
0.03821333 0.04515411 0.03676174 0.0410912 0.0437507
0.03990211 0.03193911 0.04001753 0.04008368 0.03759308
0.03704253 0.03856753 0.0424564 0.03952128 0.03959303
0.03966445 0.04550017 0.04025128 0.04390571 0.03670354
0.03904579 0.03793608 0.04177451 0.04028425 0.04180609
0.04008555 0.04061281 0.03914507 0.04350131 0.03629327
0.03696734 0.03317298 0.03807599 0.0464749 0.04972692
0.03710535 0.04035413 0.04305592 0.03874049 0.03568773
0.0404875 0.0337708 0.03440608 0.04016928 0.04323985
0.0444904 0.04684887 0.0447049 0.04309812 0.04473601
0.04372041 0.03706201 0.03922372 0.03982347 0.03866974
0.04076422 0.04065071 0.03642869 0.03857783 0.03675905
0.03998896 0.03662362 0.04033771 0.04194253 0.04180324
0.04464798 0.0375707 0.03914462 0.04312684 0.04265522
0.04178469 0.03769044 0.0418357 0.03743659 0.04141648
0.03890982 0.04268208 0.03887819 0.04696876 0.04094741
0.0301177 0.04639276 0.03856727 0.04265207 0.02831993
0.04033102 0.03851753 0.04161 0.04292331 0.03736321
0.04376182 0.0422004 0.0409332 0.03998121 0.04115972
0.03744623 0.04620028 0.03968975 0.03963994 0.04112263
0.03965582 0.03970644
