0.03917749 0.02733143 0.03904904 0.03268027 0.04348025
0.0405653 0.04792637 0.03745386 0.03635966 0.03925316
0.03511924 0.03691908 0.0351976 0.03723461 0.03811603
0.03821584 0.03760327 0.03574031 0.03920465 0.04023512
0.03711747 0.03619571 0.04048975 0.042599 0.03935342
0.04209114 0.04130742 0.03751621 0.03486424 0.03734308
0.0364264 0.04517052 0.03601953 0.04086556 0.04882822
0.04099205 0.04350673 0.03289049 0.0378131 0.04044695
0.04029114 0.03957147 0.03708171 0.03764513 0.04589372
0.04247802 0.03294003 0.03831915 0.04205796 0.03955311
0.03744067 0.04111717 0.0372944 0.0472505 0.04569297
0.04037821 0.03861827 0.035598 0.03554474 0.03939354
0.03805658 0.03856396 0.04347922 0.03769875 0.03756142
0.03918594 0.03874645 0.04038501 0.0368824 0.03716624
0.03767132 0.0403604 0.03668896 0.03698953 0.03701893
0.03759563 0.03838577 0.0375089 0.03925031 0.03841395
0.03954281 0.04200558 0.03499456 0.03735221 0.03791207
0.04341219 0.03473014 0.03980156 0.0348831 0.0377745
0.03650435 0.03504542 0.03592078 0.04226825 0.03335198
0.04873961 0.03870764 0.03795731 0.03608062 0.03848452
0.03843725 0.04024367 0.04130837 0.03994393 0.04071353
0.04383004 0.03727908 0.03954152 0.03435898 0.03626038
0.03688679 0.03960481 0.03760946 0.04026744 0.03366882
0.04112078 0.04036921 0.03956388 0.04215855 0.03470977
0.04127582 0.03178816 0.03722076 0.03889757 0.0381755
0.04199495 0.0380462 0.04158077 0.04072492 0.04209207
0.04421762 0.04324285 0.0417208 0.04132557 0.04051919
0.04479648 0.03773532 0.04227943 0.03823392 0.0369078
0.03936995 0.03633098 0.04001889 0.04410719 0.03833998
0.03710714 0.04344708 0.04152203 0.03847126 0.04385677
0.04078926 0.04019202 0.03890664 0.03954489 0.0353017
0.03690837 0.04614476 0.04287743 0.04056237 0.03985549
0.03833896 0.0380159 0.04268919 0.04176427 0.04281635
0.04348223 0.03869718 0.03930615 0.03927255 0.03588049
0.03664696 0.0400357 0.03690776 0.03983769 0.03895685
0.02981799 0.03898161 0.03880245 0.03706727 0.04322851
0.04055461 0.03981767 0.03909315 0.04021003 0.04169938
0.0376141 0.03782046 0.03801443 0.03699032 0.03823936
0.0409854 0.03842689 0.03996712 0.04098047 0.03941016
0.04370952 0.04194447 0.03807678 0.0319164 0.02880457
0.04020835 0.03834033
