0.0418886 0.02741487 0.041474 0.04353787 0.04286787
0.04648015 0.04491225 0.0371737 0.04181449 0.04223906
0.03941007 0.03794953 0.04195412 0.03794613 0.04817058
0.03682934 0.04034715 0.03091058 0.0427759 0.03810465
0.04494537 0.04045321 0.04435322 0.04103588 0.04231379
0.03933983 0.04376275 0.04543341 0.04199166 0.03778895
0.04118694 0.03593819 0.04104946 0.04284627 0.04052741
0.04333684 0.04182282 0.0409895 0.04503114 0.04546788
0.03307115 0.04459914 0.03812102 0.0409969 0.0422479
0.04232535 0.0402158 0.03393655 0.0459582 0.0424118
0.04086252 0.04103698 0.04192627 0.03894559 0.04013632
0.03938616 0.04254179 0.04269385 0.03636822 0.03529107
0.03888734 0.03850813 0.04342892 0.03300533 0.03923205
0.04342792 0.04122506 0.04917451 0.04296446 0.03859278
0.04500315 0.04081828 0.04189035 0.04389645 0.03617718
0.03950438 0.04205642 0.03736697 0.03770378 0.04381175
0.04950342 0.04113674 0.03871466 0.04361154 0.04005234
0.03960375 0.03844722 0.03886303 0.04620832 0.0373662
0.04289868 0.03687323 0.04334476 0.0477804 0.03776077
0.04899447 0.0360179 0.03789923 0.03861993 0.03873644
0.03762145 0.04390335 0.04168297 0.0395534 0.04084108
0.04241486 0.0377749 0.03785371 0.04180947 0.04269027
0.04175807 0.03817741 0.04121549 0.04081153 0.03561766
0.04112 0.04465925 0.04309846 0.03849664 0.04263533
0.04097849 0.04099608 0.03503333 0.03652192 0.04091018
0.04573849 0.03601494 0.04085583 0.0440244 0.03849357
0.0420872 0.0397985 0.03672509 0.04564609 0.04003583
0.04559011 0.0404368 0.04049114 0.04083789 0.04043761
0.03973568 0.04272739 0.02954369 0.04179096 0.03994998
0.04391032 0.03994252 0.03874734 0.04867522 0.03722399
0.04227341 0.03602021 0.04090487 0.0409442 0.03479339
0.0429769 0.04038121 0.04332082 0.04632174 0.04038068
0.04269419 0.03764051 0.03937815 0.04237246 0.03947085
0.03585513 0.04267897 0.04018385 0.03892842 0.04364658
0.04075821 0.04070768 0.03784046 0.04386188 0.03629517
0.04600333 0.04492967 0.04505278 0.03924532 0.04002519
0.03622937 0.03713571 0.03751884 0.04185158 0.04750417
0.04133927 0.04470783 0.03624912 0.04125655 0.04399763
0.04144984 0.04608943 0.04319787 0.04126893 0.04419021
0.03726883 0.04397786 0.04851928 0.04348814 0.03487034
0.0422901 0.04083561
