0.03704865 0.02525071 0.03334136 0.1566103 0.03562964
0.08776914 0.1289866 0.03791755 0.03566938 0.03984637
0.04177752 0.03922186 0.1734922 0.034665 0.03757474
0.03270628 0.03949667 0.04340957 0.1007793 0.03746726
0.03597608 0.0359103 0.04074929 0.03204876 0.03852911
0.03297258 0.04085329 0.096717 0.07615895 0.03716467
0.03982403 0.04075797 0.03738048 0.03496407 0.02638422
0.03137875 0.04054793 0.03260354 0.03262554 0.03143117
0.03571793 0.1561663 0.1306051 0.03888824 0.0655828
0.0408121 0.04135718 0.07597907 0.03285439 0.05376831
0.02865674 0.03934168 0.1833939 0.04433808 0.03402606
0.0447379 0.03856206 0.03829315 0.0344396 0.03024505
0.03790198 0.04082595 0.03624155 0.037731 0.0359194
0.03960593 0.03711698 0.04073466 0.03524077 0.03559804
0.1746428 0.03169807 0.1444288 0.04015757 0.1147298
0.03414804 0.03663009 0.03541842 0.02758563 0.03457617
0.03770031 0.03698095 0.04222594 0.04070529 0.02602336
0.04428821 0.03531356 0.1118048 0.03939243 0.06272671
0.06881618 0.04345358 0.03987247 0.04443001 0.03722511
0.04149932 0.03571558 0.1232176 0.03632996 0.02542175
0.04053425 0.03418501 0.04060405 0.04274453 0.06679893
0.04364789 0.0409406 0.03746192 0.05066639 0.04355859
0.03002392 0.03298663 0.1004967 0.03367476 0.03180388
0.07486833 0.03810232 0.05332882 0.02749065 0.02785433
0.03402059 0.03799003 0.04028156 0.1395949 0.03906883
0.07788102 0.0504872 0.03865928 0.1187815 0.03418388
0.04013073 0.04844749 0.05382041 0.02857738 0.03753104
0.05591839 0.03471309 0.03397204 0.07005441 0.03377499
0.04298096 0.03969017 0.03842434 0.03539265 0.03646115
0.02821781 0.03843937 0.035239 0.04026255 0.04013144
0.05137455 0.0384059 0.03989641 0.03983125 0.02597082
0.03292902 0.03666045 0.07357456 0.04141091 0.03526644
0.1510646 0.03676378 0.06929864 0.03135082 0.03648943
0.03901376 0.0281785 0.1435482 0.03792762 0.03587552
0.04000414 0.03953879 0.04332219 0.03269382 0.02911825
0.03884282 0.03306964 0.03824354 0.02730273 0.1025586
0.07857085 0.03296859 0.03023748 0.05690772 0.03342789
0.03824843 0.04449347 0.03344097 0.03856393 0.03750306
0.03756562 0.04570789 0.03972825 0.03967617 0.03944014
0.03997031 0.03901856 0.03111567 0.03794165 0.03546114
0.03784646 0.1019979
