0.03491617 0.02432007 0.03076947 0.03669967 0.04022617
0.04225102 0.03041112 0.03422561 0.03268898 0.03122243
0.03733344 0.03473045 0.03632734 0.0335138 0.03773017
0.03460399 0.03520945 0.03192744 0.03677295 0.03235468
0.03620113 0.03161689 0.03490967 0.04123788 0.03553915
0.03110053 0.03364109 0.03119778 0.03604772 0.04281461
0.03707312 0.03382267 0.03328436 0.03255921 0.03146245
0.03408011 0.03709642 0.04142918 0.03686216 0.03471177
0.0409612 0.03588704 0.03384057 0.03564995 0.03765676
0.03420677 0.03279238 0.03358549 0.03676626 0.03517641
0.03591431 0.03632165 0.03486146 0.0342783 0.03799224
0.03369077 0.03328127 0.03254195 0.03602837 0.04359564
0.04051453 0.03394814 0.03286244 0.03221479 0.02979936
0.03090626 0.03295434 0.0335412 0.03349933 0.02941506
0.03005298 0.03316989 0.03202332 0.03026691 0.03762093
0.03487269 0.03488709 0.03491466 0.0328298 0.03323005
0.0341708 0.03425919 0.031372 0.0377278 0.03489321
0.03596192 0.03433566 0.0284105 0.03520704 0.0347972
0.03726287 0.03257448 0.04847231 0.02996567 0.0345577
0.03684432 0.03191751 0.03861115 0.03042461 0.03103872
0.03313097 0.03418427 0.03299791 0.03445459 0.0281696
0.03504531 0.03537541 0.03725852 0.03516509 0.03763211
0.0388534 0.03836297 0.03161866 0.03334822 0.0347561
0.03712862 0.03581085 0.02933021 0.03646118 0.04045569
0.03490374 0.03385482 0.03456268 0.03376721 0.03988087
0.03448286 0.03601764 0.03103049 0.03777397 0.03291103
0.0304835 0.03480933 0.03512536 0.03600289 0.03276773
0.03796473 0.03688309 0.03807552 0.03128754 0.03600491
0.03591574 0.03194657 0.0376621 0.03988032 0.03573478
0.0326566 0.03392192 0.03522371 0.03293582 0.03762098
0.03803317 0.03415173 0.03916883 0.03025433 0.02931612
0.02889023 0.03141479 0.03270486 0.03575801 0.03806301
0.03029459 0.03215312 0.03326402 0.03700131 0.0336878
0.03983102 0.03456801 0.03645265 0.03321171 0.03794019
0.02832091 0.03355458 0.03556908 0.0330309 0.03436783
0.03162288 0.03712452 0.036714 0.0373896 0.03146148
0.03103883 0.03994231 0.04050857 0.03535122 0.03287565
0.03664618 0.03379101 0.0340565 0.02993606 0.0315652
0.03207383 0.03109747 0.02961082 0.03141031 0.02981106
0.03681931 0.03721773 0.03043224 0.03200717 0.03474145
0.03118459 0.03247645
