0.0409881 0.0266623 0.04048267 0.03244046 0.04590805
0.03979579 0.04024396 0.04341458 0.04179199 0.04002214
0.04015679 0.04142604 0.03816106 0.03326512 0.03886954
0.03415598 0.03539555 0.03993225 0.03802239 0.04281463
0.04019502 0.0377003 0.04212149 0.04199683 0.03869198
0.04313922 0.04218146 0.03315993 0.03870662 0.03693743
0.04166344 0.03856426 0.03917183 0.03651211 0.03830053
0.04120299 0.03839134 0.0469865 0.03869328 0.038719
0.03950596 0.03868424 0.03786118 0.04042077 0.04052877
0.03636901 0.04117758 0.0409717 0.04335703 0.04360818
0.03849878 0.03633134 0.04277413 0.03774246 0.04206526
0.03779616 0.03860787 0.04291658 0.03872922 0.04130948
0.04137645 0.03528056 0.03631314 0.03688214 0.04280389
0.03895565 0.04535842 0.04376105 0.03806202 0.03697045
0.04162455 0.04564998 0.03935936 0.04385146 0.0359399
0.04178346 0.03841205 0.04025014 0.04085281 0.03568687
0.04192103 0.0429839 0.03878326 0.04550552 0.04268968
0.04211619 0.03774022 0.03717534 0.03854552 0.03706849
0.03861243 0.03632322 0.03591907 0.04566391 0.03969867
0.03917665 0.0424149 0.04096209 0.04029057 0.03977986
0.04105844 0.04210995 0.03879111 0.04198624 0.03696209
0.04176298 0.03914474 0.04158348 0.04396522 0.04071573
0.0355289 0.03551694 0.04157662 0.03897896 0.04091882
0.03769389 0.0413802 0.04035934 0.04155581 0.03558199
0.0422856 0.0395272 0.03497875 0.03969827 0.0356406
0.03892711 0.03795211 0.03742186 0.03629284 0.03789018
0.04068638 0.03951153 0.04265672 0.04195061 0.041248
0.03748548 0.04509251 0.0415329 0.04125977 0.03839175
0.03912467 0.03989104 0.03778832 0.04306314 0.04492787
0.04342333 0.037994 0.03833442 0.04144225 0.04361644
0.03404366 0.03901109 0.03969992 0.04448817 0.0354227
0.03589421 0.04894834 0.04570646 0.04023062 0.03251078
0.04022845 0.04344881 0.0400217 0.04016219 0.04472293
0.03836237 0.03826897 0.04005307 0.04385991 0.04331024
0.03943976 0.04000136 0.03960256 0.04410925 0.0420315
0.03819191 0.0455936 0.04557184 0.03352678 0.04075759
0.04019615 0.03680533 0.03728396 0.05094444 0.03751287
0.03888358 0.04323806 0.04043801 0.03785598 0.04047036
0.03632785 0.04040737 0.0394566 0.0447848 0.0398187
0.03642364 0.03808205 0.04106605 0.04178776 0.0419204
0.04476485 0.04682678
