0.04409106 0.02695455 0.03927846 0.03412335 0.1553489
0.04632754 0.04281579 0.04753865 0.04598881 0.04273194
0.07952782 0.04849951 0.04898521 0.04005618 0.03843797
0.0397098 0.04646241 0.03921742 0.04136329 0.05469168
0.03851075 0.07526775 0.05099442 0.02858886 0.04719448
0.08720013 0.03697986 0.0465407 0.06261295 0.04581736
0.05910717 0.04927467 0.0395731 0.04491702 0.04811362
0.04780646 0.04558417 0.0277301 0.05214613 0.04469933
0.04611638 0.03935666 0.03257318 0.03844045 0.05657176
0.03172807 0.04916357 0.05159979 0.03073911 0.04568327
0.0428498 0.04636763 0.04632367 0.03978655 0.0343806
0.03757627 0.04642539 0.04172558 0.05015826 0.05105639
0.04268052 0.046761 0.03397476 0.03962478 0.04089897
0.05099796 0.07211377 0.04167461 0.04487819 0.04322899
0.04985102 0.03876648 0.04671117 0.04793038 0.04305326
0.05180758 0.04612555 0.05435776 0.03776984 0.05088883
0.04739087 0.03764978 0.04776695 0.05039725 0.04286299
0.04163949 0.04533281 0.03036061 0.04488682 0.04245834
0.05778542 0.04320976 0.04783303 0.04794467 0.1363861
0.05455481 0.04314071 0.06206644 0.04361638 0.03881394
0.03620886 0.03225755 0.04809253 0.07571223 0.04875186
0.04621187 0.0425515 0.04504786 0.04382869 0.04413118
0.04872507 0.04106931 0.04186098 0.04606262 0.04482953
0.03779413 0.03967001 0.05920522 0.03150405 0.04301466
0.05068243 0.0436181 0.06977883 0.0336105 0.04589726
0.04684005 0.04833723 0.04041301 0.05263646 0.04676581
0.08790077 0.04190893 0.04583373 0.0392577 0.04631883
0.05778769 0.03986717 0.03201229 0.04033573 0.04939688
0.05625521 0.03505163 0.04459165 0.05413816 0.0455095
0.05856953 0.153638 0.0555434 0.03666251 0.04749881
0.07256095 0.03512664 0.03709006 0.04036125 0.04650688
0.04918166 0.04217842 0.04222738 0.06482283 0.03258052
0.03590617 0.04380371 0.04417501 0.03959196 0.04959866
0.02970942 0.04812406 0.04424992 0.03699985 0.03490001
0.04398745 0.04729439 0.04328314 0.04069152 0.04238797
0.04187476 0.03944984 0.03937835 0.0447815 0.044389
0.03544107 0.0461912 0.02874826 0.04887152 0.03442961
0.04482494 0.0376484 0.05077912 0.0472864 0.04721708
0.06412263 0.03984017 0.03076716 0.04309645 0.04536382
0.05113798 0.03979129 0.05424051 0.03575939 0.02988348
0.03677827 0.04283328
