0.03784959 0.02565135 0.0338125 0.03959965 0.03905991
0.03587464 0.04019757 0.03722726 0.04074779 0.03407971
0.04131186 0.03732025 0.03707025 0.03445777 0.03741071
0.03498594 0.03642982 0.04063189 0.03576879 0.03991473
0.03632501 0.03679298 0.03723534 0.03680452 0.03755873
0.03843799 0.04024595 0.04167998 0.03783363 0.03677773
0.04349616 0.03752892 0.03691996 0.03726594 0.03958305
0.03312217 0.03623148 0.03886954 0.04460531 0.03423267
0.04221296 0.03285628 0.03871933 0.03277513 0.04141372
0.04140057 0.03666978 0.03196453 0.03511609 0.03879473
0.03609485 0.03680182 0.03503591 0.04162216 0.03546255
0.04101243 0.0401501 0.03760062 0.04059801 0.03361914
0.03729763 0.04099853 0.03582789 0.03874107 0.03297531
0.03975579 0.03999762 0.0364513 0.03531044 0.03957855
0.03367738 0.04356285 0.03905133 0.03936989 0.03823693
0.0355015 0.0400125 0.03775048 0.03589558 0.03251464
0.03986306 0.03561393 0.0379513 0.03788075 0.03983098
0.0370826 0.040155 0.03692367 0.03936097 0.03393231
0.03394681 0.03927014 0.04124747 0.04069588 0.03927374
0.03604675 0.03701798 0.03610122 0.03821518 0.03868271
0.03693836 0.03741233 0.03322416 0.03820351 0.04003685
0.04094242 0.0339538 0.03458343 0.03935527 0.03797589
0.04072268 0.04099955 0.03983379 0.03252379 0.03870322
0.03568499 0.03751801 0.03647305 0.03940569 0.04588469
0.04379807 0.04072234 0.03768975 0.03734602 0.03930955
0.03641443 0.04250549 0.03734834 0.03709899 0.03766549
0.03837286 0.04060482 0.04041704 0.03747572 0.03778416
0.03532584 0.03467648 0.03762003 0.03849857 0.03507411
0.03555789 0.03571726 0.03643029 0.03377528 0.04018758
0.03895505 0.03910089 0.03506722 0.03921549 0.03874566
0.03875895 0.03417246 0.04016205 0.03355617 0.03507673
0.0361004 0.03713313 0.03980595 0.03586052 0.03906348
0.04033389 0.04226107 0.03950035 0.03637432 0.03484601
0.04138063 0.040426 0.03538244 0.03582557 0.04035164
0.03861117 0.04047793 0.04150302 0.03208832 0.03885791
0.03943909 0.03509021 0.03815421 0.03731295 0.04158236
0.04048457 0.03342906 0.03198443 0.03864409 0.04051537
0.04457151 0.02888639 0.03851229 0.0370282 0.04526324
0.0406039 0.03786795 0.03593842 0.03796648 0.04139275
0.0397329 0.04023707 0.03568481 0.03384545 0.03594561
0.03525183 0.03396934
