0.04273066 0.02716825 0.04585153 0.04324159 0.03806479
0.04158937 0.03975825 0.04787806 0.0410582 0.04122541
0.03914825 0.04143319 0.04684831 0.04293565 0.04208404
0.03974095 0.04182932 0.04212965 0.04270591 0.04143766
0.04308237 0.04909249 0.05099388 0.03560547 0.04205371
0.04225556 0.04122996 0.04267726 0.04454232 0.03958174
0.03999182 0.03672944 0.04025442 0.04445888 0.04053248
0.04239941 0.042764 0.0355198 0.03726761 0.04187744
0.03963706 0.04206322 0.04028564 0.04112755 0.0410839
0.04213339 0.04484335 0.04602292 0.0400886 0.04582016
0.0388396 0.0476061 0.04033289 0.04266957 0.04051047
0.04280483 0.0499456 0.04069294 0.04168266 0.03972859
0.04495804 0.0402118 0.04140889 0.03878958 0.03656872
0.04390458 0.03521649 0.04362946 0.04783158 0.04311882
0.04278424 0.0433353 0.0419578 0.05043888 0.04240779
0.04109801 0.04764267 0.0426287 0.03981041 0.04336529
0.04180488 0.04259204 0.03738618 0.0434907 0.04235924
0.04980636 0.03993147 0.03488294 0.04541169 0.03741775
0.03932051 0.03786118 0.03936415 0.03524328 0.03900567
0.04018552 0.03779316 0.04338612 0.046415 0.039342
0.04293649 0.03967652 0.04521191 0.0405572 0.03780092
0.04533636 0.03902948 0.034133 0.03978791 0.03366285
0.0399682 0.04994242 0.04154335 0.03909687 0.0390717
0.04454087 0.04283035 0.04489063 0.03883249 0.04635095
0.04401472 0.04291493 0.04246065 0.04070863 0.04006007
0.04807276 0.04527589 0.04386831 0.04294793 0.04558444
0.04388398 0.05223952 0.04098963 0.03917233 0.03564853
0.04408981 0.04173448 0.04576006 0.03878087 0.04182471
0.03838871 0.04187716 0.0382576 0.03990845 0.04421857
0.04154431 0.0447951 0.04837694 0.04179978 0.04170975
0.04017202 0.04116036 0.04638717 0.04183937 0.04526246
0.0445027 0.03954701 0.04453761 0.04035041 0.04150038
0.03719573 0.03833106 0.03706591 0.04865062 0.03778249
0.03902823 0.04425508 0.04616047 0.04304383 0.03995886
0.0422013 0.04195711 0.04288261 0.04468068 0.04333617
0.03858429 0.04053278 0.04040705 0.03603029 0.04004744
0.03991544 0.04288813 0.04383727 0.03839366 0.03827361
0.04615953 0.04939207 0.03898676 0.04214519 0.04277862
0.04599956 0.03828035 0.0421039 0.04028885 0.03335117
0.04157897 0.04726201 0.0473094 0.04094629 0.04909801
0.04262479 0.0451839
