0.03312379 0.02306785 0.03584685 0.03425316 0.03204772
0.03290976 0.02880651 0.02935795 0.03801912 0.03381047
0.03287476 0.03253179 0.03725494 0.03295157 0.03364731
0.03348836 0.03526429 0.03507996 0.03511774 0.03158195
0.03620608 0.0278834 0.03062615 0.0323041 0.03060163
0.03332714 0.02421339 0.03336279 0.02976786 0.02701949
0.0302798 0.02687915 0.03068076 0.03395675 0.03323754
0.03226006 0.03296313 0.0328403 0.03721829 0.03361431
0.0376862 0.03153861 0.02768214 0.03414507 0.02951839
0.03016755 0.03089703 0.03263491 0.03462355 0.03269572
0.03280966 0.0312898 0.0306386 0.03018046 0.03518833
0.03169998 0.03311126 0.02936668 0.03443911 0.02932103
0.03127699 0.0320476 0.03469243 0.03194093 0.03553525
0.03080675 0.03105537 0.03297786 0.03082068 0.03848488
0.03098063 0.03226068 0.03605063 0.02889917 0.02749387
0.03025649 0.03126275 0.03861616 0.02832596 0.03368263
0.03101171 0.03393055 0.02845777 0.03453982 0.03716295
0.03320666 0.02966345 0.03553503 0.03078124 0.03273769
0.0371239 0.02778859 0.0289519 0.03192511 0.03068841
0.03121181 0.03080104 0.03449949 0.03791546 0.03298683
0.03345928 0.02733161 0.0299613 0.03076368 0.03338844
0.03090955 0.03418864 0.032629 0.03860043 0.03170111
0.02965653 0.03845164 0.03182104 0.03159961 0.02832132
0.03484658 0.03690836 0.0352298 0.03225961 0.03351673
0.03559333 0.03353969 0.03506007 0.03451656 0.02714501
0.03603825 0.03031327 0.030471 0.03066884 0.03319183
0.03532587 0.03388634 0.03017777 0.03315198 0.03552153
0.03235933 0.03067906 0.03085135 0.03415117 0.03496381
0.03184633 0.03450978 0.03274836 0.03386548 0.03280684
0.03319375 0.02883328 0.0352698 0.03512212 0.03243839
0.03906606 0.03324997 0.03192594 0.03673717 0.03487741
0.0287209 0.0341881 0.03517731 0.03355687 0.0390194
0.0307508 0.02542933 0.03187621 0.03287329 0.02920262
0.0272349 0.03317576 0.03479105 0.03158868 0.03366531
0.03518204 0.03184834 0.03145407 0.0341842 0.03240975
0.03420639 0.03085614 0.03745916 0.03029913 0.03077757
0.03122 0.0303304 0.03447247 0.03302961 0.02993857
0.03147089 0.03549769 0.03368587 0.03175135 0.03215185
0.03306658 0.03423703 0.03427103 0.03677533 0.03210275
0.03133627 0.0366472 0.03283682 0.03640442 0.02943716
0.02857276 0.03197077
