0.03970036 0.02685292 0.04091443 0.0392218 0.03842159
0.04060317 0.04399365 0.03750842 0.04364314 0.04121294
0.03879096 0.04100927 0.04633082 0.0417721 0.03584345
0.03656368 0.03980158 0.03896479 0.04181429 0.04032844
0.04127564 0.04134501 0.04856935 0.037836 0.04327483
0.03961742 0.0366123 0.04206609 0.04261767 0.0391802
0.04230902 0.03978707 0.04323677 0.04231121 0.03863944
0.04779062 0.03868427 0.03397135 0.04488895 0.03929982
0.04204045 0.04107687 0.03950995 0.03997989 0.03591872
0.0431229 0.04120093 0.04052945 0.03779269 0.04281694
0.04177461 0.04079062 0.04112922 0.04493621 0.03977013
0.04906495 0.04453281 0.03653213 0.03853468 0.0457007
0.04222081 0.03954662 0.04154417 0.03723286 0.04123329
0.03674112 0.03805306 0.03757905 0.04314594 0.04144214
0.03708278 0.04780335 0.04435405 0.04373137 0.0344773
0.0443084 0.03901253 0.03760059 0.04834962 0.03086304
0.03756875 0.04208691 0.03380093 0.03600602 0.03359221
0.03872476 0.03718475 0.03736847 0.03732676 0.03875291
0.04455923 0.04007752 0.03792806 0.03833862 0.03847227
0.04280872 0.03745554 0.03763919 0.04105598 0.0374611
0.03752583 0.04326187 0.0463055 0.0403547 0.04226626
0.03932047 0.03574009 0.04674364 0.04153386 0.04223536
0.04190674 0.03881111 0.03733996 0.04263075 0.03886398
0.04020571 0.03946458 0.03799844 0.03824738 0.03975919
0.04167086 0.04344636 0.03712823 0.0405991 0.03993164
0.03700891 0.04100234 0.03804171 0.03789475 0.03636023
0.04316221 0.04571824 0.04201061 0.04227301 0.04005353
0.04466699 0.04108849 0.03869756 0.04488185 0.03932797
0.03518504 0.04444503 0.04529149 0.03919156 0.03913671
0.04134654 0.04069624 0.04209702 0.04404039 0.04212816
0.04056732 0.03979739 0.0369612 0.04676902 0.04000382
0.04343915 0.05774826 0.03622859 0.03627222 0.04216285
0.04733233 0.04110178 0.03794961 0.04354426 0.03660045
0.03968615 0.03836177 0.03893952 0.03985728 0.04271542
0.04205411 0.03984286 0.0395037 0.0369189 0.03660782
0.03835564 0.05163317 0.03880374 0.04515444 0.04197473
0.03360897 0.03772452 0.04325733 0.04541975 0.04085588
0.03620309 0.0361317 0.04409437 0.03915595 0.03392495
0.0367552 0.03698864 0.04400358 0.03868085 0.04412131
0.04103035 0.04010127 0.04285426 0.04468792 0.03502365
0.03837846 0.04434938
