0.04050321 0.02622361 0.03901307 0.03740821 0.0394823
0.03979245 0.04136003 0.0370437 0.03617215 0.03595057
0.04250165 0.04041758 0.03627844 0.03689668 0.03242602
0.04281979 0.03851561 0.03876454 0.04302789 0.03880472
0.03742999 0.03436621 0.03972661 0.03243316 0.0361871
0.03940719 0.03620687 0.03943645 0.03583652 0.04050171
0.0365695 0.0423868 0.03273007 0.03646396 0.04156261
0.03790588 0.03748424 0.03592934 0.03550222 0.04151472
0.03680888 0.04120858 0.03912595 0.03430228 0.03432672
0.03621372 0.0337377 0.03310266 0.03807544 0.03619747
0.03864145 0.04193222 0.04065367 0.03373499 0.03887173
0.03662708 0.03641037 0.04126 0.03415745 0.03724353
0.04160102 0.03729792 0.0415478 0.03165854 0.03615325
0.03885403 0.03634975 0.03574193 0.03953397 0.03634949
0.03656246 0.03633131 0.03696468 0.0333922 0.04074108
0.04000362 0.03782035 0.04025915 0.03698386 0.04199081
0.04140958 0.03883732 0.04436295 0.03199143 0.0394586
0.03881707 0.03591695 0.03679811 0.03842441 0.03581853
0.03723543 0.03369872 0.03645862 0.03367984 0.03659405
0.03554926 0.04081897 0.03855948 0.03932465 0.03230012
0.03849592 0.04127476 0.04013908 0.03760359 0.03713684
0.03446026 0.03418429 0.03626706 0.03876452 0.04127369
0.04116414 0.03686783 0.03682313 0.04138682 0.04310097
0.03829208 0.03795684 0.04170034 0.03683374 0.03750079
0.03408228 0.03804685 0.0386908 0.03622104 0.03914777
0.03606076 0.03790087 0.03817665 0.04333545 0.03736765
0.03343193 0.04201757 0.03921832 0.0393793 0.04201571
0.03857176 0.04223793 0.03677346 0.03577095 0.03370515
0.03833772 0.03391469 0.03833896 0.04003861 0.03571862
0.04278808 0.03335808 0.03962922 0.04020624 0.03663739
0.04037237 0.03729801 0.03645564 0.04020996 0.04683947
0.04087711 0.04111446 0.04101215 0.03581437 0.04342781
0.03886477 0.0413616 0.03532407 0.03861856 0.03578042
0.04119808 0.03862938 0.0411566 0.04676469 0.0431515
0.03803049 0.03592897 0.04123619 0.04263437 0.04042882
0.03613941 0.036001 0.04067961 0.03662549 0.04115514
0.04002122 0.03684215 0.03979535 0.04023461 0.03885181
0.03991606 0.03907941 0.02851807 0.03480297 0.04006923
0.04063097 0.03944787 0.03429363 0.03571926 0.04125615
0.04111476 0.03685164 0.03804443 0.03370115 0.03895324
0.03857262 0.03583338
