0.036258 0.02479386 0.03368308 0.03953701 0.03565132
0.03255568 0.03521304 0.03500489 0.03148577 0.03786351
0.03380912 0.03961007 0.04487272 0.03676044 0.03400885
0.03500648 0.03738428 0.0444619 0.03905642 0.03502132
0.03454433 0.03334588 0.03773217 0.03857296 0.03411946
0.03207265 0.03590272 0.03913481 0.03659644 0.04069447
0.04050945 0.03587019 0.03695094 0.03302517 0.03306804
0.03271904 0.03985422 0.03668743 0.03172871 0.03648092
0.03588214 0.03614927 0.03779186 0.03104993 0.03808356
0.03208727 0.03375373 0.03601647 0.0394731 0.03723794
0.03952556 0.0354102 0.03558575 0.03616572 0.03830932
0.04221086 0.02990357 0.04138358 0.03715459 0.03198812
0.03279758 0.03815608 0.03980341 0.0299179 0.03414971
0.03630799 0.03644185 0.04046694 0.03440584 0.030673
0.03434049 0.03990396 0.0379676 0.03332271 0.03821635
0.04086214 0.03226289 0.02966502 0.03442106 0.03443549
0.03322623 0.0361121 0.03592666 0.0367215 0.03723203
0.03182901 0.03555713 0.03169928 0.029016 0.03706466
0.03895516 0.03719317 0.03829508 0.03715967 0.03826866
0.03291446 0.03592691 0.03722246 0.03544605 0.03949146
0.03825936 0.0342907 0.03564091 0.03706786 0.03585189
0.03535679 0.03740002 0.0313014 0.03394169 0.03369229
0.03696596 0.03249143 0.04127238 0.03237452 0.03652328
0.03748472 0.03109738 0.03187437 0.03883831 0.03234092
0.03194521 0.035247 0.03517484 0.03492537 0.0362538
0.03292615 0.03278324 0.03643749 0.03549858 0.03879988
0.03927367 0.03528578 0.03879397 0.03629956 0.03617837
0.03365082 0.03403046 0.03484187 0.03947132 0.03321863
0.03851102 0.03665189 0.03739075 0.03429896 0.03558305
0.03819735 0.03807675 0.03457794 0.03471369 0.03776304
0.0337726 0.03461729 0.03574924 0.03827449 0.03982816
0.03445735 0.04257603 0.0366807 0.03922992 0.03394773
0.03941466 0.03574095 0.03542914 0.04023856 0.038206
0.03559268 0.03477171 0.04202838 0.03544729 0.03373404
0.040117 0.04094866 0.03885494 0.03721269 0.0358977
0.0371254 0.03706883 0.0379593 0.03712458 0.03851054
0.03132305 0.03572429 0.03300263 0.03898522 0.03954747
0.03676856 0.03710565 0.03353877 0.03652167 0.03692002
0.0339301 0.03519997 0.03513856 0.03419811 0.03598951
0.03500819 0.03532627 0.03723021 0.03448256 0.03914535
0.03330976 0.04417534
