0.03901085 0.02680718 0.03606802 0.04144445 0.03720225
0.04113096 0.04044079 0.03940476 0.03790863 0.04054597
0.03878058 0.03870977 0.04436494 0.0406136 0.03795709
0.03744044 0.03799668 0.04055463 0.0389671 0.03674148
0.03954469 0.03679859 0.03955767 0.03408228 0.04048567
0.04366764 0.03236272 0.03643836 0.0365204 0.0400026
0.04449716 0.03876278 0.03721636 0.03653407 0.03935408
0.0366801 0.04399029 0.04091006 0.04411709 0.03881103
0.03622017 0.03567857 0.03580107 0.04047117 0.03310664
0.03485637 0.04348796 0.0430995 0.04193648 0.04052424
0.03444285 0.04296841 0.03862349 0.03911424 0.0400544
0.03618856 0.03267384 0.03716299 0.03716665 0.0376348
0.03717001 0.04057711 0.03604338 0.0477173 0.03960818
0.03802096 0.03774209 0.0422061 0.03665578 0.04243818
0.0387496 0.03808959 0.0401111 0.03655571 0.03432555
0.03651432 0.03742308 0.03705594 0.04148757 0.04061029
0.03539626 0.03754087 0.03786024 0.04162353 0.04101897
0.04559758 0.03741068 0.03776321 0.03750837 0.03960719
0.04017439 0.03294643 0.04182175 0.0396517 0.03394045
0.03928513 0.04045272 0.03847033 0.04317205 0.03600609
0.03599757 0.03963785 0.04273759 0.04320659 0.04289722
0.03610597 0.03813019 0.03644633 0.03676545 0.04066483
0.03867269 0.03682481 0.03793585 0.04023107 0.04372223
0.04237222 0.03952793 0.04297483 0.03530407 0.03625478
0.03777798 0.03947621 0.03483732 0.04033725 0.03824542
0.03443016 0.03827 0.03639463 0.04018978 0.04037324
0.03918324 0.03937573 0.0408391 0.03715477 0.03855068
0.04597638 0.04370164 0.0371826 0.03722577 0.03789412
0.03767538 0.034626 0.03942996 0.03992008 0.03599408
0.03770237 0.03952919 0.04129148 0.04576244 0.03910919
0.04055254 0.04466245 0.0379445 0.03865776 0.04232912
0.04639405 0.03436356 0.03840202 0.03641829 0.03780331
0.03904522 0.03956176 0.03711465 0.04165311 0.03231603
0.03988244 0.03761698 0.04018123 0.03796912 0.03706621
0.03762387 0.04067024 0.03599927 0.04104856 0.04332905
0.03893679 0.03738428 0.03296289 0.0347391 0.03591486
0.03928207 0.03786696 0.04060237 0.03798642 0.03756761
0.04140958 0.03673007 0.03495657 0.04273738 0.0405735
0.03858637 0.03708867 0.03676994 0.03994044 0.04027277
0.04143058 0.03633775 0.03427714 0.03661909 0.03562705
0.04019034 0.03701944
