0.0353055 0.0246536 0.03752921 0.03487309 0.04356713
0.0418621 0.03770089 0.03060781 0.03053688 0.03387175
0.03307358 0.03786071 0.03329601 0.03589466 0.04000881
0.02891578 0.04109305 0.03788699 0.03991209 0.0420028
0.03432397 0.03863791 0.03095922 0.03558453 0.03333476
0.0417613 0.03488147 0.03693203 0.0374135 0.03971424
0.03082141 0.03987361 0.03649458 0.04136981 0.03346693
0.03975091 0.04352084 0.03467235 0.0387795 0.03373214
0.03898777 0.04060287 0.03136659 0.03835112 0.0368615
0.03315442 0.03010586 0.03719379 0.03392473 0.03316112
0.0317192 0.03787313 0.04252642 0.03469978 0.03743923
0.03589447 0.03378622 0.03719227 0.03758685 0.03613655
0.03508453 0.03137354 0.03511587 0.03850259 0.03958307
0.03573384 0.04269562 0.03370039 0.03899537 0.03212512
0.03494643 0.03842459 0.03238469 0.03184037 0.03132365
0.03603489 0.03644808 0.03226006 0.03581065 0.03882814
0.0335713 0.04051892 0.04315097 0.03372406 0.03471285
0.03338818 0.03176864 0.04050769 0.03884838 0.03777305
0.03961819 0.03739301 0.03570675 0.03514418 0.03673137
0.03323697 0.03980191 0.03470285 0.03734945 0.03986737
0.03441215 0.03928458 0.03428153 0.03743827 0.03449712
0.03681905 0.03307005 0.04283755 0.03609354 0.03487566
0.03473128 0.03977944 0.03800203 0.04003359 0.03470936
0.0380582 0.03602136 0.03558427 0.03621444 0.03347995
0.04316408 0.03859963 0.03506267 0.03354071 0.04011957
0.03500352 0.03754747 0.03883781 0.03721546 0.03374467
0.03718676 0.03525928 0.03315697 0.03794461 0.03346719
0.03573233 0.03310709 0.03933522 0.03917371 0.03803151
0.03513524 0.03685026 0.0357605 0.03932815 0.03441573
0.03763109 0.03788967 0.02935272 0.02962046 0.03885976
0.03594043 0.03761511 0.03470366 0.03251853 0.04549625
0.03731754 0.0415466 0.04171017 0.04201816 0.03629625
0.03590013 0.04496643 0.03233684 0.03789053 0.03141245
0.03834621 0.03367458 0.03342761 0.03036065 0.03445856
0.03874354 0.03554989 0.03657754 0.0356305 0.03475474
0.03520838 0.0358415 0.03435391 0.03461529 0.035327
0.0370413 0.03730707 0.04092763 0.03450607 0.0394799
0.03604948 0.03548699 0.03781284 0.03249384 0.03491677
0.03435143 0.03650353 0.03938934 0.03514129 0.03609262
0.03170032 0.03590396 0.03775474 0.03888346 0.0390834
0.03783033 0.03100634
