0.03839492 0.02735488 0.04912259 0.03840541 0.03701064
0.04182668 0.03895398 0.03980359 0.03401448 0.03871712
0.0381682 0.03988001 0.03692536 0.03570946 0.04095974
0.04357603 0.03829764 0.03941085 0.04318447 0.03894017
0.03583829 0.03989366 0.03927582 0.0400127 0.04392468
0.04053711 0.03872307 0.03737352 0.04039347 0.03570137
0.0422892 0.04122373 0.03692874 0.03606433 0.04174692
0.03916479 0.03507919 0.03590544 0.04031577 0.03710367
0.03888576 0.03617871 0.03518016 0.03893192 0.03856399
0.03450341 0.0355556 0.03936688 0.0350853 0.03536979
0.03647224 0.03201567 0.03947355 0.03633254 0.03377435
0.04082576 0.04101284 0.04010553 0.03793636 0.03716073
0.03846482 0.0381708 0.04386973 0.04446446 0.04039609
0.03880668 0.03651421 0.0347749 0.03997252 0.03907176
0.03920069 0.04266796 0.03098346 0.03898821 0.03986652
0.03706827 0.03455903 0.037999 0.03996769 0.03644527
0.03783737 0.03343452 0.03727719 0.03571449 0.03599494
0.04491978 0.04093703 0.03798897 0.03950921 0.03970937
0.0419032 0.03746883 0.0365118 0.03397464 0.04145793
0.04208566 0.04102757 0.04300344 0.03377658 0.03657403
0.04202204 0.03340298 0.04204443 0.03808491 0.04547075
0.04271462 0.03980374 0.04204358 0.03555014 0.04236727
0.03937137 0.0380642 0.04443705 0.04058921 0.03860576
0.03397517 0.03949701 0.03181529 0.04238817 0.04263153
0.03471961 0.03745795 0.037967 0.0383031 0.03890941
0.04278951 0.04250671 0.03677266 0.03859431 0.03944682
0.03634382 0.03713997 0.04281131 0.03759972 0.03371266
0.03901066 0.03954417 0.03277087 0.04147953 0.04394859
0.03630971 0.0383706 0.0428011 0.04118947 0.03387232
0.0405026 0.0397586 0.03651347 0.03036121 0.03782215
0.03630729 0.03816776 0.03770294 0.0410676 0.04105953
0.03638041 0.04117626 0.03200724 0.03331296 0.04115772
0.03921771 0.04184691 0.04003384 0.04038887 0.03995243
0.03781054 0.03460748 0.03724698 0.03516962 0.0445588
0.042585 0.04038594 0.0336185 0.03713396 0.03973765
0.03309864 0.03546297 0.04195558 0.0366635 0.03477688
0.04061998 0.03975361 0.03731902 0.03821642 0.03874912
0.04012759 0.04004903 0.03302519 0.04118586 0.03782745
0.04224278 0.0402829 0.03989595 0.04319964 0.03492276
0.04020625 0.03469411 0.04110449 0.03852039 0.04083878
0.03915371 0.04180711
