0.0368737 0.02528783 0.03396422 0.04004811 0.04125067
0.03894108 0.03511855 0.03610576 0.03678721 0.03541966
0.03926362 0.02953774 0.0358367 0.02909434 0.03680088
0.03712605 0.03484822 0.03977667 0.02782561 0.03814827
0.0353239 0.03871259 0.0443024 0.03846327 0.03929644
0.03662526 0.03855368 0.03216489 0.03211766 0.03992575
0.03661496 0.03503452 0.03277079 0.03185589 0.03676028
0.03329915 0.04192004 0.02558016 0.03420297 0.03448342
0.03365519 0.02951685 0.03469526 0.03705451 0.03903701
0.03839987 0.03760124 0.03460148 0.03364595 0.03558898
0.029116 0.03073539 0.03634083 0.02827274 0.03571949
0.03767279 0.02483953 0.03119025 0.03755434 0.03178155
0.03156928 0.03377399 0.04058079 0.04070937 0.03473561
0.03448099 0.02803899 0.03501612 0.04361137 0.03631439
0.03211629 0.03606725 0.04527149 0.04178465 0.03480111
0.04355794 0.0282371 0.0263827 0.04072426 0.03404692
0.03571684 0.03182745 0.02800634 0.04444897 0.03629083
0.04766887 0.03257569 0.03060285 0.04064046 0.03737849
0.04133061 0.03845192 0.03865425 0.04121048 0.03413069
0.03188368 0.03499431 0.03246109 0.03612708 0.03808157
0.0403084 0.03442844 0.03422022 0.03844689 0.03356072
0.03690942 0.0378291 0.04119719 0.03532044 0.03457344
0.03953659 0.03442316 0.02853882 0.03481507 0.0349371
0.03780848 0.03480096 0.03298632 0.03671369 0.04087162
0.04111611 0.02984802 0.03897404 0.0346444 0.03055742
0.02810263 0.0358251 0.03579853 0.03859707 0.03477657
0.03278691 0.03306871 0.0331256 0.03759086 0.03077793
0.03886792 0.04031388 0.03449814 0.0392823 0.0337545
0.04482803 0.04171993 0.03033446 0.03200774 0.04350535
0.0435261 0.03328614 0.02444555 0.03131562 0.04629823
0.03448093 0.02984846 0.03002816 0.03404039 0.03954613
0.03772902 0.0306045 0.03769435 0.04001176 0.0255074
0.03547359 0.04090513 0.05655425 0.0360192 0.04150912
0.03037353 0.03321803 0.03861211 0.0375521 0.03417235
0.03366858 0.03889511 0.03208642 0.03382413 0.04264119
0.03621974 0.04492556 0.03504362 0.03632051 0.03543775
0.04452698 0.03736782 0.03613155 0.0368324 0.03660274
0.03094866 0.03930076 0.04119433 0.03717414 0.03926965
0.03266717 0.04494066 0.0362061 0.02997228 0.03701368
0.03296131 0.03437188 0.03094035 0.03157229 0.02756383
0.03296232 0.0391252
