0.04312087 0.02664607 0.04169188 0.03856591 0.03965311
0.03851219 0.04486935 0.0399888 0.04544641 0.04051806
0.04786241 0.04014444 0.03399755 0.04122312 0.04870568
0.043596 0.03917951 0.04271575 0.04768743 0.04358317
0.04748425 0.04610286 0.04169045 0.04539885 0.038613
0.0379979 0.04462337 0.03732269 0.03830389 0.04371909
0.04353362 0.04433706 0.04168193 0.04976395 0.04109264
0.04229831 0.03708908 0.04258972 0.04057456 0.03874952
0.03905749 0.0402789 0.04492854 0.04416343 0.04546877
0.0450358 0.03820991 0.0388164 0.04871852 0.03889587
0.03581549 0.04357573 0.04758257 0.04635389 0.04269327
0.03996773 0.04084589 0.04742697 0.03712508 0.0403896
0.03830615 0.04647851 0.04421855 0.04306967 0.0391705
0.04502729 0.03735751 0.0448821 0.04430398 0.04748365
0.04458559 0.04279382 0.04601907 0.0415659 0.04380517
0.04141775 0.03972988 0.03626784 0.04011308 0.04592717
0.04623649 0.0431499 0.04238001 0.0441488 0.03760995
0.04120421 0.04339283 0.04170135 0.03973866 0.04732997
0.03956486 0.04022541 0.0421535 0.03888812 0.04013387
0.04212815 0.03806992 0.03766472 0.0444403 0.04816551
0.0457102 0.04146479 0.04325098 0.03839738 0.0460444
0.0403975 0.0465542 0.05035701 0.04113349 0.04544381
0.04184773 0.04376463 0.03821401 0.04342072 0.04795641
0.04570192 0.04746227 0.03772688 0.04470891 0.0436352
0.04204404 0.03958738 0.04058288 0.0361803 0.04142659
0.04134585 0.03980518 0.03883802 0.04645968 0.03794224
0.03756718 0.04325485 0.04043498 0.04246581 0.04606362
0.04496454 0.04603619 0.04516205 0.03915589 0.04365295
0.04147511 0.04379421 0.03544924 0.0476741 0.03542599
0.04599563 0.05101453 0.04434896 0.04652982 0.04114611
0.04986552 0.04787253 0.04190377 0.03723916 0.04265437
0.04243456 0.04101377 0.04148052 0.04258827 0.04973559
0.04475975 0.03988811 0.03858984 0.04667294 0.04443315
0.03952169 0.03995626 0.04723947 0.04643698 0.04260961
0.03729876 0.04903712 0.04329277 0.04153317 0.04917769
0.04080749 0.03722135 0.03704444 0.04456211 0.04611151
0.03895628 0.03745477 0.03592369 0.04443092 0.04192611
0.03656892 0.03645528 0.04617686 0.03830494 0.04333891
0.04475487 0.03789345 0.04385749 0.03942243 0.03841249
0.04681825 0.04967053 0.04405796 0.04116824 0.04173926
0.0416297 0.04407072
