0.0428118 0.02655086 0.03749377 0.04230195 0.04099666
0.04819562 0.04515267 0.03989315 0.04267112 0.03911793
0.04514031 0.0392246 0.0422683 0.0436061 0.0404744
0.04392637 0.05278539 0.04367262 0.03824634 0.03619353
0.03741464 0.04550209 0.03543097 0.04001797 0.04224347
0.04050919 0.04160901 0.03989973 0.04378715 0.03634304
0.04559195 0.04503102 0.03985849 0.04137711 0.04749884
0.04562937 0.03532469 0.0416469 0.03880238 0.03482345
0.0458417 0.04276069 0.0420261 0.04284427 0.05203561
0.04791355 0.04326134 0.03530488 0.0474429 0.04344342
0.04254107 0.04211856 0.04750109 0.04439089 0.03994075
0.04213346 0.0374254 0.04385575 0.04106257 0.04286969
0.03912995 0.04748102 0.04372045 0.04353519 0.04430414
0.04056485 0.04259509 0.04581187 0.03710456 0.05265546
0.04189354 0.04319607 0.04215972 0.04807739 0.0431146
0.03460538 0.03929574 0.03898451 0.03918102 0.04140823
0.03870753 0.0437556 0.04156822 0.04425231 0.03407242
0.0424843 0.04620667 0.03887339 0.04048873 0.0408544
0.03900639 0.03798745 0.04011452 0.04794208 0.03787367
0.0398116 0.03783432 0.04146202 0.04356477 0.04023895
0.04794895 0.0368417 0.04744769 0.04294814 0.04256788
0.04177039 0.04323167 0.03870557 0.04287268 0.03995188
0.04078014 0.04206645 0.03833566 0.04454217 0.03965028
0.0500984 0.04385375 0.0360866 0.04115143 0.04713283
0.04066285 0.04408458 0.05086005 0.04889401 0.03851029
0.04637459 0.04394717 0.04309456 0.04162939 0.04917861
0.0410875 0.04238711 0.0389996 0.04221703 0.04091827
0.04632336 0.04027295 0.04332804 0.04403654 0.0407641
0.04674641 0.04355497 0.04100915 0.0401305 0.04526535
0.03797954 0.04579313 0.04244475 0.03933699 0.03662178
0.04582529 0.03581389 0.04981424 0.04523167 0.04526473
0.03583992 0.0397945 0.04303527 0.03811646 0.0406872
0.04571871 0.04822524 0.04087927 0.03949088 0.03788649
0.03871416 0.04117398 0.04368572 0.04018789 0.04395381
0.04657386 0.0465378 0.03790442 0.04107843 0.03902179
0.04446019 0.0365903 0.04524224 0.03458959 0.04101015
0.04482361 0.04923044 0.03964843 0.04636477 0.03881969
0.03886437 0.04113307 0.04644044 0.04284761 0.04289208
0.04649506 0.046075 0.04474679 0.04143321 0.0458106
0.04129586 0.04157754 0.04836826 0.04477263 0.04107823
0.0460746 0.03753157
