0.0411811 0.02689385 0.04212843 0.03802752 0.04202524
0.0396919 0.0444872 0.03967808 0.04372771 0.03983314
0.04043214 0.04015801 0.03278153 0.03804663 0.0430397
0.03802499 0.04014413 0.03728022 0.03871857 0.0371321
0.03804404 0.0364662 0.03578129 0.03960887 0.04345764
0.0433118 0.04128262 0.04101929 0.03378758 0.03947271
0.03985436 0.03855074 0.04072344 0.03866762 0.03928393
0.04174846 0.04376113 0.04059569 0.03674785 0.04557708
0.04148729 0.0374657 0.0411142 0.03495388 0.03527247
0.04150085 0.0411009 0.04369154 0.03888218 0.03822576
0.0432009 0.03948692 0.0374451 0.03831804 0.04053695
0.03763534 0.04377077 0.04346605 0.04444652 0.04065712
0.03810947 0.042197 0.0367094 0.03748563 0.04204388
0.03765168 0.04210599 0.0356455 0.03546352 0.04359263
0.04138065 0.03403787 0.03521155 0.03716183 0.04030332
0.04455166 0.03866718 0.03959931 0.04258073 0.04288986
0.03860608 0.0401565 0.03618293 0.03760345 0.04239835
0.03580047 0.04171469 0.04367546 0.03949384 0.04456024
0.04039473 0.04011021 0.04196045 0.03366698 0.03048191
0.03570929 0.03501813 0.02906423 0.03999842 0.03330142
0.03886284 0.05184235 0.03604239 0.04046548 0.03523076
0.04266992 0.03597705 0.04276486 0.03753832 0.034845
0.04247361 0.04026092 0.04289933 0.03969297 0.03920532
0.04056669 0.04078253 0.0359913 0.0429945 0.03848794
0.0421604 0.04228975 0.04190801 0.04265946 0.03777283
0.04110984 0.04108134 0.04145875 0.03951823 0.0387167
0.03747775 0.04091838 0.04072876 0.0366284 0.0385149
0.03784105 0.04142373 0.03921608 0.04290361 0.04094065
0.03804107 0.04036198 0.03819269 0.03235616 0.04079931
0.03948931 0.03983605 0.04165183 0.03736205 0.03847224
0.03934752 0.04263084 0.0410306 0.03890413 0.04187865
0.04575382 0.04273302 0.04089474 0.04451314 0.0418899
0.03522448 0.03998084 0.04397154 0.03433617 0.03829192
0.04238411 0.04107203 0.03412995 0.03710532 0.03870209
0.03903227 0.03901 0.04626761 0.04690003 0.04107743
0.04147432 0.03803506 0.04894657 0.04184546 0.0372181
0.0405698 0.0397828 0.03872852 0.04715644 0.03335293
0.03922293 0.04173683 0.03905678 0.04480465 0.04150391
0.03161051 0.04055203 0.0430475 0.02383121 0.04007545
0.04096055 0.03981759 0.04024955 0.03657727 0.04191179
0.04050099 0.04206615
