0.04091687 0.02521207 0.04013627 0.03841921 0.045801
0.0391492 0.03736387 0.03427058 0.03868861 0.04221103
0.04025983 0.03873775 0.04250169 0.03670234 0.03575962
0.04339573 0.03892156 0.03735869 0.03273539 0.04053208
0.03356964 0.04255161 0.04265996 0.04393664 0.03807778
0.03345259 0.04407879 0.04258242 0.04642511 0.0401111
0.03516489 0.04187139 0.03651202 0.0401397 0.03709927
0.03435381 0.03674365 0.0420248 0.03730931 0.04323369
0.03413386 0.03481113 0.03997932 0.0387496 0.03592392
0.0417641 0.03841205 0.03746905 0.03662735 0.03979907
0.04279788 0.04127199 0.036799 0.03420544 0.03714812
0.04119397 0.03971124 0.03741151 0.04317667 0.0381493
0.03863855 0.04023057 0.0357992 0.04174254 0.05233844
0.03513106 0.03688784 0.04528953 0.04108988 0.04008026
0.03732942 0.04517824 0.03900204 0.04038061 0.04349781
0.04743984 0.03741111 0.04125801 0.03779231 0.04188111
0.04333817 0.04128614 0.03897876 0.0446191 0.03921714
0.03946487 0.04222782 0.03489525 0.03774341 0.03638859
0.03897239 0.03786334 0.04237874 0.03867276 0.03773472
0.04001444 0.03708599 0.03443779 0.03947065 0.03852593
0.04180297 0.03974303 0.03816491 0.0457567 0.03883743
0.03554854 0.04229251 0.03994558 0.03799991 0.03696652
0.03789766 0.03942591 0.04097645 0.04167086 0.03678889
0.04854248 0.03923576 0.0404449 0.03762696 0.03734388
0.02923694 0.04047434 0.04297317 0.03980328 0.03900786
0.04316097 0.04139657 0.03933469 0.04073981 0.04254794
0.03788385 0.03875038 0.03710675 0.04248426 0.03796255
0.03328084 0.03961014 0.0420917 0.03969874 0.04331059
0.04295818 0.03666141 0.04389168 0.04331339 0.04052847
0.03994706 0.03986856 0.04052659 0.03506229 0.03344095
0.04127767 0.03942085 0.03964336 0.03625263 0.03675682
0.03437997 0.03969107 0.04591107 0.04388387 0.03879352
0.03505543 0.03752912 0.04051903 0.03786155 0.03847672
0.04208492 0.04244559 0.0391291 0.03692334 0.04125561
0.04316809 0.03888951 0.04060236 0.04536789 0.04111512
0.03308643 0.03635931 0.04529829 0.04025391 0.03749807
0.04185354 0.04098338 0.04276227 0.03651423 0.04415763
0.03761331 0.03471508 0.03848683 0.03820631 0.04072635
0.04226542 0.0377504 0.04270702 0.04170813 0.04242832
0.03404594 0.0388776 0.03681932 0.03912033 0.04005524
0.03826391 0.03832524
