0.04133926 0.02727607 0.04144864 0.04544012 0.04016904
0.04443897 0.04328881 0.0371338 0.04047917 0.04452421
0.04026661 0.04066998 0.04234852 0.039191 0.04718846
0.04260945 0.03723595 0.04373828 0.04549766 0.03803038
0.04463708 0.03917939 0.04544346 0.03698464 0.04066212
0.04091859 0.03993275 0.03871213 0.04012439 0.03576315
0.04532614 0.04112066 0.04370834 0.03798497 0.04103476
0.03931513 0.04315339 0.04460567 0.04087337 0.04083556
0.03997618 0.03590139 0.03698587 0.04491372 0.03613122
0.03707456 0.0339486 0.03833489 0.03876634 0.03956568
0.03984105 0.03727109 0.04437415 0.03897736 0.04081277
0.04147861 0.04674313 0.03707391 0.03943382 0.03897493
0.03804624 0.04804738 0.03517278 0.035454 0.04471907
0.04115287 0.04964331 0.03848381 0.04713449 0.03838205
0.04784029 0.04173797 0.04216885 0.04130209 0.03920062
0.04148367 0.04101069 0.040259 0.03992353 0.03784195
0.04386077 0.04062041 0.03513597 0.04205239 0.04424883
0.03668254 0.03823044 0.04091464 0.03713535 0.04376172
0.03822149 0.04393439 0.04161056 0.03968705 0.04138794
0.0443687 0.0399359 0.04300837 0.03960968 0.04008268
0.04275958 0.03793377 0.03981799 0.03815521 0.04625714
0.03485731 0.04707132 0.03821152 0.04370887 0.03967923
0.04313924 0.04010198 0.03883208 0.03654801 0.04104313
0.03668823 0.04538319 0.03907397 0.03910742 0.04563473
0.0413597 0.03885484 0.03555825 0.04107278 0.03608616
0.04342707 0.03580237 0.04128854 0.04173196 0.04070949
0.04362937 0.04223589 0.0428697 0.03759675 0.03779175
0.03603887 0.03927273 0.04170866 0.04341924 0.03869828
0.04021702 0.03842816 0.04106532 0.04510549 0.04261426
0.04424052 0.0415855 0.03780973 0.03940015 0.04107045
0.03919822 0.04295186 0.03766055 0.04363325 0.03631123
0.04473813 0.03952475 0.03628264 0.03510266 0.03773684
0.04393121 0.04020812 0.04269465 0.04711727 0.03841545
0.0404155 0.04315125 0.03879965 0.0411316 0.04112325
0.04393798 0.03643565 0.04369399 0.04254142 0.04161627
0.03777423 0.04483981 0.04375568 0.04427594 0.04168898
0.04082597 0.03978187 0.0380574 0.03597368 0.04404465
0.04056974 0.03911108 0.04398895 0.04200991 0.04300095
0.03743264 0.04392869 0.03846416 0.04382838 0.03544084
0.03906601 0.04009008 0.04801688 0.04547837 0.0455744
0.04396256 0.03641694
