0.04213437 0.027111 0.04063631 0.03861092 0.0406207
0.04339848 0.03821938 0.03738855 0.03892141 0.03724207
0.03907459 0.04214515 0.03753936 0.04337118 0.03868306
0.03823746 0.03941367 0.03758817 0.04092006 0.03989315
0.04080397 0.03665076 0.04032032 0.0409065 0.04132553
0.03772963 0.03951099 0.03516605 0.03712307 0.04009121
0.0408573 0.04144733 0.03800907 0.04245959 0.04109497
0.04401744 0.04071588 0.04051205 0.04185515 0.03894873
0.04449804 0.04380841 0.03862474 0.04211608 0.04217006
0.03727235 0.04286907 0.03964859 0.04178683 0.04169524
0.04086501 0.03896379 0.04255018 0.04026415 0.04393954
0.04154364 0.04409308 0.0398952 0.04333859 0.04098722
0.04072427 0.03744905 0.04228601 0.0411044 0.0392339
0.03544278 0.04490259 0.04513564 0.0481963 0.04057413
0.04574462 0.0372399 0.03627554 0.03758191 0.03736353
0.03589709 0.03742073 0.04729923 0.04341215 0.04016866
0.04087003 0.04192923 0.04249202 0.03754541 0.03695464
0.04352951 0.03493658 0.04041639 0.04280724 0.0388088
0.04327894 0.04100221 0.03911369 0.04206627 0.03597355
0.04043573 0.03596805 0.04560969 0.0415184 0.04383225
0.03964651 0.04258402 0.04047174 0.04296427 0.04320834
0.0435404 0.04313045 0.04180951 0.03912391 0.03828878
0.04278197 0.04685909 0.03375347 0.0429221 0.03896111
0.04062724 0.04069454 0.03654851 0.03810755 0.03661602
0.03893795 0.03681543 0.04163125 0.0393245 0.03759165
0.04360904 0.04573262 0.03870276 0.03717562 0.03900785
0.03966461 0.04246667 0.03837024 0.04125195 0.04080523
0.04623148 0.04035989 0.04539186 0.04575467 0.04524451
0.04138636 0.04015179 0.03755047 0.0377592 0.04135084
0.03800464 0.04193312 0.04172656 0.03958079 0.0466725
0.04097673 0.0426608 0.04033133 0.03652128 0.03801552
0.04063403 0.03723322 0.04337996 0.04326795 0.03700296
0.04158796 0.04384816 0.04295321 0.03503783 0.03913634
0.03733659 0.03759665 0.03550559 0.04484764 0.03678161
0.03921512 0.03644787 0.03538653 0.03558302 0.03768933
0.03514523 0.03414266 0.04498932 0.03905804 0.03985575
0.04289242 0.03884178 0.04110182 0.03840245 0.04344182
0.04445012 0.04081506 0.03562896 0.03421943 0.04084372
0.03892288 0.04230165 0.03849406 0.03930371 0.03821423
0.03789792 0.03984244 0.04040619 0.04038127 0.04032036
0.04731159 0.04298213
