0.04285513 0.02687927 0.03973643 0.04687923 0.04244883
0.03466381 0.03725616 0.04281854 0.04099135 0.0407919
0.03896312 0.03544343 0.04406272 0.03844731 0.0428425
0.04189677 0.03809284 0.03943164 0.04578543 0.03995767
0.0384595 0.03855208 0.04319048 0.0411889 0.04344563
0.04865901 0.03863217 0.0400138 0.04180396 0.04235329
0.0397133 0.03741357 0.04183724 0.04574208 0.03792461
0.03917224 0.04217243 0.03715038 0.0461098 0.04130564
0.03753215 0.04124939 0.04001371 0.04242796 0.03791945
0.04635522 0.04113434 0.04063053 0.03878372 0.04199446
0.04190824 0.03929698 0.04273142 0.0408873 0.04230852
0.04300417 0.03893906 0.03839304 0.04177347 0.04178175
0.04028733 0.041801 0.03716299 0.04410953 0.03913898
0.03998562 0.04711623 0.03903053 0.04472867 0.04048521
0.03964499 0.04042143 0.03794615 0.04156496 0.04309792
0.04101594 0.04056962 0.04835895 0.04614218 0.04491308
0.03783615 0.03763479 0.04299523 0.03763762 0.04760965
0.04580591 0.04151808 0.04266484 0.04225466 0.04016698
0.0449513 0.04375112 0.04275279 0.03794984 0.04717638
0.04306288 0.04900452 0.04374181 0.03822583 0.04258632
0.03854154 0.04068173 0.04271697 0.03691631 0.03635669
0.03242581 0.04191883 0.0398365 0.03778388 0.04525321
0.04410793 0.04813151 0.03698407 0.04110608 0.03951133
0.04231097 0.04628165 0.03608156 0.04126112 0.036552
0.04006231 0.03889251 0.03746385 0.04436771 0.04206741
0.03609233 0.04179872 0.04129378 0.03545369 0.04103904
0.04179217 0.03984255 0.04428541 0.0415264 0.03828298
0.04105172 0.04675843 0.04409865 0.04288054 0.04462212
0.04426288 0.04433329 0.04312608 0.04073006 0.04235724
0.03954994 0.04072616 0.03788914 0.04309744 0.04146925
0.05558528 0.03987701 0.03961725 0.04493813 0.04729187
0.04360038 0.04373731 0.03967123 0.04967605 0.0424338
0.04051762 0.0376426 0.04478787 0.03838097 0.03985898
0.04183756 0.0441377 0.04891092 0.03603536 0.04550213
0.05379876 0.03656809 0.04007813 0.04075529 0.03977077
0.04316947 0.04544402 0.03874759 0.03984434 0.03883866
0.03774912 0.04161121 0.04066582 0.04409994 0.03708117
0.0378192 0.05158833 0.04527547 0.04167244 0.03998284
0.03500828 0.04065305 0.04641298 0.04422061 0.04295858
0.04020564 0.04335871 0.04278787 0.03647489 0.03555717
0.04301049 0.04136702
