0.04023669 0.02742591 0.04061427 0.03926942 0.03784448
0.04396907 0.03988575 0.03978132 0.03917868 0.04408701
0.03954192 0.04325761 0.0424047 0.0418024 0.04337184
0.04053511 0.03903214 0.04299085 0.04040324 0.03833508
0.04565866 0.04067767 0.04576414 0.03968525 0.04419026
0.03799831 0.03818427 0.04069851 0.04027734 0.03832138
0.0410575 0.03828004 0.03687779 0.04140926 0.03951789
0.04041763 0.03766962 0.04134195 0.03962673 0.0396827
0.04353158 0.04198029 0.0378771 0.04493546 0.04094776
0.04011325 0.04073905 0.04348883 0.03861086 0.04096355
0.03684782 0.04127464 0.04060313 0.04574748 0.03965862
0.03744958 0.04004217 0.0396797 0.03530678 0.03702749
0.04464518 0.03842266 0.04217662 0.03845388 0.0409879
0.043166 0.04544232 0.0483686 0.03918224 0.03957164
0.04451261 0.04186796 0.04390135 0.04399774 0.04299169
0.04036888 0.03875076 0.04182333 0.04568999 0.04084895
0.04298405 0.03691036 0.03595968 0.03862553 0.04143829
0.03676888 0.04114213 0.04017998 0.0416818 0.03880805
0.03885588 0.03795051 0.03678013 0.04569131 0.03868757
0.03973245 0.03722265 0.04305829 0.03498311 0.04484929
0.04076473 0.04122508 0.03747225 0.03899655 0.0438562
0.04095797 0.04524389 0.04126296 0.03880835 0.0389467
0.04491066 0.04127627 0.03777665 0.04276839 0.04313067
0.04128633 0.03793824 0.04147662 0.04152738 0.04174839
0.04586329 0.03615436 0.03964413 0.04044159 0.04080956
0.03470478 0.04521404 0.04521139 0.03823527 0.04127479
0.04156076 0.03897688 0.0406603 0.03780631 0.04197227
0.04418317 0.04394291 0.03830657 0.04207223 0.04070985
0.03994981 0.03884298 0.04141064 0.04121733 0.04337384
0.03727541 0.03517933 0.03951117 0.04248418 0.04476477
0.0415359 0.04132368 0.04082082 0.03967843 0.04384923
0.03819375 0.04569992 0.03841385 0.04296602 0.04470154
0.04457359 0.04160529 0.04660505 0.03924323 0.04430941
0.03990031 0.04188657 0.03688961 0.03625612 0.04362988
0.04162387 0.03651903 0.0423512 0.03897882 0.03871598
0.03375682 0.04068639 0.04611616 0.04521115 0.04460506
0.04099067 0.04365576 0.03970097 0.04062697 0.04204063
0.04384802 0.03737403 0.04320885 0.03693237 0.04480227
0.04002583 0.04186927 0.0451736 0.03855325 0.04289869
0.04265508 0.04012069 0.05310629 0.04215926 0.03839971
0.04046473 0.03832561
