0.0395008 0.02623687 0.03310536 0.02894448 0.03332009
0.03675953 0.02652983 0.03972755 0.03503747 0.0349693
0.03727216 0.03067605 0.03662649 0.03859313 0.0389495
0.04062785 0.03968658 0.0362877 0.04792544 0.0357078
0.03445524 0.03450594 0.0459885 0.03529869 0.04067654
0.03883255 0.03940847 0.03690188 0.04188695 0.03638379
0.04139287 0.03767016 0.04054223 0.03415759 0.03840298
0.03183339 0.03946237 0.03944731 0.03703723 0.04358859
0.03468986 0.04054485 0.04018296 0.02976007 0.04726605
0.03807618 0.03886796 0.03263159 0.04011852 0.03488789
0.03701869 0.03609113 0.03577023 0.03464463 0.04182881
0.0387801 0.03917328 0.03922212 0.0371089 0.03833356
0.03432483 0.03920585 0.03448703 0.03545511 0.0410685
0.03811436 0.04340033 0.03383823 0.03861347 0.0406732
0.03695469 0.03399802 0.03720932 0.0275695 0.03285088
0.03524829 0.03679007 0.03941766 0.03166057 0.03850468
0.04112219 0.0382875 0.03710728 0.03772676 0.03874332
0.03541367 0.0351064 0.03698979 0.02930464 0.03765195
0.0413226 0.03364708 0.04119845 0.03769344 0.03641184
0.04064898 0.03678229 0.03679717 0.03559173 0.04951692
0.03809754 0.03972696 0.03781367 0.0377974 0.03838603
0.03491157 0.03957708 0.04565712 0.03305169 0.03112607
0.03496106 0.04100998 0.04190876 0.03886504 0.03603451
0.03685915 0.03934399 0.0426197 0.04164196 0.04818037
0.03126984 0.0454161 0.04038545 0.03140458 0.0374543
0.04076831 0.03779875 0.04246804 0.03869318 0.03559947
0.03758127 0.04572211 0.037077 0.036185 0.03592263
0.04105994 0.03771631 0.03104225 0.03584871 0.04016851
0.03636735 0.04010033 0.04015859 0.04059426 0.04269982
0.03619124 0.04358977 0.04181108 0.04060431 0.04357381
0.03930658 0.03867876 0.04472985 0.03361779 0.03660229
0.04236871 0.03901804 0.03809176 0.03510767 0.03999326
0.03653745 0.04733044 0.03779467 0.03604362 0.0338626
0.03363001 0.04438732 0.04857179 0.03724621 0.0360217
0.04497729 0.03962974 0.03747363 0.03903219 0.03232504
0.03639433 0.03970471 0.03859095 0.03723571 0.03765223
0.04024142 0.04340112 0.03944235 0.03961811 0.03181885
0.03841863 0.03874137 0.0353894 0.0414647 0.034867
0.04149742 0.03882052 0.03582276 0.03399081 0.03909166
0.03722213 0.0374104 0.04523828 0.04209708 0.04058078
0.03908299 0.0425293
