0.04495789 0.02742091 0.04336571 0.04592893 0.0492662
0.04222228 0.03993349 0.04776369 0.04280796 0.04680451
0.04535603 0.0413353 0.04356632 0.05385278 0.04256133
0.04112305 0.04701211 0.04841602 0.04078488 0.04108117
0.04470084 0.04170879 0.04888898 0.0415852 0.03958948
0.04019382 0.04447634 0.04844348 0.03977828 0.04188284
0.04346452 0.04629306 0.04230845 0.04390648 0.04418617
0.04291537 0.04255402 0.04157298 0.04865762 0.04556761
0.04353602 0.03929276 0.04318612 0.04556499 0.04286379
0.03958347 0.04452928 0.03798191 0.04519868 0.04319658
0.0426693 0.04579928 0.04081688 0.04525471 0.04235528
0.04664941 0.04099371 0.04502783 0.04449531 0.04955108
0.0443647 0.04039117 0.04549597 0.05085044 0.04403386
0.04883893 0.04044836 0.04261795 0.04995243 0.04297494
0.04797747 0.04352766 0.03803102 0.03991019 0.04398907
0.04058258 0.0453216 0.04384568 0.04619284 0.04758173
0.04374959 0.04547853 0.04527298 0.04101964 0.04806812
0.04734852 0.05040429 0.05113354 0.04373629 0.04799625
0.04244507 0.04775931 0.04461507 0.04247255 0.04702063
0.05270254 0.04686497 0.04190949 0.04255516 0.04291339
0.04605762 0.03741552 0.04485772 0.04419127 0.0424947
0.0434794 0.0451423 0.04753446 0.03459955 0.05359866
0.04776529 0.04423929 0.04951311 0.04510399 0.04888347
0.0458458 0.04011517 0.04900529 0.0434583 0.03844031
0.0477428 0.03973785 0.04522015 0.0416254 0.04039905
0.04092065 0.038333 0.04438162 0.04353591 0.04328912
0.04844791 0.05139865 0.04376496 0.04185814 0.04531071
0.04962463 0.04372689 0.04773204 0.0466789 0.0431033
0.04036539 0.05096242 0.04547568 0.04489495 0.04214792
0.04094631 0.03971131 0.03898856 0.04354606 0.04582215
0.04314048 0.0451648 0.04733191 0.0446657 0.04725361
0.0451661 0.04651145 0.04356802 0.04507249 0.04042498
0.04918429 0.04224642 0.04189661 0.0427714 0.04415348
0.05029712 0.04527597 0.04500155 0.04387334 0.04778325
0.04392834 0.04154602 0.0401893 0.04122283 0.04433668
0.04470438 0.04400405 0.04528956 0.04219941 0.04841602
0.0436984 0.04837881 0.05061438 0.04591977 0.04255892
0.03969895 0.04210934 0.04622706 0.03857889 0.04351396
0.04249095 0.04148999 0.04567172 0.0433086 0.04691732
0.03962033 0.04766476 0.04565531 0.05033496 0.04263354
0.04713997 0.04919084
