0.03784688 0.02603412 0.03157545 0.03896307 0.03700677
0.03733673 0.03712343 0.03774804 0.03642237 0.04397355
0.03579923 0.04031411 0.04036064 0.03804548 0.03997481
0.03879366 0.03450926 0.04269705 0.04273976 0.04267789
0.03873161 0.04366942 0.03116933 0.04264249 0.04166632
0.03723058 0.04263494 0.03215349 0.04257361 0.03724818
0.04136036 0.04038961 0.03918179 0.0399559 0.03826065
0.04151695 0.04044807 0.04329436 0.03605676 0.03994021
0.04344437 0.03888575 0.03588622 0.03731488 0.04051672
0.03481385 0.04450848 0.03842586 0.0354587 0.02953021
0.04149437 0.03375614 0.04171066 0.03733983 0.03646189
0.0414708 0.0393857 0.03594076 0.03221763 0.03718501
0.03873656 0.03884538 0.03308356 0.03983832 0.03639703
0.0404209 0.03650853 0.0355419 0.04132127 0.04431451
0.04091063 0.03002067 0.03894654 0.03498818 0.03738384
0.04149857 0.03685489 0.03536247 0.03587407 0.03594054
0.03386964 0.0433393 0.03802403 0.03298921 0.0362117
0.04086721 0.04214018 0.03803 0.03811295 0.04354466
0.03846026 0.04178036 0.03637401 0.03693673 0.04416776
0.03611908 0.03272702 0.03807659 0.03762365 0.03452699
0.0381208 0.03910329 0.03788067 0.03486255 0.0372081
0.0398522 0.03446552 0.04101683 0.04038013 0.04446502
0.03836644 0.03752583 0.03854864 0.03806769 0.03461179
0.04307855 0.03934209 0.03961863 0.04270661 0.03987124
0.03801771 0.03916531 0.0405536 0.0349536 0.04512817
0.03994603 0.03536204 0.04073171 0.03529456 0.03532055
0.03959302 0.04054142 0.03968385 0.03998409 0.03922685
0.03926224 0.04087148 0.03157788 0.04058372 0.04415853
0.03886626 0.03657043 0.04528808 0.03806531 0.03697329
0.03512555 0.03981735 0.03884581 0.04037031 0.03245701
0.03979078 0.03712361 0.04617168 0.04219557 0.04142636
0.03660589 0.03886987 0.03792151 0.04113912 0.04282975
0.04617767 0.03733198 0.03950141 0.03643568 0.04022171
0.04022655 0.03814306 0.04470758 0.03574514 0.03551637
0.03644113 0.04320703 0.04037764 0.03917567 0.03923358
0.03705159 0.04376078 0.04097102 0.04085438 0.03820861
0.03695346 0.03929184 0.04142287 0.03095037 0.0404999
0.03596083 0.04369393 0.03948988 0.03302301 0.0397052
0.04059858 0.03577822 0.04014694 0.03266181 0.0419465
0.0333099 0.0462635 0.0385264 0.03661827 0.03913179
0.03347727 0.04026423
