0.03817077 0.02633045 0.03141988 0.03972888 0.03978643
0.03725194 0.03712671 0.0290115 0.03620303 0.04109503
0.03702986 0.0377876 0.02954697 0.03174083 0.03718025
0.03007512 0.03799849 0.04164997 0.03635702 0.03231959
0.03038856 0.03687602 0.04215068 0.03385477 0.0355851
0.03925978 0.03793018 0.03661 0.04059946 0.03239339
0.033467 0.04705934 0.04283059 0.03923302 0.03812931
0.04134259 0.04034268 0.0333455 0.03076043 0.03871355
0.03623921 0.03451124 0.03836042 0.03422996 0.03686726
0.03769595 0.03187687 0.03767412 0.03878452 0.03677767
0.03767087 0.0507332 0.03755484 0.03147207 0.03626436
0.03646335 0.04579841 0.03234065 0.03814981 0.03777521
0.05358122 0.0347978 0.03548663 0.0474176 0.0326714
0.03838533 0.03413068 0.04001163 0.0315457 0.03514476
0.03696325 0.03597331 0.03834756 0.04140432 0.04104303
0.0407497 0.03613939 0.03576324 0.04177679 0.03590523
0.04021142 0.03989727 0.04443959 0.03685749 0.0297705
0.03772974 0.03605661 0.03978361 0.05708181 0.03878455
0.03703602 0.03861169 0.03697075 0.0342364 0.0364148
0.03967074 0.04088396 0.03760001 0.03765173 0.03348629
0.04255352 0.04098568 0.04140761 0.0375956 0.03463815
0.03215332 0.04007163 0.04136786 0.03740581 0.03386351
0.03804893 0.0343933 0.03212338 0.04010621 0.04480192
0.03609061 0.03142041 0.03793407 0.039163 0.03994757
0.03508412 0.04015573 0.03551816 0.03455215 0.0346761
0.03432409 0.03708933 0.03107018 0.03693699 0.03718037
0.03933133 0.04032673 0.04158968 0.05544867 0.03625692
0.03915764 0.03695664 0.03449632 0.04002816 0.03631769
0.04195218 0.02931945 0.0418823 0.03873655 0.03550895
0.03564415 0.03899552 0.03904912 0.03697835 0.04024011
0.03709372 0.04236363 0.04321031 0.0410956 0.04004757
0.04267139 0.03847206 0.03452342 0.03172418 0.03675722
0.03582651 0.04209429 0.04279384 0.03345193 0.03341659
0.03630271 0.04122961 0.03363131 0.03999517 0.04041999
0.03864532 0.03643845 0.03713636 0.03651396 0.03670165
0.04158304 0.03633844 0.03709033 0.03640157 0.04123776
0.03960091 0.03752468 0.0389946 0.03796016 0.03497422
0.0374989 0.03436292 0.03500459 0.03519454 0.03545127
0.04003163 0.03748049 0.04029304 0.03640856 0.04080976
0.03427444 0.04146071 0.03573832 0.03645066 0.03814466
0.03364381 0.03610364
