0.04207043 0.02783937 0.03959296 0.03921712 0.03912975
0.04098662 0.04569444 0.04060289 0.03917537 0.03960486
0.04157293 0.04153953 0.04099807 0.04040923 0.03320687
0.04478774 0.04122366 0.04341172 0.04119122 0.04820256
0.04623437 0.04363104 0.03898848 0.04406809 0.0440556
0.04202985 0.03903079 0.04258241 0.04450686 0.04060686
0.04214501 0.04091428 0.04254332 0.04134061 0.04067003
0.0431118 0.04238088 0.03618186 0.04303899 0.04546783
0.03898549 0.04692208 0.04338478 0.0400356 0.0427304
0.03956988 0.04183015 0.03762151 0.04258147 0.04177362
0.03818355 0.04315525 0.04205125 0.04332892 0.0461656
0.04008661 0.0416048 0.04408425 0.04544207 0.04207032
0.04178966 0.04116481 0.04422825 0.04121961 0.04662856
0.03977881 0.04623341 0.04598998 0.04079151 0.04132898
0.04147291 0.03756072 0.03810316 0.04073083 0.03892302
0.0440669 0.04065626 0.0418089 0.04423435 0.0413132
0.04031584 0.04192574 0.04285142 0.04064123 0.04134207
0.04163022 0.04706394 0.03811955 0.04561335 0.03695373
0.04147799 0.03803626 0.04263374 0.03958042 0.04127548
0.04401842 0.03890984 0.04517244 0.0465502 0.04070743
0.04445153 0.04544475 0.0385048 0.03820188 0.04428524
0.038357 0.04175245 0.03978153 0.03847844 0.03744779
0.04597382 0.04684162 0.04416022 0.04132576 0.04217477
0.04417838 0.04154657 0.04413112 0.04340756 0.04322963
0.04671367 0.04621732 0.04331061 0.04681152 0.04517537
0.04352819 0.03448084 0.044504 0.04923973 0.04357844
0.04217015 0.0363404 0.04011234 0.03928322 0.04332338
0.04596297 0.04316493 0.03804384 0.04686769 0.03918758
0.03862501 0.04133146 0.03920298 0.04380182 0.05314871
0.03717688 0.04622456 0.04033307 0.04324946 0.04585515
0.04053302 0.03822798 0.04218865 0.04360051 0.04465032
0.05040271 0.0395542 0.04510149 0.04331882 0.0435491
0.04160682 0.03922255 0.04573591 0.04390959 0.04264843
0.04617319 0.04552473 0.03508163 0.04171516 0.04222007
0.04894482 0.04183294 0.04579686 0.03949195 0.04050358
0.03782285 0.04132312 0.04530742 0.0427156 0.04098945
0.04088009 0.04350803 0.03951187 0.03840826 0.03936258
0.04207432 0.04188102 0.04133012 0.03922829 0.04463686
0.04254309 0.03666866 0.0436126 0.04508724 0.0453404
0.03914099 0.03993863 0.04301187 0.04012348 0.04208449
0.04273431 0.04186208
