0.0398614 0.02661621 0.04126573 0.04385084 0.04145309
0.03798498 0.04384741 0.03566737 0.03793398 0.03810347
0.04202671 0.03810579 0.0351791 0.03999063 0.04274288
0.04671288 0.03651937 0.04268446 0.03774517 0.03997763
0.03899432 0.04141008 0.04140802 0.04474964 0.03572385
0.0346655 0.03551298 0.04060786 0.03421564 0.04002186
0.04908207 0.04469104 0.03713818 0.03572308 0.0425975
0.0389014 0.04057701 0.03806111 0.03484659 0.03804594
0.03634448 0.03863639 0.04059289 0.03513845 0.03876114
0.0360453 0.03750079 0.03973767 0.03466103 0.03430935
0.04030491 0.04106496 0.03783326 0.03496585 0.04135093
0.04301869 0.03942419 0.03720468 0.04035076 0.04265776
0.03534221 0.03526196 0.04304272 0.03778798 0.04418565
0.03607102 0.04335826 0.0401391 0.0365584 0.04210956
0.04205309 0.04356461 0.04090462 0.04091141 0.04307747
0.04364663 0.04376947 0.04244498 0.0368426 0.04392478
0.03957879 0.04000214 0.04335117 0.03833585 0.04127061
0.04279999 0.03756083 0.03972352 0.03972681 0.04483909
0.03523295 0.03778792 0.04253789 0.03454937 0.03588938
0.03829806 0.04479397 0.0386835 0.04076425 0.04067197
0.03850008 0.03906303 0.04155036 0.04074558 0.03853433
0.03773213 0.0359756 0.03948942 0.03843759 0.03623193
0.03748809 0.03701298 0.04078799 0.03775331 0.03693483
0.04408565 0.04478612 0.03839395 0.04221976 0.04663384
0.0437844 0.03903555 0.03848937 0.03341659 0.04080167
0.04090884 0.04254157 0.04227537 0.04115607 0.03779849
0.04882945 0.03857546 0.03978247 0.03910989 0.0412523
0.03948051 0.04183005 0.03888269 0.0377885 0.03520202
0.03958942 0.04421527 0.04256981 0.03953791 0.03724029
0.03777611 0.03849967 0.03269732 0.04273496 0.0412752
0.04087914 0.03663955 0.03703491 0.04183796 0.04302708
0.03950881 0.04169163 0.04286239 0.04404676 0.03400417
0.04071048 0.04305214 0.03700701 0.04059895 0.03954356
0.04341606 0.03958086 0.04085429 0.03855661 0.03845119
0.03933869 0.039632 0.03691925 0.04471007 0.03632937
0.04456754 0.03764294 0.03295427 0.03935652 0.04384533
0.03818764 0.04066728 0.03897847 0.04322484 0.0370679
0.03974223 0.03890209 0.0371296 0.04283827 0.03753744
0.04177895 0.03439968 0.04849682 0.04091389 0.03971354
0.0470508 0.03786463 0.03703099 0.04027491 0.04487659
0.03910041 0.04175056
