0.04175343 0.02879705 0.03754118 0.040552 0.03821038
0.03814775 0.0371633 0.03883891 0.03954916 0.04362419
0.04292115 0.04478995 0.04075942 0.04468499 0.0481809
0.04182521 0.04162336 0.04618952 0.04198106 0.03898422
0.04081101 0.04462434 0.04488545 0.04225524 0.0393942
0.04318419 0.04168185 0.03901595 0.04067438 0.0369013
0.03856097 0.03873663 0.04225108 0.0429974 0.04094338
0.04185025 0.03844472 0.03525775 0.04503938 0.0411888
0.03635332 0.04250297 0.04228217 0.04259666 0.04348306
0.04354295 0.03834562 0.041227 0.04047886 0.04075715
0.04374676 0.04499879 0.03973687 0.04140552 0.04087009
0.03753923 0.04535679 0.03787048 0.03683707 0.04676949
0.03975443 0.04033649 0.04440248 0.04335557 0.04041422
0.04141571 0.03970359 0.03946988 0.04073133 0.04395576
0.03834839 0.03983925 0.04365285 0.04623763 0.03922074
0.04040102 0.04167776 0.03780665 0.0414483 0.03940726
0.04075744 0.04000011 0.04270231 0.03685598 0.04144519
0.04416478 0.03907239 0.03762486 0.04185799 0.03936306
0.04091297 0.04383389 0.04522379 0.04251934 0.03939875
0.04013909 0.04424086 0.04529942 0.04363846 0.04190769
0.03594013 0.03861772 0.04516298 0.03501038 0.04413641
0.04228748 0.0408191 0.04071823 0.03988394 0.0402328
0.04030977 0.04098788 0.04126394 0.0405749 0.0464392
0.04662275 0.04023293 0.04716686 0.03939072 0.04483026
0.04256748 0.0406985 0.04227131 0.04268215 0.04120464
0.05077664 0.03969954 0.044278 0.04060393 0.03725311
0.03884178 0.04231483 0.04153376 0.04116817 0.04330234
0.04505227 0.04010258 0.03856218 0.04267637 0.03810234
0.0450974 0.04354105 0.03691645 0.04844637 0.04018343
0.04241823 0.03876699 0.03899664 0.04134572 0.04084678
0.042469 0.03909817 0.04437141 0.03814838 0.04171427
0.04485847 0.03964939 0.04307348 0.03739149 0.03783774
0.04328244 0.04310552 0.04370339 0.03689922 0.03938052
0.03733661 0.03931409 0.04029147 0.04897013 0.05045706
0.0362064 0.04006839 0.03906122 0.03720577 0.03645628
0.04099966 0.03899912 0.04118592 0.03989561 0.04154571
0.0413264 0.04061195 0.04139691 0.03810324 0.03827924
0.0372504 0.03563257 0.03772641 0.04347607 0.04586629
0.04423154 0.0419415 0.04190916 0.03655336 0.046127
0.04620213 0.04387508 0.04194353 0.04301404 0.04629117
0.04031403 0.04218834
