0.03990668 0.02663575 0.04198433 0.07695374 0.04239358
0.04725738 0.0925315 0.04463305 0.08309683 0.07259828
0.08353037 0.06346707 0.0792356 0.04852273 0.04025057
0.04070543 0.1596119 0.04395667 0.07111669 0.04793249
0.03679494 0.04889929 0.04271659 0.0439296 0.06750048
0.0348213 0.03863541 0.1687372 0.2372356 0.04270256
0.1520142 0.03804032 0.03713696 0.03684451 0.05210725
0.08210943 0.03980422 0.04047528 0.07722048 0.09791146
0.1524463 0.0346614 0.07252542 0.0361643 0.03270365
0.04135585 0.0729224 0.04011131 0.1521632 0.2052624
0.04428523 0.03875408 0.03832872 0.03616045 0.08963006
0.04088851 0.04918265 0.3545356 0.03671098 0.05703725
0.0422751 0.03978694 0.04634496 0.03428669 0.07123937
0.04027426 0.09070457 0.04729632 0.03511624 0.1932144
0.04151017 0.0642977 0.2546426 0.03781357 0.05540289
0.05751658 0.170695 0.04130833 0.04338061 0.05628746
0.0449067 0.06885593 0.04838234 0.03675141 0.04931852
0.04209253 0.04345078 0.03940301 0.04419691 0.04350783
0.03695249 0.1634452 0.07979034 0.03944264 0.06767265
0.03921104 0.0971982 0.04986923 0.05452359 0.03066863
0.1730894 0.05091456 0.07197446 0.0407478 0.04994399
0.1219129 0.05445401 0.2363707 0.04389803 0.04134683
0.1018157 0.1511996 0.04763843 0.04933001 0.05568377
0.04437289 0.1550436 0.1316506 0.06714718 0.0554521
0.03971793 0.04213865 0.03901092 0.04712282 0.1304274
0.154956 0.08274896 0.03840022 0.047065 0.03846863
0.04579841 0.05813943 0.05244827 0.0430246 0.04471663
0.04319098 0.07295785 0.04163274 0.04264851 0.03946781
0.03755605 0.1091253 0.04549154 0.05876556 0.04911627
0.05165562 0.03503378 0.1157228 0.04100796 0.05447521
0.07186109 0.04207338 0.04497192 0.03606954 0.09508844
0.0385313 0.2330397 0.05327976 0.07218884 0.07020818
0.04754194 0.03327084 0.04351097 0.0394618 0.03822949
0.04137171 0.06600688 0.03961072 0.205099 0.04302592
0.2488643 0.0574434 0.05652227 0.03650816 0.3016137
0.04704974 0.0422119 0.04301704 0.1391542 0.04312127
0.07434262 0.1180927 0.09330971 0.03841749 0.1226531
0.03782989 0.053013 0.04574257 0.07846403 0.1151279
0.1566054 0.03803697 0.1771825 0.04597413 0.0441497
0.08633013 0.06212333 0.07472414 0.07740284 0.04427925
0.1918524 0.05943387
