0.03605367 0.02568787 0.03959004 0.03585796 0.03998713
0.03749155 0.0350369 0.03367374 0.03866721 0.04098249
0.03332105 0.03771774 0.03923603 0.0376099 0.04124276
0.03405141 0.03610047 0.03679602 0.03529837 0.03645122
0.02859815 0.03726818 0.04002848 0.03520854 0.03515774
0.03621092 0.03465621 0.03653084 0.03811208 0.03655669
0.03502375 0.03494266 0.0348483 0.03621651 0.03224999
0.03369046 0.03355324 0.03965588 0.03737868 0.03177588
0.03687696 0.03306987 0.03518072 0.03318025 0.03840976
0.03457812 0.03126035 0.03229175 0.03593692 0.03315405
0.0360385 0.03504036 0.03828408 0.03770705 0.03358975
0.03392114 0.04454699 0.03339672 0.03511847 0.03450893
0.03965863 0.03613337 0.03359782 0.03474583 0.03250058
0.0379541 0.03395128 0.03645169 0.03563431 0.03216988
0.03229814 0.03439808 0.03171581 0.03332055 0.03637451
0.03770183 0.04167955 0.0338165 0.03555595 0.0364463
0.03458565 0.0372889 0.03727358 0.03668357 0.04230707
0.0345163 0.03336101 0.03384611 0.0352467 0.03879481
0.03566871 0.04225117 0.03283775 0.0311545 0.03599768
0.0286751 0.03225711 0.03410439 0.03454659 0.03952469
0.02963361 0.03184783 0.03066596 0.03131916 0.03630034
0.03449219 0.03843207 0.0336416 0.03863945 0.03868513
0.03321554 0.03793172 0.03311235 0.03061889 0.03821059
0.03855811 0.03461839 0.03560866 0.03318978 0.03090847
0.03397498 0.03316837 0.03360764 0.03972762 0.03607434
0.03312701 0.03540011 0.03527186 0.03741669 0.03758193
0.03538192 0.04121452 0.03688436 0.03408391 0.03656467
0.03725215 0.03415871 0.02989562 0.03308742 0.0388811
0.03822825 0.03473445 0.03738615 0.0379631 0.03817577
0.03479767 0.03541113 0.03737329 0.04008525 0.04066596
0.036088 0.03175919 0.03163182 0.03489461 0.03445653
0.03664433 0.03041494 0.03970301 0.03522797 0.03703
0.04028862 0.0403221 0.03654765 0.031996 0.03267664
0.02787037 0.03254393 0.03984242 0.0321951 0.03472966
0.03764394 0.03635735 0.03777105 0.03515948 0.03505627
0.03261509 0.03680228 0.03639091 0.04020061 0.03316802
0.0391125 0.0376649 0.03623892 0.02753134 0.03508608
0.03584427 0.03961877 0.03588398 0.03666192 0.0373511
0.03361772 0.03169435 0.03821263 0.03715048 0.03550609
0.0331993 0.03657825 0.03531791 0.03701134 0.03643867
0.03747259 0.03754121
