0.04385815 0.02745575 0.04768098 0.04364267 0.03943062
0.04782224 0.04276733 0.04378073 0.04591555 0.04927234
0.04186556 0.04221835 0.04799278 0.0444104 0.043943
0.04232132 0.04525592 0.04203535 0.04380518 0.04709469
0.0383468 0.04177717 0.04267745 0.04624016 0.03933776
0.04218286 0.04220204 0.04448452 0.03270294 0.04096613
0.0420011 0.04657638 0.04509288 0.03701848 0.03653475
0.04736388 0.04308766 0.0462929 0.04332032 0.04158989
0.03984013 0.04001166 0.0446853 0.04202863 0.03871427
0.04230433 0.03856112 0.04475043 0.05467254 0.04348222
0.04221663 0.04717632 0.04176359 0.04091468 0.03333874
0.05319192 0.04195951 0.03931397 0.04465714 0.04255632
0.04334906 0.03929615 0.04070357 0.04316469 0.05764995
0.04213782 0.04549792 0.05384421 0.043159 0.0510759
0.04341008 0.04522386 0.03713893 0.04408979 0.04584556
0.04547376 0.05278396 0.0449907 0.04459919 0.04235572
0.05181897 0.04124899 0.04480081 0.04348793 0.04577897
0.04286806 0.04846039 0.04003333 0.04244682 0.04592231
0.04364128 0.04200434 0.04357947 0.03809421 0.0504846
0.04039998 0.04449233 0.04697178 0.04378418 0.04583813
0.04258868 0.04328522 0.04539865 0.047866 0.0415547
0.04344859 0.04595035 0.04806265 0.04220594 0.0386555
0.04017799 0.04135723 0.0521213 0.04464494 0.04860942
0.04528847 0.0460916 0.048917 0.04502951 0.04963587
0.04664707 0.04724793 0.04493034 0.04482881 0.04093831
0.0429703 0.04480815 0.04673964 0.04251194 0.04496548
0.04775688 0.03841385 0.0423996 0.04133538 0.04395831
0.04891791 0.0415023 0.04650801 0.04432901 0.04146265
0.04162158 0.04040557 0.03672779 0.04182037 0.04656193
0.03771969 0.04587491 0.05256886 0.04603207 0.03994488
0.04319149 0.04237081 0.04873941 0.0489526 0.044974
0.03956979 0.04474086 0.03971695 0.045055 0.04082217
0.04612089 0.04524856 0.04824261 0.03668595 0.04455552
0.04308422 0.0575734 0.05042328 0.04875069 0.04412225
0.039931 0.04754442 0.04809793 0.04367474 0.04772759
0.04121373 0.04783261 0.03918164 0.04209382 0.04355112
0.04423567 0.04507317 0.04050138 0.04563745 0.04425866
0.04604854 0.04427572 0.03673589 0.04648433 0.04433723
0.04837642 0.04642227 0.04603843 0.05011697 0.04165379
0.04293596 0.0433228 0.04247218 0.04531775 0.04672597
0.0460941 0.04901329
