0.03658459 0.02630853 0.03625813 0.03152505 0.03664696
0.03619556 0.03660265 0.03468696 0.03446953 0.03677749
0.0324835 0.05447339 0.0334311 0.03893841 0.03625014
0.03670017 0.03930622 0.03713667 0.04333961 0.03410981
0.03719667 0.03995084 0.03695479 0.0426771 0.03437472
0.03765478 0.03497398 0.03683468 0.03484778 0.03921355
0.03648311 0.04364484 0.03628525 0.03381728 0.03428933
0.03697927 0.04661265 0.03860573 0.03969076 0.0380341
0.03328538 0.03702289 0.03417304 0.04006579 0.040356
0.03252369 0.03818792 0.03838176 0.03429321 0.03322429
0.03630963 0.03796215 0.03489284 0.03400367 0.03351777
0.03381982 0.04011309 0.035004 0.04275451 0.03954108
0.03913046 0.03513211 0.03211514 0.04152156 0.03433376
0.03634221 0.03215439 0.03708269 0.0404768 0.03694201
0.03253408 0.03550747 0.03713601 0.03341624 0.03658057
0.03549486 0.03420819 0.034655 0.03695483 0.03672002
0.03546865 0.03726533 0.03543947 0.04110981 0.03842169
0.03699902 0.03249442 0.02861524 0.03684584 0.0363586
0.03492662 0.03527264 0.03901455 0.04064662 0.03898972
0.03660889 0.03927082 0.03866415 0.03816609 0.03542439
0.04777524 0.03703333 0.03769498 0.03425289 0.0391497
0.04042754 0.03889567 0.04212277 0.03728919 0.03633404
0.03607268 0.03733769 0.03519494 0.03492054 0.03397427
0.03761411 0.0340976 0.03312073 0.03740666 0.03305964
0.03627169 0.04005955 0.03626638 0.04015495 0.03378836
0.03192349 0.03466086 0.03347153 0.0364407 0.03713409
0.03607807 0.04169594 0.03428761 0.03423415 0.03688421
0.03777386 0.0416201 0.03569408 0.04007332 0.03707823
0.03610159 0.03639884 0.03879016 0.03761222 0.0319479
0.04310221 0.03677528 0.04003729 0.03404566 0.03999664
0.0391064 0.03430819 0.03671761 0.03643493 0.03858961
0.03230224 0.0340843 0.03832879 0.03619385 0.03468373
0.03603226 0.04036874 0.03205919 0.03806614 0.0382105
0.03553283 0.03522706 0.03697647 0.03307822 0.03617568
0.03617273 0.03997881 0.02895439 0.03155755 0.04899359
0.03468139 0.03117385 0.03642903 0.03107715 0.0399355
0.03669015 0.03532412 0.0347305 0.03373794 0.03743564
0.03574143 0.04171961 0.03897636 0.03830028 0.03759235
0.03390428 0.0329958 0.03862878 0.03861901 0.0304033
0.03968414 0.03667774 0.03371155 0.03782444 0.04543046
0.03555201 0.03617324
