0.04470247 0.03057347 0.04624779 0.04526548 0.04213673
0.04175103 0.04791775 0.04483523 0.04573968 0.04363426
0.04633697 0.04379981 0.04304378 0.04326566 0.04789229
0.0494968 0.04295144 0.04456274 0.05190414 0.04172061
0.0477398 0.04425625 0.04347208 0.04347692 0.04744612
0.04347564 0.04161135 0.04115324 0.04468801 0.04650302
0.04282041 0.04801235 0.04911747 0.04380922 0.04030661
0.04892285 0.0507113 0.04449468 0.04237791 0.04144677
0.04154663 0.04684746 0.04480125 0.04610045 0.04695833
0.04545617 0.04570193 0.04519941 0.04680796 0.04304709
0.04158103 0.04453804 0.04454987 0.04588193 0.04483727
0.04739024 0.04620876 0.04393107 0.04676978 0.04688966
0.04577633 0.0458678 0.04908338 0.04529213 0.04534861
0.04685243 0.04282045 0.04098737 0.0438786 0.04633971
0.0442279 0.04660791 0.04408875 0.04485299 0.04748687
0.04672387 0.046374 0.04461247 0.04116426 0.04349997
0.04014399 0.04640868 0.04531855 0.04491608 0.04677691
0.04514577 0.04611621 0.04307344 0.04465822 0.04541038
0.04088517 0.04316521 0.04982008 0.04789091 0.04791603
0.04549387 0.04476453 0.04516627 0.04651972 0.0433704
0.04440139 0.04537965 0.0456944 0.04517375 0.04571083
0.04682681 0.0434418 0.0447911 0.04536184 0.04344642
0.04713973 0.03877992 0.04609061 0.04512088 0.04541158
0.04063917 0.04675986 0.0501231 0.04113374 0.04763257
0.04955275 0.04473352 0.04150593 0.04328074 0.0436146
0.04338341 0.05110602 0.04453378 0.04443462 0.04794802
0.04415702 0.04179905 0.03909656 0.04149081 0.04815488
0.04548303 0.04275136 0.04343213 0.04025334 0.0450697
0.04309316 0.04749281 0.04630154 0.04235582 0.04109353
0.0434853 0.04235798 0.0434964 0.04394156 0.04734981
0.04274603 0.04359702 0.03973457 0.04406308 0.04088719
0.04355868 0.04664074 0.0464956 0.04654575 0.04427985
0.04202134 0.04030007 0.04691712 0.0407992 0.04904668
0.04635356 0.04396966 0.04496626 0.04236678 0.03863751
0.04264671 0.04242542 0.04678841 0.04498429 0.04419972
0.04531127 0.049776 0.04338771 0.04597394 0.04459402
0.04275816 0.04164295 0.04474639 0.04527528 0.04898999
0.03883601 0.04756554 0.04537262 0.04524804 0.04413753
0.04596767 0.04457572 0.04539082 0.040992 0.04587503
0.04984223 0.04385966 0.04546685 0.0447727 0.04646897
0.04417404 0.04421204
