0.04052377 0.02664507 0.03773351 0.03764012 0.03762043
0.04143357 0.04639508 0.04492145 0.0367158 0.04182303
0.03903939 0.03922732 0.03975661 0.0415254 0.03222026
0.04348566 0.03927996 0.03603767 0.04261962 0.03809172
0.03593749 0.03935799 0.05935021 0.03851735 0.03169875
0.03783991 0.04497853 0.03538186 0.04111652 0.03649024
0.03656379 0.04851388 0.03522954 0.03854964 0.04045263
0.03936098 0.03925473 0.04018925 0.04049724 0.03797877
0.03664815 0.0386717 0.03493138 0.03682028 0.04423437
0.03672127 0.04070408 0.03881412 0.03846739 0.04703143
0.04118234 0.04181442 0.03515268 0.04363997 0.03403904
0.03952253 0.03816615 0.04712352 0.03537858 0.03920625
0.04373364 0.03977452 0.03976239 0.04840909 0.04049889
0.03900973 0.04483884 0.0447406 0.04348348 0.03924769
0.03832145 0.03993884 0.03884455 0.03907409 0.04131222
0.03677585 0.04014557 0.04188337 0.03742265 0.03840099
0.04301828 0.0400994 0.04974547 0.03588016 0.0383231
0.04479043 0.04604285 0.04402789 0.04108552 0.04035575
0.04312226 0.04043067 0.04518553 0.04064428 0.04009195
0.03263745 0.04414546 0.0449227 0.04155048 0.04183548
0.04631993 0.04370238 0.03702949 0.03820207 0.03653626
0.04116298 0.04431905 0.04271903 0.04234198 0.04529654
0.04030495 0.03974426 0.04150366 0.03986355 0.04438106
0.04133514 0.04016002 0.03652811 0.03849392 0.03798734
0.04033484 0.03836407 0.0423011 0.04530355 0.03907338
0.03461629 0.03767745 0.04002429 0.04642586 0.03737962
0.04342644 0.04592216 0.03724506 0.03973076 0.03350902
0.0336334 0.04051377 0.04054727 0.04125595 0.04556647
0.03490385 0.04072105 0.04172179 0.05392294 0.04582816
0.04341347 0.03359668 0.03333875 0.03669433 0.04018558
0.04156907 0.03978201 0.04111051 0.0420241 0.03529337
0.04336394 0.03922104 0.04166357 0.04652074 0.04566609
0.04109471 0.03980084 0.04659227 0.04305353 0.0377664
0.0432284 0.04016895 0.03715094 0.03746817 0.04228571
0.03589221 0.03763414 0.04282592 0.04133729 0.03565366
0.03975216 0.04388616 0.04279472 0.04339103 0.0431272
0.04029634 0.0433823 0.04163875 0.03751363 0.03898093
0.04307514 0.04440923 0.04068805 0.04315342 0.04477712
0.03793211 0.04321938 0.04380067 0.04314935 0.03882539
0.03246963 0.03952464 0.0347901 0.03514714 0.04272782
0.062361 0.03752722
