0.03904373 0.02615038 0.03457523 0.03734901 0.04007482
0.03880632 0.03824392 0.04105772 0.03887525 0.04326933
0.04255077 0.03407016 0.04131242 0.03532029 0.03550103
0.03591536 0.03143356 0.03894426 0.04881464 0.0330692
0.03963569 0.03941754 0.04351874 0.0369203 0.03891729
0.03855584 0.03809866 0.03681089 0.04629926 0.03606362
0.0452164 0.05009331 0.03903241 0.03755291 0.04207616
0.03494101 0.0373692 0.0367831 0.03973254 0.04062991
0.04333647 0.03911599 0.04110482 0.04165493 0.0425643
0.03868892 0.03747272 0.03407944 0.03726728 0.03939106
0.03690111 0.03887935 0.04207482 0.03959067 0.03716915
0.04217093 0.03850112 0.04245729 0.0377829 0.0380294
0.03507142 0.03710827 0.03926611 0.03130313 0.04341534
0.03426423 0.04162938 0.03724125 0.03709562 0.04588075
0.04053458 0.04386875 0.03935436 0.03596953 0.03865132
0.03354438 0.03722535 0.03985736 0.04269784 0.03516949
0.03609523 0.03882453 0.04035647 0.04106621 0.03783782
0.04476631 0.03617899 0.03666797 0.03985061 0.04358365
0.03929396 0.04396146 0.03614506 0.03679343 0.0418204
0.03660955 0.03711583 0.03905549 0.03567829 0.03087564
0.03716972 0.03427848 0.04158524 0.04061461 0.03782461
0.04169459 0.0336007 0.03949478 0.0415433 0.03981106
0.03381339 0.03836125 0.03240474 0.047687 0.03857093
0.0368385 0.04126352 0.03961969 0.03851582 0.03721623
0.03484959 0.03877791 0.03567379 0.03961394 0.04216935
0.03028026 0.03517285 0.04108738 0.04112548 0.03967755
0.03903761 0.04204172 0.04035637 0.04552613 0.03945902
0.03059438 0.04462924 0.03909258 0.03739771 0.05088028
0.04011121 0.04029748 0.03522575 0.03454135 0.04450696
0.0361444 0.0332214 0.03709321 0.04038518 0.03710738
0.0359766 0.03758229 0.03527757 0.04020226 0.04152675
0.04122685 0.03905154 0.04155703 0.03995598 0.04117236
0.04099677 0.03340033 0.03726691 0.04227335 0.03791789
0.03888444 0.03710681 0.03511016 0.03918856 0.03669947
0.03672299 0.03512129 0.03444458 0.03939611 0.04373908
0.03739346 0.03505456 0.03745236 0.03399778 0.03769244
0.04134908 0.03453685 0.04264387 0.03924916 0.04299942
0.03692182 0.04280755 0.04050394 0.03468218 0.03786314
0.03789598 0.03736676 0.03763763 0.03616974 0.04252998
0.03509969 0.04278524 0.03873017 0.03876254 0.03498041
0.03633668 0.03825749
