0.04341531 0.02896052 0.05286791 0.03369197 0.05000283
0.05255386 0.04723846 0.04455737 0.04143556 0.04704717
0.04749 0.04344462 0.0396586 0.04338872 0.04594255
0.04850216 0.04394369 0.04014077 0.04089535 0.0455864
0.04584293 0.04884435 0.04104834 0.04376851 0.04688634
0.04324634 0.04850538 0.04136711 0.04458474 0.04028093
0.04485978 0.04434286 0.04381221 0.03988962 0.04093569
0.03375543 0.04489713 0.04124823 0.03259566 0.02949529
0.0331699 0.0442388 0.03957321 0.04204039 0.04280173
0.04215414 0.04370723 0.04251087 0.04158289 0.03797979
0.04388688 0.04383421 0.0371549 0.04317629 0.04234916
0.04227329 0.0355189 0.04558952 0.04660117 0.04542807
0.0415135 0.04087651 0.04376102 0.04705158 0.04296688
0.04753941 0.0505878 0.04737746 0.04386791 0.04821529
0.04614051 0.04350332 0.04102278 0.03882842 0.04814334
0.03474931 0.05065691 0.04212547 0.04315732 0.04368387
0.04437447 0.04468748 0.04495835 0.04356908 0.04578386
0.04380698 0.04550488 0.04199512 0.04292786 0.0454805
0.04622057 0.04005132 0.04660165 0.04439984 0.04719296
0.05197553 0.04421537 0.04536173 0.04546911 0.04285191
0.03899029 0.04517443 0.04292639 0.0426101 0.04484655
0.03937225 0.04580091 0.04387413 0.04601542 0.04427137
0.03850284 0.04048091 0.04469445 0.04245494 0.0436975
0.05002101 0.04631732 0.04784039 0.03785 0.03899589
0.04010195 0.04537481 0.04591194 0.04293076 0.04873172
0.04683967 0.04416809 0.04643965 0.04677276 0.04513887
0.04514473 0.04202499 0.04372269 0.04266592 0.04636807
0.03971678 0.03323697 0.04234295 0.04065702 0.05047765
0.04565314 0.02959041 0.04410017 0.03993342 0.0429583
0.04238722 0.04937523 0.04493332 0.04031806 0.03851009
0.04356022 0.04249573 0.04029815 0.05035774 0.03451521
0.04408034 0.04793124 0.03684653 0.04478832 0.04517324
0.04865917 0.0453955 0.04043481 0.04198994 0.04007125
0.04469197 0.04522977 0.04549399 0.04455329 0.04424792
0.04429231 0.04072026 0.03952953 0.03708193 0.04050571
0.04420416 0.04490185 0.03334717 0.04016885 0.0446695
0.04625102 0.04329366 0.04233603 0.04030738 0.0460928
0.04832818 0.04377239 0.0524486 0.04348852 0.04296842
0.04206995 0.0460075 0.04192325 0.03900621 0.03814283
0.04518247 0.04221467 0.04979057 0.04687211 0.04148267
0.04584647 0.04594382
