0.04194978 0.02977678 0.04465744 0.0428907 0.04323945
0.04216138 0.04301172 0.04679009 0.0426097 0.0451671
0.04142514 0.03858116 0.04360508 0.03848721 0.04534838
0.04461476 0.04567573 0.04414931 0.04110102 0.04440442
0.04572774 0.04063033 0.04226769 0.04128129 0.03952717
0.04373044 0.03914084 0.04141947 0.04115093 0.04597269
0.04508633 0.04071674 0.04721996 0.04238996 0.04361188
0.04524583 0.041415 0.03536483 0.0424636 0.04053284
0.04730107 0.03749896 0.04473139 0.04009211 0.04466108
0.04310046 0.04161161 0.04514227 0.04402908 0.04073198
0.04296449 0.04310928 0.04197658 0.04808985 0.04213054
0.0433119 0.04314629 0.03871332 0.04232186 0.03845005
0.04295971 0.04517079 0.03927177 0.0419542 0.04263398
0.04691984 0.03672966 0.04001853 0.04105414 0.04183449
0.04369474 0.04267744 0.04095515 0.04207486 0.0417023
0.03922353 0.03866622 0.03871194 0.03869323 0.04303336
0.04325189 0.04423478 0.04264317 0.03773424 0.04204516
0.04542275 0.04827874 0.04703793 0.0400667 0.05187002
0.04424199 0.04415248 0.04707114 0.0442327 0.04472657
0.04714725 0.04123689 0.04136542 0.04122764 0.03940532
0.04535754 0.04359312 0.04579185 0.04360734 0.04243198
0.04139373 0.04028089 0.04104933 0.04392058 0.04620885
0.0413337 0.04716779 0.04584023 0.04354665 0.04682889
0.04635894 0.04320324 0.0454571 0.03928527 0.04466519
0.0415339 0.0403807 0.04638522 0.04504439 0.04477318
0.04709681 0.04716028 0.04320759 0.04657218 0.04144721
0.04087588 0.0410488 0.04484837 0.04260326 0.04473341
0.0373762 0.04933996 0.03955742 0.04371958 0.04558644
0.04014801 0.03882009 0.03853253 0.04418569 0.04029006
0.04026859 0.04240582 0.04131815 0.04676863 0.04143953
0.03777563 0.0393808 0.04461167 0.03659209 0.0475557
0.04344181 0.04500553 0.03820225 0.04652914 0.03796632
0.04246386 0.0419507 0.04703057 0.04542565 0.0430849
0.0396285 0.04199723 0.04652346 0.04624205 0.04023416
0.04482128 0.04663082 0.04308006 0.03976864 0.04287862
0.04394747 0.04743887 0.04308096 0.04125406 0.04489057
0.04219627 0.043834 0.03786178 0.04269781 0.0405866
0.04394135 0.04839385 0.04007694 0.04545789 0.04573134
0.04310003 0.03910758 0.04140128 0.03985117 0.04007637
0.04151956 0.04185447 0.04302013 0.04018573 0.04195281
0.04381019 0.0556745
