0.04530098 0.02936802 0.04907847 0.04234634 0.04702011
0.04165029 0.0418254 0.03862134 0.04895921 0.04676916
0.04369698 0.04732023 0.04373095 0.04518194 0.04189556
0.04572433 0.04787366 0.05072364 0.04465807 0.04410862
0.04658864 0.04405382 0.04555964 0.04620341 0.04956924
0.04297772 0.0502128 0.0457699 0.04598506 0.04158832
0.04611804 0.0466576 0.04161292 0.04362328 0.04351892
0.04675076 0.04502105 0.04291853 0.04743102 0.04473107
0.04531147 0.0456308 0.0469868 0.0487877 0.0532259
0.04285573 0.04143209 0.04633543 0.05382996 0.04132806
0.04544022 0.05198854 0.04455199 0.04708483 0.04818693
0.05001144 0.04735674 0.04703066 0.04054766 0.04385591
0.04564903 0.04375716 0.03809955 0.04613477 0.04608424
0.04244337 0.04664692 0.04837139 0.05068776 0.0433787
0.04971966 0.04792392 0.04198855 0.04189782 0.04512114
0.04805757 0.04781303 0.04564134 0.03852176 0.04549415
0.04276827 0.04195779 0.04332698 0.04885383 0.05042914
0.04779855 0.04039788 0.0399726 0.04427808 0.04604244
0.03966092 0.04940329 0.04331748 0.04944614 0.04538279
0.04497599 0.04450562 0.03903934 0.0446312 0.04401037
0.03985133 0.03670061 0.04372229 0.04684228 0.04067335
0.04610049 0.04434552 0.04041098 0.04732315 0.04869043
0.04449044 0.05081606 0.04365441 0.05023349 0.04120128
0.04102539 0.04088744 0.04483473 0.04282883 0.04149736
0.04076328 0.04663203 0.0466467 0.04347121 0.04387673
0.04447016 0.04307925 0.04058721 0.04835778 0.04864415
0.04619298 0.04177223 0.05027007 0.04150772 0.04660933
0.04167452 0.04386023 0.04763014 0.04501111 0.04697834
0.0438771 0.04454242 0.04630895 0.04083579 0.04956109
0.04529987 0.04486007 0.04680075 0.04337541 0.04339588
0.04169556 0.03996159 0.04648105 0.04931776 0.04546137
0.04468927 0.04747438 0.04682099 0.04757207 0.03958262
0.04415583 0.04150678 0.04838899 0.04348025 0.04276725
0.04205142 0.04134044 0.03924755 0.04691075 0.04347088
0.03927069 0.03889528 0.04008825 0.04560448 0.04653801
0.04636154 0.04021823 0.04669208 0.04419356 0.04114006
0.04121551 0.04444817 0.04599153 0.0485011 0.04917351
0.04979314 0.04635323 0.03978769 0.04695972 0.04058636
0.04439944 0.04976377 0.04364336 0.04132355 0.04129733
0.04562978 0.05057808 0.04576891 0.04520924 0.04315683
0.04360304 0.04014148
