0.04204084 0.02661235 0.03987085 0.03874489 0.04366661
0.04321288 0.04165158 0.04985741 0.03966183 0.04716692
0.04519586 0.04566707 0.0403523 0.04366249 0.03440783
0.03958679 0.03762679 0.04193328 0.03958874 0.04327833
0.04243224 0.04122127 0.04466676 0.04542161 0.0440662
0.04084436 0.03538595 0.04110286 0.04642515 0.03806497
0.04120172 0.03797461 0.05012918 0.03940077 0.04342063
0.03978641 0.03844612 0.04618739 0.03941661 0.04788853
0.03847489 0.03913304 0.03884129 0.04075612 0.0438122
0.03965352 0.03930781 0.04194886 0.03891699 0.04159729
0.04255356 0.04127231 0.03816312 0.03775233 0.0435054
0.04670968 0.04502925 0.03895319 0.03662152 0.04064887
0.0344327 0.03552422 0.03979512 0.04301046 0.03990198
0.03713779 0.03910212 0.03820236 0.03934822 0.04347334
0.04781369 0.03343815 0.03254023 0.04184772 0.03920862
0.03809236 0.04448093 0.04930103 0.03539372 0.03844404
0.04370722 0.04060586 0.03808084 0.03974708 0.03980704
0.04023804 0.04368867 0.04257078 0.03963435 0.0390188
0.04441338 0.03754535 0.03829014 0.04544878 0.04721988
0.03658 0.03857864 0.04446147 0.03916334 0.04782993
0.03829236 0.03621191 0.04786106 0.03818018 0.0432281
0.04424643 0.0361628 0.04276902 0.04612223 0.03966297
0.03915812 0.04358473 0.04259462 0.04069314 0.03984458
0.0408038 0.04001377 0.04270126 0.03714841 0.03540559
0.04030414 0.04212904 0.04178309 0.03751769 0.04050388
0.03628865 0.04347447 0.03942298 0.04192045 0.04495705
0.04533372 0.04761278 0.04685836 0.04110377 0.03667915
0.04451293 0.05014521 0.04282882 0.04137508 0.04273387
0.04151345 0.03612577 0.04221709 0.03782729 0.03729547
0.0416391 0.04030807 0.03627459 0.04486093 0.04597342
0.04353843 0.04457236 0.04100937 0.038799 0.04286127
0.03685054 0.04479592 0.03541005 0.04127005 0.04709537
0.03670082 0.038151 0.03880167 0.04988137 0.040201
0.0377698 0.03685728 0.0431441 0.0448837 0.04466013
0.03919781 0.04487995 0.04354843 0.03633184 0.04417423
0.04043066 0.04202777 0.04004684 0.03965406 0.03577269
0.04107242 0.04483459 0.0430136 0.04113946 0.03417894
0.03605966 0.03886093 0.04052721 0.03936286 0.04054041
0.0411131 0.03205078 0.0389363 0.03641489 0.04122845
0.03834861 0.04078687 0.0398197 0.03641846 0.04584667
0.0448394 0.04567657
