0.04132013 0.02686172 0.04070885 0.03677434 0.04431708
0.03967295 0.04769837 0.03957156 0.04693397 0.03848278
0.04291433 0.03948826 0.04409393 0.04246016 0.04085488
0.0408143 0.04208164 0.04831843 0.0489298 0.04022559
0.04217162 0.04282386 0.04120081 0.04340109 0.04796138
0.04230176 0.03896086 0.04190527 0.04069061 0.04170032
0.05093727 0.0406383 0.03969479 0.04510819 0.03877223
0.04743284 0.04091663 0.04004925 0.04408946 0.03990799
0.03905606 0.03672438 0.04104351 0.04029639 0.04249303
0.04471137 0.04128748 0.04067237 0.04486387 0.0459461
0.03562617 0.0430518 0.03746476 0.04084125 0.04376917
0.0470034 0.03976679 0.04700077 0.03964327 0.04029316
0.04034529 0.03476231 0.0426045 0.03873204 0.03803887
0.04800564 0.04139717 0.04803676 0.03608528 0.04407364
0.04383979 0.04737736 0.04451356 0.04676999 0.03992843
0.03976785 0.0373252 0.03709581 0.04232826 0.04426947
0.04321182 0.04231033 0.04265646 0.03929473 0.04937225
0.04232593 0.04541239 0.04464693 0.04510104 0.04087183
0.04560146 0.03545084 0.04638453 0.03747163 0.03584379
0.04242449 0.04533631 0.0372984 0.03224296 0.03946393
0.04424364 0.04338633 0.03925708 0.04227125 0.04018271
0.04446555 0.03773129 0.04138471 0.04018734 0.03983085
0.04315034 0.04205372 0.04306303 0.04242366 0.04971552
0.03740694 0.0424753 0.04097581 0.04557003 0.04120208
0.03820701 0.04398872 0.04480725 0.0471579 0.04118134
0.04690076 0.04499328 0.03611256 0.04120526 0.04274942
0.0407136 0.04992339 0.04079472 0.05118307 0.03905641
0.04361655 0.04331244 0.03722328 0.04463424 0.04193504
0.03521674 0.03742894 0.04229032 0.04385562 0.04070333
0.04245651 0.0377711 0.04103596 0.04358416 0.04313041
0.04113682 0.05071323 0.04304602 0.04779894 0.03844721
0.03757509 0.04092104 0.04107971 0.04349631 0.0453231
0.03989788 0.04539503 0.04077745 0.04797244 0.04348672
0.04222263 0.04053209 0.03990371 0.04102198 0.0409487
0.04425397 0.03997969 0.03964452 0.03556425 0.04544045
0.04922559 0.04293621 0.03970578 0.04494428 0.03844376
0.04195346 0.04386062 0.03605791 0.04451654 0.04314226
0.0439934 0.03983228 0.04091943 0.0432207 0.04295551
0.04224687 0.04315929 0.04677719 0.04125587 0.04051659
0.04313481 0.04537234 0.04244763 0.03993542 0.04992449
0.04444548 0.03726911
