0.03800232 0.0274197 0.03709667 0.03988444 0.03668779
0.03601777 0.04086917 0.04062569 0.03873632 0.03939834
0.03785018 0.03512659 0.0427299 0.04271124 0.0434008
0.04512173 0.03792593 0.04244238 0.03584859 0.03646005
0.04605064 0.03404224 0.03638571 0.03611787 0.0413219
0.03633683 0.0376482 0.03790789 0.03744724 0.03881412
0.04149763 0.04116022 0.03946394 0.04547975 0.04249637
0.0338467 0.03582663 0.03715912 0.03839996 0.03765008
0.03611794 0.03962681 0.0375675 0.03633096 0.03463508
0.03429567 0.04008812 0.03764507 0.04030505 0.04435405
0.03453528 0.03649575 0.03712381 0.04070741 0.04193532
0.03770319 0.04420657 0.03447167 0.03849351 0.03641522
0.04202787 0.04501233 0.03386293 0.03603943 0.03831939
0.03474815 0.04098622 0.03781974 0.04003879 0.0347994
0.03708619 0.03824727 0.03689216 0.03517008 0.03509519
0.03669968 0.03988757 0.04108143 0.03726275 0.0384437
0.04041869 0.03801018 0.03818472 0.03877013 0.03750113
0.0357362 0.04611605 0.03504563 0.03611413 0.04045945
0.03869012 0.03460023 0.03794103 0.03768327 0.04280803
0.03932006 0.03779142 0.03290284 0.03827712 0.03428774
0.03778725 0.04113045 0.0380198 0.04290761 0.03729916
0.03849705 0.03320626 0.03618758 0.03857238 0.0340199
0.03485315 0.04005092 0.03777904 0.03973322 0.03797867
0.03734088 0.03564029 0.0382957 0.03792384 0.03963596
0.03551567 0.03487125 0.03851911 0.03662841 0.03763347
0.03648268 0.03560642 0.03590565 0.03450438 0.03794496
0.03655226 0.04005754 0.03891912 0.03989421 0.03674107
0.04186832 0.03442411 0.03734025 0.03480135 0.03640087
0.03729255 0.03957121 0.03688607 0.03990024 0.03495739
0.03920922 0.04275924 0.03755969 0.03938788 0.03329077
0.0355188 0.04325279 0.03756759 0.04422514 0.04290876
0.03349683 0.04140925 0.03797633 0.04039756 0.04028452
0.0373441 0.03706459 0.03648432 0.04556662 0.03607158
0.03800028 0.03908639 0.03877068 0.04152386 0.03693773
0.03892421 0.03427993 0.0429736 0.03414785 0.04382824
0.03584141 0.03703875 0.03723435 0.03302454 0.03813564
0.04298232 0.03958602 0.03006474 0.03489874 0.03654534
0.03538195 0.03645267 0.03893371 0.03719304 0.03714308
0.03693519 0.03862803 0.03583483 0.04172845 0.03876394
0.03946952 0.03831808 0.03566557 0.04418554 0.04158464
0.04232938 0.04672946
