0.04160206 0.02788729 0.04635675 0.03957017 0.03953905
0.04048061 0.04030802 0.03963443 0.04457453 0.03869317
0.0430092 0.03890364 0.04198267 0.04447554 0.03944289
0.04087892 0.03820624 0.04076046 0.04144977 0.04270749
0.04280682 0.03965843 0.0383541 0.04115871 0.03999397
0.03709657 0.04566629 0.04398777 0.04039314 0.0488188
0.04345801 0.04455404 0.04265748 0.03859736 0.0450113
0.04051274 0.04429223 0.03841145 0.04629163 0.04056989
0.04519899 0.04311928 0.04051706 0.04197243 0.03889767
0.03807997 0.04282077 0.03860739 0.04022926 0.04762705
0.04215686 0.04130908 0.04211806 0.04704889 0.04146927
0.04426965 0.04016927 0.04096611 0.04031593 0.04568173
0.04161987 0.04559031 0.03862022 0.03636995 0.03642856
0.04301166 0.03614219 0.04222616 0.04416618 0.04230664
0.04444821 0.04125131 0.04452518 0.03788649 0.04349584
0.03835065 0.03693067 0.03962964 0.03999312 0.04103661
0.03801538 0.04538059 0.03986455 0.04551486 0.04634463
0.04138984 0.04005435 0.03895283 0.04167077 0.04723629
0.04355685 0.04170377 0.04077107 0.0409633 0.03676651
0.04011406 0.03909733 0.04697114 0.04874318 0.0419704
0.04243382 0.04388529 0.04247435 0.03974958 0.03965743
0.04217546 0.04307895 0.04206561 0.04141406 0.04075838
0.04474286 0.04191961 0.04459136 0.04222822 0.04262288
0.04025865 0.04076071 0.03917988 0.03986729 0.03900063
0.04152724 0.04059834 0.03936907 0.04282694 0.04005664
0.04956851 0.03879231 0.04280376 0.04593509 0.04287448
0.04451088 0.04402616 0.04843591 0.04440709 0.04495577
0.03902598 0.04112275 0.03975454 0.04393745 0.04352989
0.03729295 0.04082593 0.04155526 0.03735994 0.03927119
0.03715366 0.04293714 0.04106394 0.03863385 0.03802526
0.04428906 0.04281874 0.03713755 0.041459 0.03902909
0.0368305 0.04557595 0.03877049 0.04445976 0.04205376
0.03881127 0.04176059 0.04280763 0.04237117 0.03925628
0.04549158 0.03975879 0.04924976 0.04099641 0.03928319
0.04402053 0.04378981 0.03978618 0.03925789 0.04173548
0.04252517 0.04537367 0.03739957 0.0469793 0.04714277
0.03764784 0.04057058 0.04337675 0.03756004 0.04317443
0.04336652 0.03999931 0.04242051 0.04028797 0.03953662
0.04495105 0.04772387 0.04285113 0.04143095 0.0425727
0.04762136 0.04389699 0.04296892 0.0458631 0.04647508
0.04286762 0.04676148
