0.03995082 0.02676613 0.03289483 0.03909591 0.03996665
0.04109632 0.03638516 0.03668955 0.03920575 0.03549478
0.04171914 0.03684843 0.03834689 0.03259873 0.03514607
0.03993517 0.03530395 0.0501737 0.04095331 0.03965543
0.04069314 0.04105692 0.0368142 0.03668771 0.04342107
0.04002563 0.04012486 0.04201067 0.03432287 0.03937567
0.04213143 0.04172321 0.04580965 0.04166276 0.04140644
0.03516867 0.04173384 0.04178715 0.04021778 0.0381622
0.03702949 0.03994526 0.03671405 0.03354164 0.03802148
0.03529636 0.0404434 0.03649331 0.03521776 0.03462433
0.05797258 0.03935779 0.03738643 0.04067244 0.04090738
0.0409154 0.03984293 0.0390879 0.03743661 0.04021683
0.04048245 0.04193256 0.03940225 0.03876175 0.03725836
0.03606466 0.03633796 0.03738688 0.04174223 0.04305696
0.04137973 0.04093192 0.03765716 0.04148533 0.03575249
0.03623661 0.04162382 0.0402265 0.03951014 0.03791743
0.03468874 0.03680575 0.04257142 0.03586486 0.04068945
0.04092182 0.04066583 0.03785016 0.04125618 0.03570833
0.03950818 0.03688329 0.04666734 0.0377578 0.04170105
0.03855508 0.03875409 0.03339442 0.04025908 0.04968879
0.04057765 0.04468538 0.04191796 0.03556668 0.03864317
0.03923101 0.03994743 0.038623 0.03794207 0.04314216
0.03618049 0.03676776 0.03712806 0.03636649 0.04001457
0.043024 0.04385887 0.03686372 0.04298162 0.03957111
0.03731838 0.03852682 0.03603115 0.03962378 0.03915055
0.03785555 0.04318699 0.04183704 0.03888424 0.04417666
0.03822499 0.03542197 0.03680709 0.04186648 0.04000516
0.03438765 0.04340522 0.04482583 0.03916399 0.03360094
0.0358546 0.0384791 0.05701709 0.03945086 0.03093586
0.0404381 0.04192963 0.03879789 0.03666255 0.03068681
0.04214078 0.03653184 0.03777277 0.04045024 0.04307833
0.03909533 0.04381557 0.03845326 0.03724214 0.04561315
0.03884634 0.03605671 0.03572126 0.03716359 0.03477991
0.03753062 0.04207143 0.04118051 0.03796645 0.03873743
0.03543588 0.0334447 0.0466105 0.03975308 0.0430603
0.03753568 0.04079894 0.04237822 0.03586006 0.04578531
0.03902984 0.04220449 0.041829 0.03717315 0.04328505
0.03873167 0.0452414 0.03993909 0.03790555 0.04168999
0.04267318 0.03417566 0.03861897 0.03808401 0.04156126
0.04768548 0.0361649 0.0323453 0.03901639 0.03442726
0.03834598 0.0390956
