0.04345349 0.02883701 0.04498514 0.03976117 0.04595703
0.03448172 0.04199591 0.04499067 0.0414561 0.03982854
0.03956821 0.04017082 0.04331212 0.04464938 0.04866952
0.04055236 0.04052236 0.04109259 0.0439357 0.04501224
0.04291454 0.04140773 0.04570998 0.04179648 0.04420044
0.04561218 0.03788243 0.04110849 0.05706044 0.04408717
0.04671022 0.04299331 0.04106025 0.04440346 0.04133006
0.04044429 0.04759248 0.04136237 0.04227902 0.04425232
0.04003164 0.04457964 0.04534313 0.03873675 0.04526938
0.04866798 0.04284073 0.0497216 0.04744714 0.04694554
0.03976479 0.04629548 0.04807335 0.04441024 0.03854316
0.04604234 0.04046738 0.04358183 0.0407916 0.04886865
0.03935243 0.04209217 0.04533672 0.04680038 0.04409636
0.04239358 0.04399726 0.0468577 0.04636904 0.04020918
0.03908982 0.0433885 0.04463313 0.04315838 0.04268706
0.04121419 0.04715357 0.04680702 0.03592367 0.04479909
0.03642099 0.04692588 0.04068301 0.04856744 0.04403153
0.03925354 0.04870974 0.04342466 0.04018724 0.04687355
0.04038631 0.04273081 0.0436464 0.04605192 0.04175472
0.04325432 0.04691935 0.04434369 0.03965545 0.04634204
0.04465901 0.04183026 0.03935607 0.04497717 0.04489303
0.04972069 0.04551374 0.04919227 0.04249097 0.04248801
0.04121491 0.0449731 0.05021805 0.04686294 0.04499329
0.04752522 0.04747686 0.04146181 0.0453642 0.0424087
0.04380259 0.04136035 0.04207272 0.04358734 0.0443996
0.04587575 0.04748311 0.04629026 0.05484849 0.03727492
0.03958503 0.04279118 0.04364396 0.04067975 0.03941176
0.04648842 0.03531273 0.04465019 0.04338983 0.04114076
0.03850922 0.04383187 0.04381865 0.04461002 0.04101652
0.04145627 0.03963164 0.0469981 0.04165703 0.04281074
0.0421915 0.04433687 0.03889387 0.03861667 0.04473675
0.04654319 0.03679908 0.04097391 0.04158739 0.0458268
0.04003716 0.04897796 0.05193916 0.04068484 0.04078168
0.04147073 0.04625748 0.04347361 0.04777799 0.04441392
0.03844936 0.04158048 0.04179063 0.04406667 0.04332171
0.03999941 0.04203346 0.03473776 0.03934697 0.04916356
0.04163227 0.05512872 0.04747777 0.04192644 0.04207529
0.03867729 0.05124341 0.04507547 0.04981856 0.04027187
0.03949848 0.04316978 0.05206501 0.05050532 0.04899038
0.04273388 0.04694711 0.0358347 0.04324813 0.04336134
0.04635569 0.04683058
