0.03845547 0.02595818 0.03247258 0.03910921 0.03860281
0.04134339 0.03964458 0.03194156 0.04038282 0.04230349
0.03943222 0.03656452 0.04513545 0.03434063 0.04167488
0.0379833 0.04159663 0.03836457 0.04152002 0.03923531
0.03338291 0.03784229 0.03707367 0.04030136 0.03855569
0.04530028 0.03384615 0.03697035 0.03437994 0.03809867
0.03669474 0.03758466 0.03765836 0.03734447 0.04218533
0.04621046 0.03241342 0.03588338 0.03874971 0.03585906
0.03556271 0.0393757 0.04156398 0.04096733 0.03864284
0.0329275 0.03896172 0.03366783 0.03538644 0.04224837
0.03980645 0.03993577 0.03830203 0.03943809 0.04079699
0.03371715 0.03712374 0.03770408 0.03860447 0.03259092
0.03918348 0.03731 0.03900566 0.03307362 0.03990601
0.03638547 0.03461277 0.03868959 0.03473743 0.03505788
0.03960254 0.03339032 0.03378339 0.03663285 0.031461
0.04143001 0.03751387 0.04047175 0.03586221 0.04314248
0.04031191 0.03886386 0.03804567 0.0419023 0.04219313
0.03519373 0.03436019 0.04149912 0.04214912 0.04122243
0.03763063 0.03976016 0.03506285 0.03677284 0.04064109
0.03642249 0.04247822 0.04714246 0.0371853 0.03641873
0.04448916 0.03505037 0.04183812 0.03691376 0.03611207
0.03465847 0.03783085 0.03150222 0.03333847 0.03830073
0.04503344 0.0356799 0.03843281 0.0390613 0.0423727
0.03204018 0.03188756 0.03846869 0.03797277 0.041411
0.04213036 0.04019201 0.02965527 0.04209902 0.04202614
0.04129124 0.04100058 0.03444569 0.04137499 0.03526682
0.03979776 0.03831941 0.03316956 0.03579415 0.03760302
0.03465219 0.03836134 0.03353961 0.03942898 0.03829806
0.03954096 0.03383327 0.04130345 0.03447069 0.0342806
0.03650548 0.03758487 0.03704612 0.03933418 0.03971527
0.03908939 0.03673685 0.03666511 0.03336881 0.03684149
0.03352164 0.03347054 0.03984693 0.03857976 0.03789651
0.03673874 0.03443076 0.03660559 0.03886975 0.03514939
0.03808664 0.03915866 0.03252595 0.03964773 0.03473899
0.03728422 0.03903241 0.03916268 0.04168413 0.03704347
0.03962318 0.03846841 0.03969948 0.0387135 0.03996848
0.04033693 0.0370297 0.03746852 0.03900616 0.03902801
0.04060252 0.03143247 0.03472211 0.0373433 0.03404512
0.0402 0.03746043 0.03647503 0.03135263 0.03472004
0.03369013 0.03803038 0.03743039 0.04146521 0.03263369
0.03987644 0.0364723
