0.04095243 0.02702044 0.04538076 0.03980649 0.05208221
0.03490508 0.04541338 0.04015683 0.04119086 0.04548722
0.04001698 0.04141641 0.04021853 0.04499381 0.04044405
0.04664451 0.0434355 0.04184394 0.04131675 0.04047003
0.03855924 0.0404632 0.0432159 0.03977921 0.03846819
0.04596161 0.04940195 0.04410915 0.04032973 0.04686115
0.0436086 0.04222792 0.04311732 0.03827113 0.03981199
0.04333202 0.04018921 0.04976597 0.04387094 0.03991897
0.03713753 0.04294513 0.04792374 0.04036844 0.04055522
0.04399486 0.03787021 0.0355412 0.04172232 0.03925277
0.04108103 0.03813893 0.04229406 0.04170239 0.03451755
0.04217683 0.04232226 0.04393689 0.04103775 0.04193961
0.04180635 0.04587249 0.0454498 0.04161657 0.03939809
0.03956674 0.04093501 0.03785049 0.03778927 0.04605619
0.04342607 0.0417585 0.04336336 0.04057778 0.04597
0.04450484 0.03721193 0.04239618 0.04629312 0.04057414
0.03888517 0.03788338 0.04551284 0.03541358 0.05095255
0.04119714 0.04546381 0.04187505 0.0419501 0.03978397
0.04355322 0.04260969 0.03771803 0.03847985 0.0399249
0.04791882 0.0431344 0.03717787 0.05313611 0.05426236
0.04174839 0.04621416 0.04088446 0.03745892 0.04291118
0.04168198 0.03746705 0.04550687 0.03462334 0.03851912
0.04169655 0.04432478 0.03509045 0.04095389 0.03962078
0.04154595 0.03642843 0.04278351 0.04523617 0.03845894
0.0330867 0.03905535 0.04086745 0.04222437 0.03778505
0.03488477 0.03791849 0.03945239 0.03679074 0.04158056
0.03887539 0.04691795 0.04307256 0.03662388 0.04367566
0.04236525 0.04801575 0.03853577 0.04235621 0.04323602
0.04097963 0.04356488 0.03503096 0.04051688 0.0413812
0.04125919 0.03854212 0.0429904 0.04300775 0.0353768
0.04562944 0.03951278 0.04244988 0.03753141 0.03476333
0.04391876 0.04191225 0.03787944 0.03444686 0.04498442
0.04086488 0.04139648 0.04704533 0.03901658 0.04517559
0.0386053 0.0411655 0.04187426 0.04291409 0.0387011
0.04290203 0.04249146 0.03867824 0.04713191 0.04169977
0.03852358 0.04124714 0.03970269 0.03855941 0.03781077
0.0424953 0.0402175 0.03821086 0.04296998 0.03998
0.03888044 0.04564453 0.03644764 0.03904136 0.05382628
0.04263928 0.03820337 0.04528246 0.04211346 0.04285263
0.04028885 0.04182134 0.04116314 0.04272805 0.05016236
0.04058965 0.04144629
