0.0384427 0.02676541 0.03515989 0.03638488 0.03264916
0.04193423 0.03748406 0.03548633 0.03927106 0.03655281
0.0377496 0.03612904 0.03771446 0.0442272 0.0342302
0.03460622 0.0385569 0.03897216 0.03943615 0.03847199
0.04098853 0.04247727 0.04213428 0.03799545 0.04004052
0.03786277 0.04236995 0.03937276 0.04288613 0.04010521
0.0366463 0.0374552 0.04322205 0.03993933 0.03706637
0.03871467 0.04023606 0.03828952 0.04041739 0.03601099
0.0450552 0.03889456 0.03667862 0.03928857 0.0406037
0.04033505 0.03727683 0.03151148 0.04516017 0.03805637
0.03517635 0.03954859 0.04547704 0.03504088 0.0432829
0.03888427 0.04118438 0.04146326 0.03671101 0.0413789
0.03408822 0.03878443 0.04903816 0.03847632 0.04225926
0.03765708 0.04510554 0.03180223 0.03553009 0.04085588
0.04509241 0.03700883 0.03713758 0.03516288 0.04068845
0.04161214 0.03409906 0.04084427 0.04088718 0.04006376
0.03964022 0.03534666 0.04001928 0.03832672 0.03623569
0.0375028 0.03999984 0.04265568 0.03244456 0.03945736
0.0391028 0.03908365 0.0375544 0.03359518 0.03407915
0.04362971 0.03379769 0.03860518 0.0370484 0.03973476
0.03622359 0.03967576 0.04127037 0.03442669 0.03804515
0.03901787 0.03634853 0.03860855 0.04273328 0.03818118
0.03439725 0.03715826 0.04090991 0.0389491 0.03707779
0.03959374 0.03989775 0.04306639 0.03429513 0.04096869
0.03900607 0.04305052 0.03842283 0.03157555 0.03688333
0.03854008 0.03909044 0.04660056 0.03756722 0.04231475
0.03240683 0.0400174 0.03391994 0.03955006 0.04049975
0.03648778 0.03837076 0.03404231 0.0467269 0.03693515
0.03412733 0.04231983 0.03567008 0.03643186 0.04254113
0.03422825 0.03843538 0.03395594 0.04117023 0.03818106
0.039582 0.03554858 0.03885514 0.03841365 0.03607426
0.03678725 0.04107141 0.0341331 0.03502291 0.03723328
0.03960363 0.04094489 0.03615227 0.03623502 0.03639361
0.03966363 0.03374236 0.03953084 0.03920564 0.04358633
0.03473587 0.04333049 0.0396956 0.03885592 0.0400026
0.03810425 0.03795267 0.03639371 0.04302759 0.03748398
0.03987177 0.03885175 0.04532772 0.04177253 0.0432673
0.04031538 0.04237061 0.03708523 0.04237055 0.03538559
0.04176853 0.03705952 0.03863908 0.04000892 0.04345702
0.04133656 0.03998785 0.04058641 0.04275965 0.03542455
0.03445932 0.03540488
