0.04153371 0.02649786 0.04029155 0.04036139 0.04503714
0.04571992 0.04601923 0.0472356 0.03976222 0.04872413
0.04094844 0.04044416 0.03565844 0.04247179 0.03689778
0.0395083 0.04111787 0.04370198 0.03570778 0.04391872
0.04300275 0.03941917 0.04009893 0.04337312 0.03986678
0.04195386 0.04474183 0.04628287 0.04106443 0.04041924
0.04736783 0.04213515 0.04193158 0.03610106 0.04710616
0.03604081 0.03936538 0.04513255 0.04096212 0.04124405
0.04442061 0.03930694 0.03898254 0.04313818 0.04864308
0.03811866 0.03719896 0.03777326 0.04548267 0.043318
0.04169228 0.04067648 0.04041405 0.04020801 0.0417088
0.03972743 0.03921835 0.03903658 0.04442745 0.04069932
0.03806558 0.03864516 0.04292417 0.04710842 0.03891768
0.04891498 0.04274172 0.03863928 0.04194303 0.04051988
0.03895691 0.04284653 0.0412489 0.04506525 0.0458806
0.03855665 0.04486407 0.04412247 0.04396675 0.04108312
0.04512706 0.03613235 0.04594915 0.04015571 0.0367684
0.03917577 0.03677653 0.03781735 0.0412778 0.04028178
0.04554817 0.04218445 0.04415178 0.04183941 0.04105656
0.04301662 0.04147628 0.04306835 0.03986126 0.03981914
0.04023019 0.04049883 0.03835601 0.04513954 0.04061536
0.04134347 0.03793043 0.04211427 0.04551554 0.04193782
0.03957666 0.04721688 0.04360075 0.04512964 0.03598402
0.04464244 0.0408963 0.04313096 0.04071801 0.03802144
0.03964687 0.03966737 0.03950759 0.03783361 0.04484587
0.04121151 0.04392688 0.04693013 0.03900084 0.04000464
0.03842984 0.04765817 0.03818946 0.04247802 0.04014591
0.03884348 0.04276315 0.04189958 0.03949675 0.04112422
0.04419817 0.04001126 0.04086295 0.04504617 0.03863538
0.04116696 0.03925676 0.04442004 0.04039657 0.04074453
0.04083208 0.04103295 0.04017512 0.0403091 0.04043466
0.05132552 0.04391553 0.0433027 0.04278507 0.04366015
0.04534903 0.04618491 0.04308489 0.04249349 0.04057943
0.03867427 0.04310888 0.04024347 0.04490384 0.04329091
0.0446214 0.03806829 0.04135259 0.0447682 0.04122054
0.04260958 0.04602964 0.04738476 0.040247 0.04125189
0.04407682 0.0398957 0.03761223 0.03958388 0.04467579
0.04689307 0.03932939 0.04166927 0.04521564 0.04316381
0.03845921 0.04280393 0.04650565 0.04330725 0.04016057
0.03893689 0.03496163 0.03910594 0.04698459 0.03768376
0.04244752 0.04154601
