0.03923685 0.02648285 0.03596471 0.0392827 0.0374554
0.03852836 0.0398264 0.03360871 0.04048039 0.03801697
0.03623246 0.03835895 0.04462805 0.03657375 0.03737076
0.04083748 0.04882939 0.0421774 0.03682092 0.03982078
0.04330658 0.03534863 0.04648309 0.03821751 0.03639327
0.04311873 0.03865214 0.04395247 0.03288538 0.04162005
0.04380891 0.03689245 0.0407472 0.03717594 0.04606764
0.0373458 0.03589674 0.04527532 0.03937782 0.04087791
0.04037194 0.03639703 0.03866119 0.03536553 0.03778637
0.03886158 0.03752478 0.03520056 0.03415858 0.03150236
0.03774799 0.04261725 0.03799124 0.03601467 0.03477693
0.04144136 0.03837235 0.03936537 0.04331188 0.03831296
0.03750466 0.03724981 0.04337166 0.04106388 0.04628798
0.03845937 0.0426631 0.03881951 0.04699899 0.03995773
0.03720228 0.03963232 0.03933486 0.03538266 0.03901287
0.03758616 0.03757102 0.03627676 0.04482195 0.03478683
0.04293556 0.04484597 0.03523896 0.03734668 0.03609128
0.03850804 0.0454779 0.04384984 0.03943164 0.03297701
0.03851488 0.03507852 0.03504304 0.04143409 0.0417216
0.0431188 0.03686916 0.0375608 0.04302009 0.04027108
0.04167567 0.04203381 0.04212909 0.03748055 0.04101902
0.0390903 0.03711406 0.03603457 0.03705495 0.04425083
0.04258432 0.04779921 0.05004651 0.04142441 0.04256564
0.03596479 0.03640857 0.04226098 0.03520842 0.03940752
0.03679811 0.03559305 0.04115225 0.03862687 0.04968681
0.03480802 0.04776748 0.03392928 0.03698896 0.03873512
0.04204566 0.03785738 0.04485886 0.04244335 0.03941521
0.03676141 0.04139687 0.03247198 0.03592397 0.03906168
0.0337962 0.0441555 0.03824944 0.0399796 0.04185842
0.03830424 0.03353787 0.03710587 0.03730062 0.03464562
0.04452238 0.04777256 0.04120845 0.03923405 0.03749985
0.03519008 0.03864298 0.04078126 0.04545615 0.03954302
0.0446339 0.04438059 0.04389423 0.03928295 0.03779462
0.04196736 0.03597376 0.0378813 0.04045985 0.03653284
0.03550803 0.04023701 0.03899857 0.03510811 0.03539399
0.04331566 0.0393421 0.03404933 0.04202525 0.03567085
0.04949317 0.03422395 0.04195918 0.03905053 0.03884761
0.03901264 0.0423664 0.04464721 0.03658486 0.0427205
0.03930633 0.03411936 0.03616403 0.03736218 0.03786454
0.03732063 0.03614484 0.03635229 0.04139969 0.04313099
0.03269854 0.03937854
