0.04237233 0.02725498 0.04751731 0.03953424 0.04092415
0.0441265 0.0488849 0.03837104 0.0345124 0.04064315
0.03859158 0.04053386 0.04309247 0.04454883 0.04014529
0.03601588 0.04389124 0.03561521 0.04587298 0.03975896
0.04331054 0.03977513 0.04150352 0.04113162 0.04219338
0.04640618 0.04222752 0.03544152 0.04515365 0.04060216
0.03629113 0.04027415 0.0419163 0.03687168 0.0458498
0.04238036 0.03680596 0.03813403 0.04102436 0.04861439
0.04487006 0.04150079 0.05052421 0.04146291 0.04689782
0.04616036 0.0401844 0.04506891 0.03462283 0.04956112
0.04456702 0.04258052 0.03859609 0.04805181 0.03890503
0.03942093 0.04833762 0.0469436 0.04153377 0.03707266
0.04468134 0.04272196 0.03990265 0.03778988 0.03624261
0.04710218 0.03481911 0.03729295 0.03896642 0.04657513
0.04661553 0.0465396 0.04313284 0.04317639 0.04389865
0.04752545 0.04366831 0.03861173 0.04866585 0.04035712
0.04538013 0.04359328 0.03765666 0.0498894 0.03953835
0.03874906 0.04239191 0.04552651 0.04082858 0.04187424
0.03812266 0.04517847 0.04869821 0.04616409 0.04076553
0.04404268 0.05000938 0.03906128 0.04270695 0.03577416
0.04074542 0.03529907 0.0423205 0.04144964 0.04332018
0.04004316 0.04317275 0.04249698 0.03819098 0.0357053
0.04021834 0.03994365 0.04329205 0.0386169 0.03880687
0.0387843 0.04762792 0.0395749 0.03844258 0.0468407
0.04005211 0.04472742 0.04722949 0.04109534 0.03997824
0.03830529 0.04598789 0.04568076 0.03989419 0.04395297
0.04076861 0.04568066 0.04246592 0.03937809 0.03498149
0.04247519 0.0373544 0.04067626 0.03888801 0.04119498
0.0401695 0.04308809 0.04277563 0.04730698 0.04205599
0.04700135 0.04216992 0.0423787 0.04055887 0.03856097
0.03665926 0.04067504 0.04312794 0.04165235 0.03885062
0.0411647 0.04581536 0.03963365 0.04033463 0.04357872
0.04172575 0.03954798 0.0406239 0.04217936 0.04184093
0.04619275 0.0422761 0.04112678 0.04301842 0.04081879
0.04734237 0.03842964 0.03874751 0.04421859 0.03732601
0.03868507 0.03814556 0.04314034 0.04527474 0.04474452
0.04199101 0.04746344 0.04059825 0.04042883 0.0405153
0.03966278 0.04658887 0.03715599 0.03839953 0.04460142
0.04570632 0.04619042 0.04098394 0.05186112 0.044485
0.04559974 0.04201765 0.0374507 0.04387121 0.04967785
0.04741374 0.04668423
