0.04007705 0.02566732 0.03623554 0.05148701 0.04597133
0.04148092 0.04151466 0.04170941 0.03702838 0.03999543
0.03891582 0.0408727 0.03403999 0.03306063 0.04163188
0.03875027 0.04329987 0.04191061 0.043672 0.03737893
0.03703188 0.04282521 0.04174925 0.03872221 0.03996475
0.03886668 0.03977293 0.04217011 0.03678723 0.04182376
0.04590577 0.03882402 0.03875708 0.04147372 0.03868927
0.03211681 0.03952925 0.03699126 0.03618682 0.03812783
0.04670871 0.03748435 0.04261746 0.03662718 0.04014175
0.03434751 0.04149979 0.03295222 0.03626388 0.03858105
0.04053503 0.04207635 0.04004499 0.03688749 0.04220142
0.04183567 0.03605163 0.0369471 0.03815929 0.03785273
0.04174531 0.03648307 0.04120857 0.03641457 0.03751908
0.04068383 0.04015822 0.03924371 0.04128435 0.04318712
0.03970502 0.04160037 0.03898905 0.04653335 0.04095299
0.04319518 0.04253006 0.0402688 0.04271681 0.03400324
0.04339398 0.04132173 0.04004705 0.04155378 0.03735359
0.04177255 0.04284846 0.03577633 0.03929426 0.04091473
0.0483378 0.03959959 0.03761587 0.0384808 0.03460677
0.03803171 0.03701056 0.03806331 0.04240693 0.04285557
0.04191055 0.04071572 0.03590254 0.0361448 0.0323455
0.03423589 0.0352578 0.04283195 0.03661467 0.04026545
0.04252566 0.04325556 0.04334906 0.04450252 0.04221202
0.03545714 0.0393838 0.04371253 0.03716506 0.03776342
0.03806592 0.03690756 0.04660265 0.03629406 0.04268531
0.03650708 0.04431299 0.03698725 0.04239621 0.03733439
0.03607909 0.0387882 0.04169711 0.03476834 0.0404564
0.03906038 0.03656782 0.04193348 0.045277 0.03885382
0.03848467 0.03609476 0.03594629 0.03971775 0.04259277
0.0375504 0.0439493 0.03725007 0.03907126 0.0353544
0.03431308 0.03895638 0.04329955 0.04649639 0.0408743
0.03925839 0.03437722 0.03873508 0.03613431 0.03713206
0.03964663 0.04535051 0.04162811 0.03557354 0.03598018
0.04044355 0.03877893 0.04691878 0.03896394 0.04084278
0.04001365 0.0367303 0.03955925 0.04127221 0.03835096
0.04066956 0.03683353 0.04245225 0.03966194 0.03962279
0.03373651 0.04508069 0.04570228 0.03750894 0.04077501
0.04199621 0.03629939 0.04095711 0.04458892 0.04380856
0.04103086 0.0456632 0.03734866 0.04025039 0.03988296
0.04165641 0.04040446 0.03820776 0.04203639 0.03551873
0.03601257 0.03282103
