0.03597005 0.02578572 0.03947777 0.03601701 0.03854132
0.03093637 0.03457353 0.03872558 0.03343318 0.03550342
0.04223274 0.03972714 0.03475025 0.03532004 0.03375033
0.03515679 0.03755078 0.03903399 0.03734056 0.03558086
0.03579746 0.03513433 0.0407401 0.03992184 0.03638224
0.03788646 0.03620264 0.04126673 0.04193557 0.03799899
0.03635108 0.0369525 0.03267374 0.03289617 0.03567537
0.04293501 0.03472673 0.03534138 0.03154534 0.03635196
0.03367067 0.03489096 0.03517856 0.03072426 0.03663014
0.03985566 0.03500683 0.03399426 0.03771923 0.04079198
0.03548117 0.04028585 0.03639939 0.03666669 0.0346319
0.03580269 0.03642667 0.03349906 0.03770971 0.03637587
0.03879077 0.03628331 0.03506048 0.04248502 0.03579184
0.0377238 0.03653414 0.03571 0.03658386 0.03476867
0.03932947 0.03731142 0.04132575 0.03925216 0.03682682
0.03164522 0.0311744 0.03757883 0.0364245 0.03515476
0.03679666 0.03657224 0.03129239 0.03620285 0.03960318
0.03693676 0.04016462 0.03435999 0.03792017 0.03408455
0.03683888 0.03887892 0.03504496 0.0342835 0.03421784
0.03147811 0.03689744 0.03540157 0.03647499 0.03799253
0.03723905 0.03728204 0.03678802 0.03721554 0.03503291
0.03903546 0.03529904 0.03554874 0.03266271 0.03229402
0.03467674 0.03648438 0.03627472 0.03728336 0.03383755
0.03440014 0.04393659 0.03250322 0.03716609 0.03647879
0.03879612 0.03431512 0.03494554 0.03997283 0.03503447
0.0343787 0.03869905 0.03878856 0.03448076 0.03385906
0.03424649 0.03338109 0.03352099 0.03425524 0.03794153
0.03685521 0.0363604 0.03879399 0.03476392 0.0339973
0.03634362 0.03351934 0.03936099 0.03555667 0.03962078
0.03254406 0.03501062 0.03638192 0.03604483 0.03295315
0.03111643 0.03619457 0.03543683 0.04030427 0.03936849
0.0339008 0.02914104 0.03273885 0.04133165 0.03658583
0.03429061 0.03757964 0.03520995 0.03253957 0.03542608
0.03917273 0.04016167 0.0373746 0.03440673 0.03058582
0.03945909 0.03106057 0.03240673 0.03694688 0.03717771
0.03818619 0.03415343 0.03288221 0.03437233 0.03698727
0.03437655 0.03256471 0.04016864 0.03341151 0.03400081
0.0410047 0.03699783 0.03793703 0.03462017 0.03875862
0.03723334 0.03287561 0.0371721 0.03645968 0.03838914
0.03966619 0.03511302 0.03594547 0.03628143 0.04066623
0.02922833 0.03896086
