0.03939075 0.02613887 0.03726083 0.03971661 0.04065683
0.04296283 0.03947458 0.04889713 0.04206685 0.04552537
0.03954301 0.04861985 0.03979993 0.036233 0.04434251
0.03719778 0.03889344 0.04068219 0.03703195 0.04095596
0.04131659 0.03798691 0.04733647 0.03460392 0.03600455
0.03032962 0.04140532 0.045027 0.0454985 0.03596474
0.04275691 0.03862239 0.04676297 0.04505407 0.0401843
0.03694204 0.03848235 0.03475385 0.04185526 0.04145584
0.03839122 0.04183641 0.05099439 0.04385525 0.04062511
0.04341528 0.04141737 0.04269535 0.04328214 0.04050626
0.04033338 0.03907898 0.03895222 0.03640559 0.04032568
0.0374358 0.03848393 0.03738259 0.04170913 0.03953753
0.03808379 0.03724075 0.0480986 0.04194665 0.04107086
0.03882364 0.03639148 0.03606694 0.04276296 0.04009305
0.04090232 0.04292626 0.04021654 0.04358669 0.0405161
0.04246872 0.03781277 0.04886086 0.03820827 0.03892602
0.04250958 0.03856543 0.03972499 0.03688838 0.03586723
0.04044433 0.05548579 0.03919745 0.03614502 0.03743487
0.04295306 0.03876426 0.04116994 0.03723385 0.03641436
0.03574216 0.04625669 0.03721818 0.0449283 0.03440231
0.04131589 0.04252888 0.04645722 0.04784189 0.04023694
0.03663815 0.03795513 0.04474525 0.03569361 0.04253411
0.03283037 0.03819606 0.03800194 0.04227441 0.03500666
0.04083267 0.03374896 0.04858152 0.04627086 0.0459712
0.04310882 0.04175558 0.03994717 0.03526228 0.03588003
0.03766434 0.04161526 0.0395469 0.04046619 0.03964538
0.05035092 0.03977442 0.04060947 0.0377424 0.03644965
0.05113818 0.03905858 0.03841565 0.03695947 0.03464746
0.03510761 0.03623732 0.03948463 0.03930849 0.03839668
0.04248525 0.03548829 0.03792104 0.03707238 0.03902707
0.0462872 0.03728502 0.03814099 0.04048486 0.04053311
0.03340276 0.03597359 0.04076712 0.03855989 0.03791586
0.04332287 0.04201034 0.03582863 0.03941422 0.04007933
0.04401246 0.04038379 0.03827131 0.04316208 0.0435265
0.03825836 0.04160257 0.04327333 0.04402243 0.0375801
0.03699624 0.04749129 0.04263045 0.04039272 0.03583166
0.03606167 0.0530545 0.0376796 0.0422414 0.05101505
0.03735222 0.0417772 0.03947759 0.03734934 0.03586337
0.04004091 0.03899364 0.03989405 0.03414046 0.0415361
0.0420718 0.04075895 0.03798072 0.0359306 0.03964834
0.03836959 0.04124663
