0.03900195 0.02610342 0.04034129 0.03596359 0.03922539
0.03380986 0.03980255 0.04362072 0.03616095 0.03402854
0.0355456 0.03550337 0.03473853 0.04008021 0.04591745
0.04172164 0.07891079 0.05320026 0.04736169 0.0854471
0.04633378 0.0405699 0.03719234 0.03421622 0.03470847
0.04040608 0.03610941 0.04194617 0.04773128 0.03806304
0.03152881 0.0401054 0.0422743 0.03229083 0.03677525
0.04079817 0.04107951 0.04011248 0.03489352 0.04546591
0.03941538 0.04613563 0.03722555 0.03496563 0.0374469
0.04088198 0.04362863 0.02964432 0.03526833 0.04070459
0.03750049 0.04068352 0.03566162 0.03943696 0.04125955
0.04623243 0.04079653 0.04919081 0.03922481 0.04175551
0.04185637 0.03615159 0.03664186 0.03910961 0.04039886
0.03797558 0.03917226 0.04197107 0.03373399 0.04163645
0.03489841 0.04168126 0.03317187 0.04474337 0.04160605
0.03557619 0.04095891 0.03683546 0.03927778 0.03904278
0.02942951 0.0687319 0.04176423 0.03650401 0.04015737
0.04259498 0.03636945 0.07335064 0.04065461 0.0451371
0.04182812 0.04009881 0.04208856 0.04059694 0.03969493
0.04667226 0.0524278 0.09344873 0.09568482 0.04339528
0.03491074 0.03970871 0.03726678 0.04161294 0.03300955
0.03972816 0.04151124 0.04212132 0.03937642 0.04640033
0.04020607 0.03742422 0.04155676 0.06610283 0.03592988
0.03942449 0.04586601 0.04113671 0.04501712 0.03435312
0.07513593 0.04117815 0.04222378 0.04865289 0.04401008
0.03544407 0.04472636 0.04153354 0.04574722 0.03900915
0.03789694 0.04097619 0.04104932 0.03601021 0.04101199
0.03776489 0.03679705 0.03782799 0.03771112 0.03468038
0.04489472 0.03414841 0.04149126 0.03803759 0.04845783
0.04145518 0.04747883 0.0360494 0.04081097 0.03564246
0.0393873 0.04033268 0.04017261 0.03504979 0.03494333
0.04222598 0.04021798 0.04339343 0.04369489 0.0429468
0.050826 0.03233451 0.03903682 0.03917999 0.04690187
0.03909394 0.03767923 0.03983404 0.04303151 0.04106889
0.03502001 0.03623751 0.05260434 0.03985081 0.03571187
0.04058136 0.03716019 0.03862481 0.03470079 0.03544042
0.03459562 0.03631355 0.03965026 0.03725952 0.03698593
0.03863989 0.03907052 0.03507123 0.03958978 0.03739823
0.04857507 0.04004193 0.03883826 0.04071388 0.04798759
0.03534291 0.03834397 0.03658142 0.03895238 0.038885
0.04456269 0.03878423
