0.04022248 0.02726775 0.04067586 0.03970933 0.03252905
0.03898065 0.04260875 0.04387487 0.0418686 0.03274194
0.03841754 0.03860663 0.04415498 0.0457145 0.03718529
0.03994528 0.03541532 0.04285084 0.0418619 0.04618193
0.03911904 0.03008095 0.04468789 0.04340564 0.03834351
0.03920958 0.03914838 0.04045954 0.02943948 0.0342101
0.03807249 0.03994059 0.04436254 0.03998429 0.03687828
0.04096319 0.04157599 0.03990946 0.04819472 0.02940915
0.0416735 0.04164408 0.04274212 0.03935826 0.04177037
0.04254259 0.04090411 0.04090474 0.04190228 0.044994
0.039522 0.04161071 0.04048675 0.04455916 0.03916412
0.04334966 0.03921797 0.04245688 0.03990618 0.03558227
0.04159784 0.03502063 0.02446703 0.0428399 0.03905098
0.04017411 0.04487922 0.0406901 0.03891683 0.04110715
0.04195559 0.04503299 0.04193937 0.04047892 0.0463357
0.04353574 0.04053179 0.0434514 0.04392823 0.03331041
0.04423886 0.04512602 0.04362461 0.03855544 0.03662715
0.04433306 0.0402611 0.04177045 0.0429693 0.04171225
0.03306138 0.03123429 0.04109129 0.03831141 0.04442445
0.04209908 0.03366589 0.03884902 0.0424767 0.03576651
0.03858984 0.03683728 0.03576634 0.04982479 0.04156929
0.04035822 0.04395381 0.04147564 0.04116176 0.04725052
0.03755533 0.04024818 0.03445573 0.04091516 0.04284033
0.03605622 0.03960579 0.04074505 0.03838454 0.02702021
0.03766055 0.04381892 0.04173645 0.04230816 0.04080313
0.03785377 0.03783255 0.03398192 0.04380817 0.03558496
0.03508652 0.04239958 0.04437284 0.04166172 0.04282069
0.03896476 0.04202035 0.03507386 0.04179122 0.04058355
0.03326722 0.03753997 0.03575885 0.04274518 0.04264134
0.03565358 0.03403805 0.02780476 0.03665698 0.04086378
0.03877907 0.03184025 0.04134693 0.04181481 0.0418579
0.04788073 0.03967624 0.0385724 0.03392615 0.03815885
0.02898992 0.04078298 0.03892606 0.03629758 0.04405559
0.04527817 0.04353948 0.04049546 0.04314384 0.03794463
0.04670958 0.03692143 0.0250488 0.04645758 0.03791827
0.03776295 0.04358649 0.04129354 0.0390104 0.03713283
0.04332534 0.03802674 0.041642 0.0397507 0.04169006
0.04146642 0.03882128 0.04081017 0.03514708 0.03608488
0.03543633 0.04159972 0.04049381 0.04349634 0.0345777
0.04600561 0.03880436 0.0368175 0.04668453 0.03934204
0.04035622 0.03432182
