0.03610303 0.0256762 0.03887983 0.04240294 0.03198868
0.03842427 0.03502974 0.03452839 0.03640621 0.0326816
0.03735495 0.04285509 0.0337297 0.03429129 0.0378533
0.03512643 0.04540026 0.03344475 0.0333367 0.03913032
0.03963747 0.03517997 0.03381778 0.03429107 0.03569816
0.0308635 0.03683551 0.03350868 0.03159727 0.0422865
0.03527768 0.0379419 0.03734342 0.03884407 0.03513156
0.03623964 0.03405008 0.03635237 0.04141333 0.03760096
0.02969311 0.03349515 0.03874562 0.04083283 0.03649474
0.0340379 0.03465599 0.03802481 0.03512668 0.03905063
0.03457309 0.03687102 0.03354174 0.03591051 0.03226198
0.03036655 0.03526494 0.03794188 0.03755123 0.03677567
0.03266556 0.04201209 0.04041479 0.03340266 0.03637776
0.03419775 0.03802097 0.0312399 0.03331003 0.03578321
0.03918139 0.03964734 0.03631017 0.03981849 0.03660076
0.04297165 0.0378728 0.03493306 0.03819081 0.03807097
0.03400987 0.04194012 0.03635939 0.03667656 0.03671957
0.03472249 0.03724183 0.04039538 0.03763432 0.03331086
0.03539238 0.03404831 0.0381376 0.0402668 0.03474958
0.03738705 0.03738033 0.03607594 0.03221766 0.04082597
0.03083937 0.03073451 0.03756478 0.03564665 0.0372507
0.03198797 0.0348431 0.03647363 0.03984588 0.04127756
0.03277608 0.03146676 0.03302795 0.03496696 0.04101505
0.03309018 0.03437355 0.03638802 0.0381351 0.04167128
0.04023067 0.03446028 0.03293457 0.0393991 0.03389063
0.03553104 0.03626992 0.03644438 0.0320427 0.03899951
0.03105619 0.03499831 0.03673726 0.04304946 0.04276165
0.03342428 0.04153635 0.03321403 0.04323123 0.03486583
0.0368355 0.03338011 0.03178495 0.03780402 0.03009999
0.03625375 0.0321719 0.03149922 0.03944236 0.03866553
0.03707331 0.03566919 0.03697303 0.0307301 0.03736107
0.03844733 0.03913389 0.03407578 0.04497104 0.03985323
0.03637341 0.04102325 0.03191726 0.03920583 0.03548099
0.0334132 0.03185814 0.03945434 0.03613004 0.03500541
0.03403793 0.03616734 0.03648204 0.03637531 0.04438193
0.0393889 0.03742271 0.03641656 0.03586984 0.03403105
0.02888331 0.03293286 0.03584175 0.03463446 0.03964582
0.03724676 0.03410083 0.03319253 0.03288227 0.03311658
0.04288898 0.03413025 0.03440703 0.03092613 0.03820553
0.03469023 0.03918832 0.03630934 0.03286072 0.03649652
0.03652201 0.03248238
