0.03776696 0.02661754 0.04368714 0.03939726 0.04165015
0.0400397 0.04464008 0.04100394 0.03539632 0.03752862
0.04343195 0.03682415 0.03786064 0.03790122 0.03229561
0.04189944 0.04516897 0.03775932 0.0415598 0.03966725
0.03492541 0.04113608 0.03622395 0.04375248 0.0411608
0.03823804 0.04055109 0.02590883 0.04281224 0.04319972
0.0367783 0.04090509 0.04081443 0.04122543 0.04229925
0.03934896 0.03832942 0.04159628 0.04335037 0.04735427
0.03738312 0.03901626 0.04293985 0.03696876 0.04038346
0.04012707 0.0381586 0.04233312 0.04084912 0.04009402
0.0445637 0.0399529 0.03933089 0.0382342 0.037987
0.0353836 0.03829838 0.04189687 0.04084343 0.03774951
0.03548422 0.04167873 0.03738596 0.04133661 0.03857219
0.04170851 0.03716482 0.04175844 0.04541377 0.03661123
0.04277964 0.04301793 0.04587592 0.04019264 0.0396207
0.03814509 0.0398733 0.04269908 0.03975616 0.04167973
0.0403996 0.04454239 0.04102645 0.03728705 0.03650202
0.03622528 0.03810177 0.0415102 0.03719262 0.03906932
0.03970858 0.0387965 0.03447059 0.03702506 0.03926062
0.03907582 0.04018791 0.03567844 0.03909413 0.04134049
0.04302549 0.03474506 0.04598646 0.04056044 0.04224067
0.04211499 0.03977225 0.04196817 0.04180455 0.03897786
0.03920408 0.04032023 0.03647933 0.03570002 0.03574805
0.03885028 0.03397823 0.0432983 0.04811909 0.04276631
0.0428779 0.04402259 0.04288793 0.03753272 0.04201879
0.04747702 0.03879674 0.03831957 0.04903753 0.04025312
0.03425401 0.03855159 0.04314922 0.03763208 0.04608181
0.04206726 0.03954358 0.04110557 0.04030982 0.04180634
0.04021082 0.04315886 0.03911536 0.03556089 0.04382822
0.04111942 0.04588681 0.03990337 0.05205083 0.04379278
0.04414002 0.04000584 0.03593936 0.04163671 0.03725188
0.04059825 0.04475065 0.03713497 0.03740982 0.03812913
0.04222575 0.04217975 0.04046322 0.04052976 0.03976291
0.03710981 0.04868775 0.04463539 0.04071084 0.03718826
0.03218475 0.04063343 0.03820203 0.04031421 0.04469135
0.03875194 0.04044301 0.0395689 0.04243903 0.03679996
0.04092919 0.0330746 0.04040212 0.04947967 0.03524225
0.03515573 0.03385427 0.04462625 0.04107496 0.03777785
0.04153808 0.03948729 0.04251554 0.05007877 0.03749395
0.04491985 0.03943212 0.03592417 0.03661371 0.04584268
0.03536668 0.03798848
