0.04254095 0.02723376 0.04449806 0.03664375 0.04648567
0.04122366 0.03301313 0.03249983 0.04472414 0.04302584
0.06027043 0.04400048 0.0440497 0.04271715 0.04455072
0.04225791 0.03989212 0.04204009 0.04286282 0.04063462
0.04485697 0.04234809 0.04851865 0.04595769 0.03973116
0.04775183 0.04878144 0.03717628 0.03946619 0.04091702
0.03842558 0.04249521 0.04238584 0.04711438 0.03426992
0.06724261 0.05033707 0.04421296 0.03730996 0.03450453
0.03527928 0.04645228 0.04459272 0.04136867 0.0475865
0.04138858 0.040947 0.04867282 0.07757854 0.04156473
0.04544867 0.04067969 0.04588104 0.03662392 0.04121886
0.0416615 0.03712569 0.04667467 0.04195446 0.04252534
0.04442103 0.0386652 0.04103245 0.03933863 0.03898678
0.04297022 0.03644596 0.04493432 0.04023309 0.04470102
0.04407516 0.03992131 0.05116327 0.06827852 0.03552454
0.04288518 0.0447654 0.04551725 0.04389989 0.04070283
0.03803438 0.03992997 0.04215164 0.05984992 0.04027762
0.03715473 0.04485867 0.04499666 0.04398953 0.04443445
0.05929179 0.03206074 0.04274013 0.04693131 0.04453955
0.04604217 0.04457575 0.04269326 0.04169073 0.03820811
0.04309342 0.03734216 0.03680839 0.03998832 0.04421483
0.03979015 0.04092089 0.04400959 0.04385984 0.05006404
0.04605142 0.04198829 0.03607144 0.04542512 0.0458022
0.03972151 0.03482284 0.04379725 0.04142332 0.04040986
0.04306353 0.04362769 0.04321714 0.04799302 0.05029841
0.04524002 0.05946256 0.03972092 0.04540593 0.05043607
0.04728288 0.04691106 0.03775018 0.06305083 0.05232973
0.04425433 0.04313969 0.04360931 0.03809819 0.04509805
0.03916024 0.04325097 0.04180181 0.03327622 0.04822163
0.03695394 0.04299311 0.04122114 0.04222795 0.04603073
0.03917747 0.0416804 0.06349751 0.0475573 0.06043867
0.04255515 0.04414995 0.0466203 0.04267595 0.04442996
0.07711357 0.04715026 0.03701019 0.04327117 0.03709103
0.04527496 0.05379279 0.04417863 0.04687836 0.041034
0.05194716 0.04033319 0.04409423 0.04091334 0.04534428
0.03720817 0.03715767 0.0400139 0.04517401 0.04209456
0.04666624 0.03822808 0.03475574 0.04666557 0.04646573
0.0414507 0.04307145 0.04500208 0.04763266 0.04207334
0.04411847 0.04015666 0.05240359 0.04097071 0.04967951
0.03838596 0.04624027 0.04797657 0.04441223 0.0443135
0.04910135 0.03737406
