0.04453777 0.02778674 0.04379794 0.04667906 0.04050178
0.03835932 0.04262757 0.03984859 0.04400048 0.04245268
0.03988255 0.04487026 0.04449825 0.04582268 0.04876488
0.04536116 0.04089144 0.04270244 0.04103527 0.04528663
0.04115793 0.03946053 0.04396408 0.04512277 0.04569332
0.04493949 0.04981081 0.03894228 0.03866128 0.04864468
0.04263567 0.04458151 0.04398756 0.04113151 0.03869557
0.04509579 0.04565094 0.0455659 0.04372325 0.04842586
0.04060925 0.04321436 0.04468636 0.04167646 0.04271069
0.04085857 0.03764388 0.0463077 0.04277344 0.04352563
0.0503463 0.04316449 0.04241699 0.03872724 0.045339
0.04616499 0.04473933 0.03783807 0.04059582 0.03479965
0.04124864 0.04277306 0.03892004 0.03744218 0.03601289
0.0460723 0.04519519 0.03914894 0.04506874 0.04148489
0.04282545 0.03786343 0.03868615 0.04584654 0.04862709
0.04466441 0.04313048 0.04221498 0.0465128 0.04099829
0.0426169 0.0435367 0.03957165 0.04243033 0.04054998
0.0398417 0.03795843 0.04191357 0.04245347 0.04109627
0.0440796 0.0464553 0.03985288 0.04446012 0.04188117
0.05400235 0.04227489 0.04210313 0.04021999 0.04401303
0.04246159 0.05054446 0.04048634 0.04512367 0.0457725
0.0426794 0.03287892 0.04171522 0.0414433 0.04469329
0.04035069 0.04444734 0.04033206 0.041291 0.035586
0.0403719 0.04475814 0.04098911 0.04785302 0.04385451
0.0477275 0.04595665 0.03835133 0.04903459 0.04537025
0.03885963 0.04376338 0.03987051 0.04741931 0.03737428
0.04396855 0.04329052 0.03942896 0.04235803 0.04520638
0.04500001 0.04078284 0.04415959 0.04968587 0.04132208
0.03658746 0.04402348 0.04090305 0.04454306 0.04428206
0.04341873 0.05077147 0.04293965 0.04892379 0.04962878
0.03998103 0.04369973 0.04545495 0.04283128 0.04746229
0.03945635 0.04192879 0.04392697 0.03850111 0.04124302
0.04108926 0.04559119 0.04034921 0.03908263 0.03850795
0.04533644 0.04137735 0.03662311 0.04453004 0.04404417
0.04861132 0.04221813 0.04329685 0.04736469 0.04831397
0.04890093 0.04385563 0.04233905 0.04368749 0.04373167
0.04702404 0.04458469 0.03910214 0.03899325 0.05164746
0.04170909 0.04207464 0.04241314 0.03893567 0.03983481
0.03506233 0.03975219 0.03866139 0.04225456 0.04177713
0.0501873 0.04178264 0.04614763 0.04217069 0.04196885
0.03682569 0.04502429
