0.04228086 0.02881046 0.0426851 0.0522737 0.04311108
0.03916738 0.03760072 0.0394504 0.03998704 0.04309039
0.04318129 0.04161148 0.04157407 0.03961055 0.04224782
0.03908758 0.0392131 0.04186797 0.03777775 0.03983553
0.0395731 0.03870967 0.04256106 0.04253097 0.03909384
0.03864565 0.04296845 0.04071089 0.04515895 0.04494532
0.04039704 0.04526813 0.04258691 0.03807424 0.04491596
0.03870388 0.04028831 0.03895532 0.04284182 0.04426682
0.04186575 0.04077378 0.04349037 0.04320557 0.03820605
0.0426274 0.04121224 0.04942518 0.04007023 0.0415219
0.03910899 0.04385003 0.04106084 0.03855956 0.03908658
0.03920514 0.04182721 0.04149013 0.03882309 0.03926148
0.03982001 0.04481015 0.04331251 0.04498617 0.04183017
0.04034012 0.03954407 0.03576973 0.041613 0.03898451
0.04221543 0.04104028 0.04028537 0.04174953 0.03757374
0.04455787 0.04144458 0.03760317 0.04224106 0.04383679
0.0446489 0.04319299 0.03743899 0.04229541 0.04135816
0.04040481 0.04189577 0.04325684 0.03935752 0.03557279
0.03977546 0.03606406 0.03693268 0.03502617 0.04525387
0.0408342 0.04058105 0.04220181 0.04633802 0.04442789
0.04290103 0.04499401 0.03982044 0.0373606 0.03910901
0.0406342 0.0463623 0.04386003 0.0386365 0.03926004
0.04440417 0.03989762 0.0451208 0.04277081 0.03921613
0.03708942 0.04154519 0.04439045 0.03758667 0.04668195
0.04291285 0.04541146 0.04591416 0.04385385 0.04367463
0.0445712 0.04353842 0.03951345 0.04074156 0.04245572
0.04202179 0.04415914 0.03983323 0.04409695 0.03839655
0.04076855 0.04216025 0.04196372 0.04568604 0.03742046
0.03915425 0.03998479 0.04163173 0.04260235 0.041177
0.04375547 0.04292612 0.04445667 0.04666309 0.04440502
0.04234449 0.04178234 0.04051262 0.04449434 0.04366216
0.03940728 0.04024171 0.04348112 0.04370692 0.0375817
0.04256558 0.04255326 0.04839449 0.04273466 0.03865005
0.04453341 0.0381039 0.03847439 0.0447445 0.04562475
0.04704632 0.04033901 0.04269666 0.0423776 0.03732832
0.04200808 0.03898629 0.04169028 0.03631631 0.03863814
0.04391861 0.0436826 0.04024314 0.04290798 0.03971245
0.04812401 0.04331128 0.04702863 0.04965271 0.04298855
0.04432245 0.03900796 0.04487074 0.04385181 0.03622657
0.04246929 0.0409999 0.03819562 0.0428944 0.04478797
0.03541795 0.03808672
