0.04767571 0.03018316 0.04795025 0.04495319 0.05203581
0.04885325 0.04634509 0.05265162 0.05145428 0.04988079
0.04399633 0.04960374 0.04943517 0.05044816 0.04931787
0.04172154 0.04650855 0.04503822 0.05147288 0.05031686
0.04634751 0.04205666 0.04877975 0.05005604 0.04271126
0.04236494 0.04514238 0.0497154 0.04387722 0.04542555
0.04482482 0.0439429 0.04177629 0.05982536 0.04814932
0.04661527 0.05643246 0.05490925 0.04491599 0.05360556
0.04858992 0.05153139 0.04931549 0.04528318 0.04703584
0.04533225 0.0477187 0.04717176 0.04823806 0.04471401
0.05230756 0.04606882 0.0413078 0.05172247 0.04597809
0.044847 0.049559 0.04169511 0.0474775 0.04802767
0.04392129 0.049894 0.04722916 0.04800969 0.04503927
0.04687528 0.04459407 0.04893126 0.04817499 0.04884252
0.04727103 0.05520428 0.04840537 0.04776425 0.04830883
0.0451701 0.04704181 0.05043918 0.04989199 0.04851956
0.04577187 0.05386081 0.04795849 0.04368837 0.04853998
0.04761942 0.04464831 0.04918251 0.04821202 0.04470058
0.04894053 0.04446948 0.04804679 0.04684109 0.04639916
0.04319384 0.04787892 0.04779933 0.04576267 0.04419892
0.04726732 0.04933818 0.04720379 0.04754452 0.05085254
0.04665179 0.04668467 0.04436218 0.05272175 0.04924278
0.05347414 0.04854696 0.04712769 0.05503508 0.05118586
0.04859539 0.05216027 0.04696135 0.04312486 0.04333799
0.04290211 0.04524553 0.04518845 0.04340647 0.04878369
0.0463361 0.04917863 0.04332188 0.04752896 0.05174561
0.05431015 0.05031736 0.0573578 0.04820139 0.04782862
0.04212228 0.05206559 0.05515245 0.05131322 0.0436165
0.04838444 0.04744403 0.05221026 0.04329179 0.04750737
0.0489798 0.05267963 0.04587141 0.04464271 0.05030979
0.04558894 0.04754361 0.04889301 0.05024238 0.04866666
0.0585989 0.04524249 0.0459386 0.04614106 0.04878091
0.04871563 0.04558816 0.04220449 0.04894675 0.05327146
0.04736697 0.04553396 0.04489845 0.04677497 0.04627122
0.04645736 0.05089022 0.04992025 0.0475474 0.04932885
0.04764155 0.049275 0.04769461 0.04670529 0.05395783
0.04896926 0.04694581 0.04974292 0.04574697 0.04532231
0.06874698 0.04777453 0.04544315 0.04288522 0.04522059
0.04923546 0.0496336 0.0465802 0.0525345 0.04791113
0.04742246 0.04392054 0.04081074 0.04824651 0.05475597
0.0544913 0.04862174
