0.0366999 0.0245064 0.03584309 0.04674144 0.04408818
0.03490752 0.03184816 0.06655107 0.03653609 0.03555233
0.03333309 0.03556439 0.03300778 0.04032461 0.05134222
0.03539559 0.03437697 0.03746366 0.02742635 0.04001946
0.04551935 0.04010103 0.03733897 0.04088046 0.03561308
0.03525591 0.03130545 0.03377039 0.03535843 0.04055496
0.03654072 0.04021069 0.03241552 0.03939396 0.04352396
0.038004 0.03594597 0.03338987 0.04160444 0.03564922
0.03954502 0.03603886 0.04658052 0.03966596 0.04345104
0.03774446 0.05309895 0.03309604 0.03386118 0.03184411
0.03499249 0.04062615 0.0275654 0.03482269 0.03868243
0.03870099 0.03095557 0.0392745 0.03961753 0.0338401
0.0361831 0.04046994 0.03340486 0.03301295 0.0364908
0.04182469 0.05298688 0.03815597 0.03651135 0.02836297
0.04675304 0.03403582 0.03593219 0.03152233 0.03677473
0.06131739 0.03671132 0.04635067 0.0524135 0.03089005
0.0415116 0.03630217 0.03948233 0.03943437 0.03789244
0.04180408 0.03613558 0.0448998 0.0383932 0.03991676
0.05040133 0.03962314 0.0393436 0.03803632 0.04079438
0.03380088 0.03661326 0.03545859 0.04184891 0.04739716
0.03702058 0.03326131 0.03584863 0.04015769 0.03879654
0.03897829 0.0422775 0.03703315 0.05822824 0.04520989
0.03277634 0.03418542 0.03799096 0.03838319 0.04144753
0.04019997 0.03489034 0.03847151 0.03887189 0.03841696
0.03910349 0.04640281 0.04541365 0.03208033 0.03556004
0.03735382 0.03762403 0.04791691 0.0466794 0.03792762
0.04297022 0.03766592 0.04015569 0.03614871 0.03710965
0.03905786 0.0491183 0.03505221 0.03661519 0.03955849
0.04055594 0.04088852 0.03115199 0.04690016 0.04189723
0.03882318 0.03747338 0.04131303 0.03821389 0.0366717
0.04817558 0.03891035 0.04368271 0.03714116 0.03722293
0.03661674 0.04004666 0.04550752 0.03226092 0.05471878
0.035996 0.03701557 0.04126135 0.04181579 0.03672132
0.03741888 0.03866823 0.03485236 0.05038959 0.03449735
0.04034855 0.0409577 0.03804386 0.06095261 0.03155807
0.04070173 0.0312117 0.03810307 0.03689341 0.03298084
0.04004782 0.03357078 0.03352376 0.0382394 0.0338575
0.05685013 0.04338956 0.03817181 0.04267361 0.04033661
0.04102585 0.0341333 0.03751776 0.05757368 0.03904456
0.03562767 0.03872786 0.03753259 0.0371049 0.0329115
0.03552325 0.03730776
