0.0372891 0.02551103 0.04190953 0.03876932 0.03411634
0.03689297 0.03766589 0.03964704 0.03794021 0.03110271
0.03628683 0.03699164 0.03354867 0.03376772 0.03514242
0.03778598 0.03549566 0.03850949 0.03505685 0.03400961
0.03541282 0.03740172 0.03373819 0.03225089 0.03352149
0.034435 0.03567297 0.03758588 0.03119962 0.03437453
0.03060073 0.03476683 0.03576672 0.03584384 0.03116893
0.03627713 0.03479446 0.03749638 0.03670995 0.03446797
0.04120399 0.04044326 0.03754507 0.03238176 0.03355672
0.03660094 0.03140856 0.03676859 0.03146762 0.0421194
0.03997851 0.03639949 0.03712098 0.03649232 0.04017007
0.03330194 0.03399525 0.03486428 0.03852508 0.03509713
0.03580862 0.03486826 0.04135715 0.03433466 0.03929899
0.03607013 0.03443532 0.0445373 0.04431521 0.03656298
0.03355048 0.038921 0.03739979 0.03381269 0.03797893
0.03426532 0.03361512 0.03793605 0.03224746 0.03747133
0.03466487 0.03476144 0.0413241 0.03637441 0.03871388
0.0371947 0.02711946 0.03440311 0.03763297 0.02783757
0.03592365 0.0403623 0.0286917 0.03633153 0.03546504
0.03802005 0.03359991 0.03247817 0.03612896 0.04398214
0.03619987 0.03369669 0.03895265 0.03546571 0.03623024
0.03742191 0.03503787 0.03458574 0.03703678 0.03289102
0.03236071 0.03284076 0.03216555 0.03604394 0.03416011
0.03261364 0.0311049 0.03778766 0.03512334 0.03414144
0.03617655 0.03820892 0.0412063 0.03719214 0.03257616
0.03653294 0.03919711 0.03707555 0.03437924 0.03352025
0.03542762 0.03470892 0.03209612 0.03961611 0.04105923
0.03916876 0.03493168 0.03799523 0.03788151 0.03726848
0.04251693 0.03271072 0.03518971 0.03725495 0.03599301
0.03667235 0.03958286 0.037259 0.03742737 0.03679946
0.04213836 0.03696145 0.03275577 0.0375262 0.03330671
0.03513913 0.03649814 0.03804686 0.03354444 0.03348119
0.03330352 0.0420884 0.03568777 0.03527435 0.0366015
0.0385568 0.03536177 0.03835967 0.03506398 0.04071139
0.04067463 0.03445188 0.04191571 0.03742206 0.04185004
0.03410357 0.03849596 0.04472425 0.03194668 0.03571157
0.03498429 0.03875006 0.03478492 0.037111 0.03513567
0.03534463 0.03622126 0.03478073 0.03902319 0.03999501
0.04024276 0.03868598 0.03622795 0.03175076 0.03518025
0.03696974 0.04137101 0.03268987 0.04005464 0.0362267
0.03226713 0.03238901
