0.04139408 0.02744784 0.03810504 0.03987676 0.04320429
0.04359412 0.03695332 0.03778757 0.04114963 0.04599163
0.04162407 0.040082 0.03921031 0.04476748 0.04273241
0.04048044 0.04044024 0.0385444 0.03849196 0.04018393
0.04058279 0.04108297 0.03900183 0.03868247 0.03949892
0.03609853 0.04272873 0.04226391 0.04592022 0.04537615
0.04122531 0.03789151 0.03603271 0.0429621 0.04670951
0.04157394 0.04129044 0.04578062 0.04431695 0.0388105
0.04553756 0.03920516 0.03823876 0.0431241 0.040024
0.03507923 0.04232229 0.04205616 0.03960845 0.04224796
0.04207112 0.0491712 0.03910687 0.03628357 0.03980516
0.04063326 0.04323152 0.04842605 0.04348363 0.04026693
0.03518161 0.04140036 0.04120979 0.03974869 0.05043663
0.04070107 0.04034482 0.04138737 0.04303673 0.03858455
0.04240563 0.03755795 0.03773119 0.03879427 0.04118645
0.04048462 0.04295612 0.03717862 0.04072294 0.03577039
0.0376382 0.04022336 0.03914541 0.04101654 0.03948284
0.04056101 0.0395625 0.04761746 0.04461076 0.0416791
0.04454256 0.03371302 0.04092142 0.04060341 0.03963789
0.04306888 0.04113307 0.03820078 0.03823065 0.04312847
0.03844345 0.03771409 0.04078056 0.04188168 0.03828303
0.04209219 0.03716304 0.04571842 0.04088383 0.04242495
0.03716794 0.04199395 0.03852604 0.03874103 0.03922376
0.04603988 0.0404097 0.04986413 0.04767625 0.03996247
0.04300698 0.03892893 0.04334678 0.04930223 0.04440439
0.04355505 0.03828024 0.03912592 0.04006952 0.03547365
0.05317079 0.03821069 0.04143813 0.04171428 0.03813942
0.04356465 0.04469288 0.04311121 0.03924856 0.04051833
0.04360426 0.04007373 0.04109301 0.04136642 0.04580201
0.04311549 0.03968509 0.04575724 0.04578373 0.03946767
0.03923002 0.03970423 0.04369496 0.04110734 0.04389858
0.03924724 0.03964956 0.0440749 0.04384706 0.03616219
0.03981385 0.03989749 0.04274435 0.04253091 0.03793957
0.04583231 0.03833337 0.03985972 0.05370724 0.04142074
0.04234106 0.03949086 0.04013068 0.05305117 0.04210159
0.04618939 0.04077883 0.03678638 0.04142076 0.04032475
0.04081307 0.04547136 0.04035887 0.04036983 0.04402507
0.03613043 0.04389661 0.04703934 0.04019464 0.03794349
0.0377147 0.04331697 0.04065894 0.04463495 0.03962755
0.04369783 0.03842608 0.03720665 0.03657901 0.04393102
0.04230537 0.03612667
