0.03808232 0.02597277 0.03530217 0.04229577 0.03680334
0.04340978 0.04071438 0.04383236 0.033248 0.03829647
0.03056219 0.03493791 0.03978588 0.03510643 0.03826549
0.03126596 0.04095291 0.03935011 0.03691869 0.03808775
0.03769695 0.03617844 0.03513998 0.03900847 0.03843328
0.03503176 0.04161211 0.03822154 0.03652836 0.03431404
0.03837558 0.03983355 0.02793623 0.03184399 0.0355766
0.03463804 0.04738992 0.0413468 0.07288692 0.03641366
0.03642759 0.0405179 0.04357318 0.03838337 0.04208966
0.04579528 0.04278952 0.04085537 0.0345788 0.03770784
0.04051857 0.03574106 0.03122335 0.04211745 0.04265929
0.02256211 0.04031108 0.03563581 0.04199072 0.04010118
0.04306922 0.04995203 0.03249832 0.02454884 0.04814729
0.04152907 0.04183367 0.04271655 0.02852476 0.05950628
0.03801983 0.03581185 0.03683148 0.03511255 0.04019082
0.03924106 0.03611739 0.03586279 0.04172098 0.04158627
0.03525753 0.038866 0.04047027 0.03517835 0.04832772
0.03758562 0.03916874 0.04014301 0.0389827 0.03842119
0.03696658 0.03229032 0.03632864 0.03591191 0.04593471
0.03441417 0.03939315 0.03763497 0.03666966 0.04170103
0.0671454 0.03482343 0.04027971 0.04003154 0.0355535
0.03690918 0.04437204 0.04127579 0.04274674 0.042117
0.03591332 0.03946989 0.03554367 0.0276746 0.03521931
0.02397251 0.04146698 0.03909066 0.03805775 0.04014172
0.04497242 0.03967953 0.03605534 0.03521964 0.04206251
0.04238573 0.03941153 0.04351499 0.03434448 0.03578222
0.03655729 0.04292318 0.04089639 0.03982162 0.03982011
0.04193793 0.03666604 0.03996544 0.04545595 0.03835494
0.04079674 0.04902387 0.03012508 0.03924712 0.03794725
0.04304687 0.03992735 0.04179206 0.04230651 0.03812311
0.03965449 0.04505711 0.03483166 0.03786539 0.03601927
0.03707024 0.04359694 0.03327382 0.04298949 0.03527308
0.032954 0.04235524 0.03629026 0.03611802 0.03560043
0.04161491 0.03726516 0.03929678 0.03593004 0.04605969
0.039077 0.0412067 0.03325721 0.0443803 0.04331618
0.03772108 0.03994242 0.04228752 0.03658941 0.03883045
0.03168015 0.04291996 0.0429414 0.03774463 0.02425053
0.03935663 0.03900751 0.03006498 0.04293817 0.04553007
0.04136462 0.02912074 0.03831237 0.03578041 0.03913661
0.04287415 0.03881064 0.04350468 0.04232581 0.04703723
0.04960935 0.03620241
