0.03785206 0.02558725 0.03615792 0.04373892 0.0358773
0.03463193 0.03920448 0.03773734 0.03634639 0.03745064
0.03382114 0.03450918 0.03872133 0.03904601 0.04132472
0.03584581 0.03644645 0.03859578 0.03773488 0.0429233
0.03477389 0.03348914 0.04113413 0.04002141 0.03833238
0.03734725 0.03686911 0.03530584 0.03652994 0.03833234
0.03901435 0.03560631 0.03965209 0.04049119 0.03545597
0.03366287 0.03511094 0.03726829 0.03837948 0.03315795
0.04124942 0.03569135 0.04062375 0.04275387 0.04150139
0.03792577 0.03488981 0.04307709 0.03918116 0.03305285
0.03395017 0.03650244 0.04302807 0.03645252 0.04105739
0.04599946 0.03446241 0.03875416 0.03930908 0.04074889
0.0369486 0.03913932 0.03745406 0.03315658 0.03667507
0.04184472 0.04135516 0.03480879 0.03412672 0.03843811
0.03445624 0.03759472 0.044713 0.04094274 0.03253952
0.0346206 0.04299221 0.04015169 0.04297117 0.03751055
0.04032938 0.04639382 0.03845563 0.03910758 0.0427139
0.03542635 0.04332584 0.03533745 0.0373179 0.03830973
0.03754982 0.03028702 0.03948862 0.03866663 0.03093716
0.03540483 0.03633604 0.03858734 0.03453307 0.03557516
0.04132928 0.03720935 0.03839337 0.03529716 0.03634465
0.03508266 0.03827671 0.03866581 0.04241705 0.03874783
0.03567537 0.03899214 0.03922386 0.02790485 0.03611371
0.0348372 0.03346603 0.03777086 0.03345298 0.03612225
0.03373834 0.03312047 0.04284261 0.03793306 0.03558795
0.03283347 0.03720275 0.03401456 0.03016387 0.03767392
0.0356531 0.0406441 0.04065404 0.03798815 0.03926804
0.0405511 0.04436895 0.0365764 0.04094465 0.0419144
0.03882905 0.04432309 0.04117574 0.04182129 0.03481583
0.03370238 0.03966754 0.03476834 0.03703278 0.03975484
0.03702688 0.03897378 0.03629938 0.03525826 0.03655426
0.03631074 0.03986179 0.04155257 0.03683478 0.03583925
0.03995174 0.03594505 0.03454297 0.03632532 0.0403226
0.03584526 0.04419647 0.03539901 0.04020235 0.03812987
0.03601474 0.03645934 0.04185328 0.03658693 0.03735614
0.03330204 0.03857861 0.04347935 0.03712299 0.03609181
0.03792451 0.04002747 0.03701308 0.0403826 0.03912703
0.03532653 0.03666039 0.03516329 0.04227209 0.03335961
0.03392031 0.03514299 0.03463309 0.03851512 0.04102069
0.03490514 0.04227885 0.03588659 0.0388655 0.03884026
0.03541968 0.04295214
