0.03343921 0.02343841 0.0308291 0.03448099 0.04996879
0.03076351 0.03539514 0.02463676 0.03941739 0.04267842
0.03350141 0.03631101 0.03162446 0.02820782 0.03609382
0.02887811 0.03729686 0.03184346 0.03438949 0.03212814
0.0741782 0.03681806 0.1081678 0.1061952 0.0322873
0.06558137 0.07245495 0.0358142 0.03661605 0.03305576
0.03187739 0.03111049 0.0384843 0.03583311 0.03110967
0.03556036 0.03823793 0.03354513 0.03378215 0.03749006
0.032625 0.0465817 0.04286883 0.03513829 0.03915891
0.02890198 0.0382921 0.1773651 0.02819173 0.03555581
0.06564395 0.03234378 0.03445752 0.04058331 0.03417488
0.03422457 0.02704515 0.04164058 0.04156733 0.03526528
0.03073791 0.03174117 0.07013378 0.02938619 0.03136639
0.03844884 0.02912256 0.04396506 0.03197246 0.03187659
0.02607815 0.03228909 0.03254741 0.03566795 0.02974605
0.1079637 0.04031379 0.04263718 0.03153287 0.04985131
0.02798084 0.05995853 0.03043513 0.03193307 0.03595688
0.03646091 0.03587672 0.03755227 0.03266488 0.03225259
0.03639642 0.03495758 0.04648412 0.03546364 0.0319796
0.03462548 0.08354465 0.02770773 0.02951662 0.03306904
0.03392513 0.03655468 0.03329287 0.03940123 0.1146203
0.03185514 0.03679193 0.03191726 0.03444366 0.03513462
0.05265217 0.1386722 0.04017316 0.04451898 0.08643001
0.03377337 0.03158041 0.02987149 0.03946403 0.03278884
0.02778659 0.02903559 0.03631231 0.03420629 0.04342246
0.04596255 0.03449829 0.03750516 0.03440883 0.04405831
0.03473798 0.03788239 0.05647922 0.03639453 0.02908708
0.03450862 0.0374169 0.04066581 0.03293058 0.03087788
0.1199484 0.04107393 0.03464238 0.04212954 0.03304749
0.03346693 0.03298712 0.03524441 0.03621222 0.02647626
0.03406862 0.03464614 0.03374061 0.03332378 0.04325107
0.04154904 0.03093812 0.03270739 0.03779368 0.03829205
0.03576251 0.03663756 0.02999183 0.03474501 0.04695585
0.0328997 0.03038669 0.03515377 0.03204025 0.03736891
0.0356459 0.03346209 0.03906179 0.03138543 0.03389886
0.03390355 0.03253612 0.02983513 0.0344397 0.0269625
0.04045218 0.03802809 0.03075602 0.03661826 0.04518244
0.03053625 0.03190792 0.03465631 0.0531148 0.03581886
0.0341487 0.1183736 0.03834711 0.0670588 0.03938721
0.03038695 0.03282811 0.03936234 0.0367404 0.08784478
0.04824649 0.03842039
