0.03569985 0.02496848 0.03706109 0.03694417 0.03275552
0.03388784 0.03316562 0.03403927 0.02825329 0.03913118
0.03393047 0.0332776 0.03712848 0.0383637 0.0372022
0.03877404 0.03942007 0.0370593 0.03568701 0.03522524
0.03235394 0.03331058 0.03972841 0.04112213 0.04110175
0.03961775 0.0340607 0.02877238 0.03339259 0.03093335
0.03971816 0.04062214 0.03476113 0.03541008 0.03465107
0.03593763 0.03202877 0.03506889 0.03689117 0.03944986
0.03627288 0.03602536 0.03339012 0.03415732 0.03242526
0.03696885 0.03053962 0.03402252 0.03647626 0.04049234
0.03988799 0.03460488 0.03300628 0.0369616 0.03381966
0.0382044 0.03555666 0.03091818 0.03691141 0.03113648
0.03360727 0.03558262 0.0367907 0.03336611 0.03783602
0.03547547 0.03698145 0.03495621 0.03598041 0.04065967
0.03803116 0.03888554 0.03381996 0.03679038 0.03026235
0.03690178 0.03868907 0.03608191 0.03319245 0.0406741
0.03510361 0.03158646 0.03476636 0.03608931 0.03541353
0.0355019 0.03588437 0.03390794 0.03199626 0.03875164
0.03705952 0.04364918 0.03776593 0.03594557 0.03760885
0.03937886 0.03269392 0.04054754 0.03745918 0.03866227
0.04055381 0.03594622 0.03550648 0.03746641 0.03431736
0.03516177 0.04297146 0.03488577 0.03596577 0.03035928
0.0392451 0.03554679 0.03462598 0.03219823 0.03570723
0.03823293 0.0418723 0.03140672 0.03439633 0.03518134
0.03749887 0.02926004 0.03752531 0.03748691 0.03991219
0.03627715 0.03991319 0.03149166 0.03637473 0.03815738
0.03853584 0.03493453 0.03453636 0.03712713 0.03783973
0.0344369 0.03679015 0.03345928 0.03887813 0.02927701
0.03577884 0.03125038 0.03487504 0.03587807 0.03211091
0.03484345 0.03487355 0.0352459 0.03394622 0.04005779
0.03208318 0.03453408 0.03241152 0.03437786 0.03342189
0.03137061 0.03539557 0.03198479 0.0349556 0.04104299
0.03528777 0.03595815 0.04091705 0.03299872 0.04252187
0.03217182 0.03028657 0.03665549 0.03628205 0.04065923
0.04157933 0.03363303 0.0320755 0.03437091 0.03380667
0.03929496 0.03608657 0.03744955 0.03368999 0.03570647
0.03893517 0.03462511 0.03142694 0.03387536 0.03404074
0.04042059 0.03765179 0.03827522 0.03920908 0.03677372
0.0402997 0.03701429 0.03308902 0.02888099 0.03376545
0.03969017 0.03366448 0.03219005 0.03410115 0.03687901
0.03175271 0.03261949
