0.04131569 0.02632903 0.03968061 0.04366434 0.03927504
0.04151729 0.04441509 0.04391287 0.04185045 0.04334342
0.039584 0.04256364 0.0360819 0.0427117 0.04477438
0.04164604 0.04233231 0.04377851 0.04383797 0.04341454
0.03623896 0.0399815 0.04208031 0.04288646 0.04133648
0.04203476 0.04060206 0.03980611 0.04485579 0.04480845
0.03387765 0.03746452 0.04336518 0.04307862 0.04194452
0.04386301 0.04545353 0.04508255 0.04508815 0.0445386
0.03642821 0.04416782 0.0410643 0.04005873 0.03608416
0.04318998 0.04440788 0.04460549 0.04116935 0.03882582
0.04322887 0.04065741 0.04528681 0.03864171 0.04098212
0.03938916 0.04117678 0.04398418 0.03309502 0.0377108
0.04423898 0.04639325 0.0440975 0.04699823 0.04579582
0.04082718 0.04389489 0.04310332 0.03870791 0.04712272
0.03896807 0.04842359 0.04301853 0.04389903 0.04186609
0.04756625 0.04085655 0.04146654 0.04108231 0.03158468
0.0432231 0.03762266 0.03350932 0.04313241 0.04028815
0.04756247 0.03543688 0.04275142 0.0392901 0.04071762
0.03998117 0.04136355 0.04299293 0.04475749 0.04607475
0.04304228 0.04623993 0.0422567 0.04296739 0.04116489
0.04408412 0.04028564 0.04037432 0.0401482 0.0414386
0.04004849 0.04133248 0.04161636 0.03358619 0.04271499
0.04104306 0.04618846 0.03939237 0.03863167 0.0425906
0.04015353 0.04071588 0.04199182 0.03899361 0.04591805
0.04136652 0.03982002 0.0371059 0.04130223 0.04299402
0.04160197 0.03995181 0.03971262 0.03843617 0.04013824
0.04169364 0.04100431 0.03967937 0.043757 0.0407613
0.04712662 0.04289204 0.03877133 0.04026229 0.04507958
0.04317758 0.03163167 0.0367269 0.04139288 0.03694574
0.04598201 0.04227283 0.03812531 0.0457958 0.03925863
0.03851282 0.04463487 0.04303278 0.03556951 0.04855878
0.03783736 0.04155757 0.04548789 0.03688464 0.04287835
0.04673374 0.04125573 0.04235735 0.04032621 0.04825952
0.0447099 0.03949078 0.03814447 0.03977823 0.04031727
0.04213401 0.038618 0.04770462 0.04506639 0.0480001
0.04319521 0.04329469 0.04021165 0.04432638 0.0389619
0.04837011 0.03914753 0.03792511 0.03605273 0.04300972
0.04397155 0.03958329 0.04098535 0.03941764 0.04359724
0.03961297 0.03610027 0.04326744 0.04154435 0.04285999
0.04306246 0.04326041 0.03757061 0.04844402 0.03965106
0.04302229 0.04464445
