0.03703287 0.02560452 0.04031152 0.04263375 0.03585169
0.03633013 0.0386518 0.03430609 0.03927406 0.03728664
0.03479478 0.03609864 0.04029383 0.03815538 0.03566196
0.04085593 0.03658495 0.04073504 0.03421235 0.03530994
0.04482495 0.03173585 0.03503946 0.03424661 0.03483473
0.03404879 0.0421246 0.03872473 0.03439451 0.04614727
0.03503159 0.03533766 0.0345973 0.03865943 0.03240545
0.03370491 0.0427955 0.04217023 0.03797701 0.04299563
0.03653066 0.03767106 0.04189389 0.03704033 0.03168181
0.04028041 0.03943085 0.03862209 0.04203115 0.04183205
0.03840689 0.03457137 0.03595255 0.04311419 0.04355041
0.03643993 0.03830346 0.03865915 0.03879663 0.03829232
0.03135196 0.03635268 0.03752282 0.0368258 0.04254761
0.03715996 0.03602923 0.04156295 0.03376782 0.03912882
0.04357271 0.04070916 0.03563987 0.04255996 0.0343839
0.03851671 0.04095883 0.03947095 0.04286337 0.03768871
0.03838726 0.03459611 0.03566004 0.03726293 0.03424672
0.03999301 0.03708627 0.04335205 0.03149643 0.03894994
0.04049675 0.03751702 0.03609908 0.03392298 0.03946919
0.04443096 0.03735783 0.0372589 0.03999487 0.03773464
0.04145495 0.03550316 0.03560897 0.03201713 0.03418367
0.0345576 0.04016271 0.04079244 0.03757881 0.03501682
0.03999904 0.03246437 0.03494909 0.04108379 0.03600295
0.03818196 0.03567158 0.03658956 0.0270975 0.03894353
0.03904731 0.03440718 0.03791884 0.03341741 0.03595386
0.0375669 0.0432849 0.04106844 0.03397203 0.04093593
0.0376767 0.04165739 0.04006884 0.04004295 0.03890064
0.03696169 0.0478614 0.03780743 0.03264821 0.04477168
0.04275633 0.04130073 0.03543867 0.03524843 0.03780052
0.03992475 0.03733985 0.03670425 0.04221541 0.03355909
0.04277159 0.03547338 0.03536783 0.03602596 0.03393382
0.03708211 0.03902358 0.03747209 0.03875275 0.03919563
0.03337073 0.03805842 0.03946117 0.04584738 0.03793354
0.03821029 0.03754132 0.03968914 0.03714946 0.04074231
0.03244143 0.03625514 0.03557028 0.03795496 0.04125968
0.03360285 0.03771141 0.03316629 0.03647113 0.04463979
0.0422832 0.03626707 0.03380239 0.03903269 0.03597377
0.04321485 0.03951651 0.03901964 0.04130245 0.03644862
0.04162354 0.0351921 0.04043657 0.0363023 0.0327138
0.04437956 0.03664827 0.03567845 0.03809891 0.03305687
0.03768447 0.03626774
