0.04411428 0.02874056 0.04166639 0.04609282 0.0473676
0.03747539 0.04801413 0.0434209 0.04646667 0.05594949
0.03859166 0.04825441 0.04518918 0.0439867 0.04831697
0.04480598 0.04061744 0.04437354 0.04308578 0.0442529
0.05025412 0.04893834 0.04510868 0.04648749 0.0437632
0.04271431 0.04602973 0.04366437 0.04647647 0.04309237
0.04375218 0.04913867 0.04521913 0.04031141 0.04034007
0.04033023 0.04495905 0.04885185 0.04346468 0.04795831
0.04920149 0.04093007 0.03893882 0.04613437 0.04486625
0.04944464 0.04285541 0.04448968 0.04400478 0.04453127
0.04736811 0.04459945 0.04142348 0.04667684 0.04021789
0.03708759 0.04414675 0.04264849 0.04220081 0.04382588
0.04378945 0.05319356 0.04516715 0.044357 0.04427616
0.04210741 0.04459017 0.04296427 0.05624881 0.04432043
0.0395567 0.05093276 0.04467556 0.05052605 0.05267637
0.04368737 0.04305248 0.045325 0.04835982 0.04210046
0.0440628 0.04213426 0.04026078 0.0464218 0.03917834
0.04964625 0.03812418 0.052669 0.04840257 0.04757737
0.04450606 0.0459968 0.04621309 0.0444103 0.0461757
0.0432903 0.03893807 0.043507 0.04263056 0.04517959
0.04590078 0.04457506 0.04472894 0.0421699 0.04457567
0.04513457 0.04616781 0.04591033 0.04480563 0.04435832
0.04229738 0.04447228 0.04436762 0.04421772 0.04743421
0.04194464 0.04641264 0.04294582 0.04742897 0.04593139
0.04110977 0.04422487 0.04764725 0.04596826 0.04195733
0.04492329 0.04183077 0.04558689 0.04113771 0.04811581
0.04506835 0.04483886 0.04626086 0.04332581 0.03917945
0.04825431 0.04708247 0.04339672 0.04195209 0.04494403
0.0492961 0.04492319 0.04046543 0.04115375 0.04005228
0.04098126 0.03864334 0.04475584 0.04647007 0.04845679
0.03766513 0.04130732 0.04183309 0.04534581 0.04799176
0.0416867 0.04659732 0.04619174 0.04764269 0.04007605
0.04457891 0.03791831 0.0427819 0.03946999 0.05180508
0.04920451 0.03622058 0.04828322 0.04463227 0.04287065
0.04023263 0.03970483 0.04231251 0.04611293 0.04312757
0.04385608 0.04366978 0.05162222 0.04841033 0.04722913
0.04347363 0.04614444 0.04689487 0.04190467 0.04252683
0.0448224 0.0425108 0.0472021 0.03996603 0.04823442
0.04902249 0.04892777 0.03833507 0.04594768 0.04199957
0.04080692 0.04687792 0.04267975 0.04551096 0.04568908
0.04432694 0.04794728
