0.03895105 0.02550489 0.03386728 0.03874491 0.04473165
0.0381054 0.03210391 0.0389014 0.03702104 0.04661204
0.03620569 0.03288165 0.0357473 0.04370877 0.03359875
0.04361338 0.03863697 0.04265699 0.03790101 0.03637474
0.03967135 0.0454774 0.0384718 0.03504359 0.03457995
0.04016286 0.03888084 0.04189175 0.03605419 0.02958625
0.04035769 0.04050798 0.03380656 0.03454907 0.03760166
0.04329957 0.03476692 0.03672782 0.03320409 0.04050134
0.04365449 0.03684007 0.04338706 0.03708166 0.04303048
0.03630202 0.03008779 0.03837698 0.03506808 0.03733772
0.03668884 0.04255497 0.03603675 0.03701289 0.03662859
0.03595137 0.03843608 0.03382889 0.02939818 0.03368784
0.03366735 0.03788797 0.03438003 0.03214903 0.03357325
0.03573167 0.03925442 0.04050342 0.03898264 0.03167108
0.03576064 0.03740494 0.04095207 0.03836983 0.04362362
0.04113476 0.03599084 0.04070591 0.04117477 0.04236614
0.03940416 0.03978942 0.03312905 0.03773111 0.03732097
0.03696203 0.03591272 0.03691783 0.03555434 0.03713962
0.03673767 0.04293956 0.04099408 0.03202535 0.03448825
0.03555288 0.0410521 0.03578789 0.04064238 0.03834326
0.03601726 0.03806345 0.03973619 0.03437127 0.03635715
0.03555781 0.03792412 0.03201949 0.0356708 0.03507269
0.03569708 0.03820809 0.0315897 0.0392069 0.04244196
0.03929148 0.03010213 0.04183335 0.03911509 0.03367585
0.03252803 0.03880886 0.03820806 0.04145443 0.04043159
0.03550004 0.03794425 0.03643743 0.03526277 0.04104547
0.03879937 0.03674278 0.03585685 0.04195807 0.04160661
0.03102724 0.04303971 0.03921349 0.03831528 0.04006111
0.03866488 0.03934211 0.03550366 0.03841484 0.03653021
0.03428383 0.03554714 0.03751844 0.03725752 0.03657948
0.03932644 0.0432333 0.03590707 0.03552043 0.0331839
0.04077438 0.03503709 0.03262728 0.03695943 0.03750633
0.04009791 0.04113607 0.03812153 0.0381419 0.03579092
0.03151814 0.04120696 0.03702935 0.03769793 0.03496899
0.03495987 0.03921157 0.03154636 0.03855357 0.03684127
0.03998274 0.03638668 0.04147783 0.04074612 0.03591949
0.0432662 0.0336395 0.03475928 0.03803421 0.0369008
0.03686849 0.03904598 0.0379503 0.0388719 0.0392556
0.04208182 0.0404536 0.04036795 0.0380941 0.03426942
0.03673905 0.0382937 0.03964673 0.03602689 0.0356408
0.03706082 0.03582182
