0.04381167 0.02788866 0.07963568 0.04582246 0.4368487
0.2258114 0.2518377 0.3652401 0.04960926 0.07921344
0.2660124 0.122448 0.05731244 0.08260585 0.476357
0.4548773 0.05765992 0.3181721 0.4156385 0.0386825
0.04515375 0.4187382 0.05003061 0.2899786 0.4306181
0.05223463 0.3786999 0.1888865 0.3675222 0.04772493
0.1318755 0.0501013 0.06708934 0.2979498 0.04652367
0.1579468 0.0362109 0.07952266 0.3443305 0.03972371
0.4346754 0.1500396 0.3897868 0.2883025 0.407521
0.0581564 0.04144989 0.1099079 0.08852665 0.4452445
0.05076178 0.4565841 0.1505139 0.4162599 0.04101836
0.240964 0.1067092 0.3336861 0.3821237 0.4352514
0.05422304 0.04434203 0.2160017 0.05234889 0.446414
0.4028326 0.05212222 0.1072079 0.2572199 0.03990681
0.04417013 0.05494233 0.3443993 0.1899941 0.06113064
0.3030477 0.1135703 0.3381 0.3501172 0.3557603
0.4580973 0.2540738 0.04174936 0.04086866 0.4395363
0.04996853 0.2878443 0.3035932 0.3108035 0.133997
0.04911977 0.2443788 0.04225109 0.1905503 0.2358837
0.05138609 0.434194 0.1796375 0.3010249 0.1919664
0.08542784 0.1949906 0.3454845 0.3121991 0.3496262
0.1780276 0.2750638 0.04448507 0.2543621 0.3436192
0.05648524 0.3474674 0.2580153 0.3255473 0.1533536
0.5018396 0.4712019 0.3027591 0.1639034 0.2096565
0.2902523 0.4341237 0.3526645 0.04276377 0.3926106
0.3196306 0.3581012 0.04791826 0.1213618 0.3726629
0.1178437 0.3487603 0.04725398 0.2391697 0.4603141
0.05697729 0.3782636 0.3295677 0.1135356 0.04050241
0.08761147 0.3629349 0.4047655 0.2549401 0.1105288
0.3192794 0.2040408 0.04806148 0.04713864 0.4040132
0.08237949 0.2508342 0.3368035 0.1525297 0.2541629
0.04746126 0.123702 0.3301309 0.04876372 0.1329314
0.2918097 0.1722783 0.04516185 0.05969118 0.1230978
0.4017918 0.1840274 0.08985546 0.05280851 0.3332136
0.421461 0.0481138 0.4287768 0.1470319 0.4355427
0.04468024 0.3386733 0.04122125 0.04891015 0.3560913
0.0428506 0.0522958 0.3512077 0.1160748 0.3144453
0.3484698 0.2523947 0.4550652 0.213278 0.2865371
0.1243298 0.05170574 0.2689714 0.1657567 0.0455343
0.04831766 0.04638135 0.2813919 0.4337505 0.1798382
0.05398227 0.429424
