0.04277496 0.02660163 0.04840942 0.03889637 0.04415142
0.03552027 0.03570107 0.03863677 0.0377816 0.04134443
0.04290585 0.03604635 0.03633714 0.03924559 0.04183877
0.04530324 0.04476527 0.0326345 0.04175082 0.05145011
0.03785052 0.03861022 0.04330776 0.04138533 0.04268874
0.04058144 0.04213278 0.04108318 0.04009199 0.03946085
0.04109278 0.04730167 0.03786123 0.04399073 0.03896787
0.04429729 0.03636858 0.03616906 0.03499568 0.04444852
0.04084206 0.04275958 0.0432124 0.03759 0.04363369
0.03480177 0.03996412 0.04017013 0.03907615 0.0388244
0.04084459 0.04303189 0.0405246 0.03750732 0.04252041
0.03646973 0.04290482 0.03993479 0.04294513 0.04319544
0.03949287 0.04272128 0.04320581 0.03861705 0.04453794
0.0391766 0.05082481 0.03454955 0.03802462 0.03605217
0.04470046 0.04004311 0.04493432 0.043809 0.04433432
0.04083139 0.04468094 0.04613 0.03362831 0.04219921
0.0350021 0.04189478 0.04730029 0.04005492 0.04402522
0.04308832 0.03762697 0.04422304 0.04322635 0.03898207
0.04350757 0.0351988 0.03632214 0.04014944 0.04101314
0.03513511 0.03920242 0.03396081 0.04232279 0.03963141
0.0387559 0.03689984 0.03750105 0.04643494 0.04285683
0.04111912 0.0404989 0.04140671 0.03961576 0.03814104
0.04466181 0.0335237 0.03925186 0.04106615 0.04423554
0.04311299 0.03947398 0.03676916 0.04581392 0.04098563
0.03625632 0.04082747 0.03992021 0.0468948 0.03985783
0.03838833 0.03805034 0.04371089 0.03218445 0.03832071
0.03778658 0.04132634 0.04098172 0.03875095 0.03742431
0.04223645 0.03483111 0.04022325 0.03811125 0.03795716
0.03642058 0.04175412 0.04937537 0.04589344 0.04714003
0.03838259 0.04062032 0.03778846 0.03728199 0.03450896
0.04099692 0.03688319 0.04336893 0.03439716 0.0437282
0.03717345 0.04371224 0.04237795 0.0418465 0.03487171
0.04603796 0.04186588 0.04362396 0.04280321 0.03977079
0.04556965 0.03979386 0.04401944 0.04934043 0.03551039
0.03917596 0.0420693 0.04071073 0.0326393 0.04105056
0.04064638 0.04309568 0.03502251 0.0416047 0.04374013
0.04764928 0.03399344 0.03602093 0.03936961 0.03954189
0.03770311 0.04232893 0.03698839 0.0392296 0.04213984
0.04208008 0.04079915 0.03849175 0.04494252 0.04274902
0.03725097 0.03770593 0.04797353 0.04550746 0.04449612
0.03671907 0.04256889
