0.04049898 0.02734606 0.03908844 0.03917965 0.03728888
0.03753556 0.04075477 0.04340546 0.03496521 0.03744884
0.03832505 0.03833215 0.03628079 0.035839 0.03949437
0.03415212 0.04332118 0.03792137 0.03812088 0.03939383
0.03902062 0.03952123 0.03740613 0.03597703 0.03754278
0.03923486 0.03488163 0.03617818 0.03914799 0.03749626
0.0354352 0.04227075 0.03870277 0.03811787 0.0433252
0.03849098 0.03921774 0.0415913 0.0362523 0.04008564
0.04041521 0.03986719 0.04232233 0.0391909 0.03513531
0.04142002 0.04102406 0.03908058 0.04101963 0.03751905
0.04089571 0.03966007 0.0372133 0.03845641 0.04348301
0.03954901 0.04203284 0.03886859 0.04094757 0.03967262
0.0394562 0.03919906 0.03287797 0.04136902 0.0430925
0.03757815 0.04146106 0.03720739 0.04027019 0.03509364
0.03468542 0.03791201 0.04314756 0.04204882 0.04477709
0.04204487 0.03896976 0.03671687 0.03701509 0.04049074
0.03594134 0.0378682 0.04824976 0.03709509 0.03733237
0.03762319 0.0347292 0.03610248 0.03523142 0.03888578
0.04284365 0.04126604 0.03842005 0.03625308 0.03919155
0.03538964 0.04105345 0.03655722 0.04344778 0.03571757
0.03605793 0.04285354 0.03805173 0.04359594 0.03572501
0.03911654 0.03954533 0.03927335 0.03903071 0.03803785
0.03517611 0.03680976 0.03975551 0.03988476 0.03875123
0.04600125 0.04068138 0.03159924 0.04132494 0.03940766
0.04004724 0.03837148 0.0441749 0.03782306 0.0415858
0.03902471 0.03821794 0.03698463 0.03293558 0.03935429
0.03922803 0.03917068 0.03957397 0.03967155 0.03882396
0.0429163 0.04171555 0.03737645 0.03974318 0.03899236
0.03842004 0.04018809 0.04124934 0.03964197 0.04483516
0.03947701 0.03710034 0.03527266 0.03825502 0.04254156
0.04126428 0.04146542 0.04120535 0.04757772 0.03785285
0.04319864 0.03626034 0.04007839 0.03632553 0.04150167
0.03708645 0.03613497 0.03690619 0.04012223 0.04069865
0.04351622 0.04467474 0.03791581 0.03807615 0.04034746
0.04289775 0.0405394 0.03958818 0.03578382 0.03475311
0.03744589 0.03820067 0.0413984 0.03736474 0.03576153
0.04189564 0.03605853 0.03996452 0.04296312 0.04171274
0.03725526 0.04277365 0.03548481 0.03339287 0.03553193
0.03554253 0.04233322 0.04167806 0.04493551 0.04362567
0.0406795 0.03610353 0.0393482 0.04081421 0.04335374
0.04140796 0.03745085
