0.04041316 0.02707099 0.03817746 0.03855976 0.04123384
0.04454081 0.03989386 0.04263083 0.04015053 0.03808675
0.04036013 0.03902314 0.03699671 0.03004483 0.04339574
0.04158976 0.03671454 0.03847847 0.03552474 0.04073659
0.04235028 0.04086582 0.04487643 0.03984 0.03757157
0.03932712 0.04330292 0.03908941 0.04288434 0.04160893
0.03862489 0.04037967 0.04292296 0.04142768 0.03822257
0.03632004 0.0414887 0.04015835 0.04065317 0.03722147
0.04274442 0.03914703 0.04394241 0.03893625 0.0418398
0.04108304 0.03712572 0.03850373 0.04169595 0.0397659
0.04359477 0.03683273 0.03610049 0.03955431 0.03547824
0.04001497 0.04483767 0.03985469 0.04301237 0.04376209
0.03683427 0.03912999 0.03754035 0.04098145 0.04253996
0.03670596 0.0321981 0.0441427 0.04260872 0.03347621
0.04087873 0.03917258 0.03797869 0.03771206 0.04069965
0.03669809 0.03607214 0.03859077 0.03984122 0.03375307
0.04037942 0.03799012 0.04231059 0.04078951 0.03735306
0.03842011 0.03954186 0.03911238 0.03770451 0.03851566
0.0381416 0.04027713 0.03886488 0.04138333 0.03865232
0.03988408 0.03674159 0.04372034 0.04065509 0.03742286
0.03359008 0.03959788 0.0409519 0.04368575 0.04848317
0.03582114 0.03480358 0.03818615 0.04314963 0.04434004
0.04080282 0.0365878 0.04415114 0.04035021 0.03861769
0.03994349 0.04573274 0.03427231 0.0423364 0.04002064
0.04033188 0.03485488 0.03180919 0.0339244 0.0404547
0.0359783 0.03778973 0.03932254 0.03542719 0.03607921
0.03812424 0.03799998 0.03609595 0.04406544 0.04194848
0.04044809 0.04252212 0.04117897 0.04375331 0.04461432
0.03384529 0.04002794 0.04002499 0.04103757 0.04165544
0.03796827 0.04251652 0.0404521 0.04166661 0.03583004
0.03529812 0.04115395 0.04064869 0.03392888 0.03965781
0.0349328 0.04255681 0.04110506 0.04445186 0.0363907
0.03419469 0.03657266 0.04430675 0.04647867 0.0403263
0.03804566 0.0364504 0.03725723 0.03589051 0.03954133
0.03848144 0.03955439 0.03918855 0.04200455 0.04064851
0.04048126 0.03553398 0.04025414 0.03808608 0.03949742
0.04156669 0.04088614 0.03716157 0.04028666 0.03685785
0.03728355 0.0455053 0.04280923 0.0376828 0.03688601
0.03974361 0.04167931 0.03990617 0.03659609 0.0406808
0.03931549 0.0346397 0.03658235 0.04637901 0.03888009
0.04024474 0.04587848
