0.040319 0.02708143 0.04435865 0.03910161 0.04541937
0.03550926 0.03954695 0.03897653 0.03879618 0.0389824
0.04086803 0.04441692 0.04297152 0.03877403 0.03627293
0.03708266 0.03522256 0.03902009 0.03829725 0.04019621
0.04504057 0.03788247 0.04188485 0.04078985 0.04059332
0.03669343 0.0400956 0.03614469 0.04083818 0.03867771
0.03930981 0.03968101 0.03429899 0.0388222 0.0393143
0.03927897 0.04188287 0.03539743 0.03685629 0.04363493
0.04224309 0.03546222 0.03653215 0.03576512 0.04200818
0.03582175 0.03644206 0.03971905 0.03729212 0.0340862
0.03835904 0.04108802 0.03965881 0.04021823 0.04401654
0.03729565 0.03689795 0.04133906 0.03825882 0.03624589
0.04110148 0.03810193 0.04607148 0.04321407 0.04042657
0.03520548 0.0420714 0.04093788 0.03872959 0.04205076
0.03876946 0.04089342 0.03330483 0.03884635 0.039819
0.03938138 0.04031495 0.05164396 0.04070706 0.03876987
0.03419572 0.0406919 0.03718831 0.04694577 0.0340708
0.04200755 0.04431787 0.04046319 0.03790165 0.03695136
0.04247847 0.04184181 0.04388411 0.04406788 0.04005526
0.03675858 0.03891208 0.04017371 0.05050919 0.03414017
0.0360427 0.03905562 0.03595855 0.03640464 0.04094891
0.03824918 0.0421495 0.04036747 0.04150502 0.0379617
0.03616206 0.03483094 0.03567143 0.04010207 0.04605188
0.03830026 0.03917374 0.03784779 0.04358052 0.03870235
0.0384395 0.03422927 0.0407187 0.04152839 0.03309481
0.04104604 0.03847518 0.03550955 0.04451788 0.03647929
0.03841993 0.03670697 0.03743497 0.04619585 0.04232036
0.03862121 0.03783096 0.0401651 0.03940274 0.04144018
0.04045983 0.03648295 0.03838581 0.03686017 0.04231947
0.03739084 0.04239871 0.03907679 0.04071373 0.03895194
0.03494365 0.03787262 0.03847743 0.03657863 0.04046389
0.04007061 0.0423968 0.04242294 0.04085138 0.03803644
0.03606463 0.04416264 0.03967058 0.03851802 0.04134393
0.04086159 0.04754829 0.04086452 0.0406971 0.04744619
0.04213408 0.04033429 0.03762296 0.04047725 0.04392844
0.04237886 0.04230386 0.04527656 0.04054853 0.04227775
0.04221887 0.04241283 0.03972967 0.03598608 0.04198196
0.04468553 0.04108968 0.04238184 0.04383884 0.04086331
0.0381996 0.03865314 0.03786193 0.04330627 0.03946834
0.03901316 0.03917323 0.037529 0.0488056 0.03748779
0.04525696 0.04039465
