0.0381699 0.02711048 0.03629408 0.04200021 0.03768171
0.04057811 0.03612908 0.03691617 0.04277357 0.04094387
0.04024717 0.0347254 0.03624724 0.03599309 0.03735955
0.03821816 0.03767269 0.03825769 0.03783274 0.03717735
0.03618075 0.03424977 0.03566791 0.03440796 0.03806063
0.03952098 0.04084103 0.03463286 0.04056272 0.04618808
0.0417486 0.03699306 0.04783561 0.03883368 0.03908811
0.03687525 0.0409194 0.04070341 0.03801898 0.02998612
0.03678872 0.04022342 0.04169165 0.04050344 0.03560454
0.0408035 0.03385128 0.03767783 0.03727474 0.03582893
0.03606124 0.03447339 0.03883695 0.03849956 0.03390929
0.03785264 0.03962719 0.0355228 0.03904018 0.0357003
0.03940904 0.0400256 0.03927189 0.03492986 0.03905249
0.04142894 0.037643 0.03741981 0.03606037 0.03934161
0.03952098 0.03691941 0.03556039 0.03580955 0.03835405
0.04007965 0.0409267 0.03239787 0.04040114 0.0390982
0.04085689 0.03607653 0.03608157 0.03623748 0.03435215
0.03331927 0.04007588 0.03592278 0.03940389 0.03859596
0.03831732 0.04065513 0.04585026 0.0376809 0.03981818
0.03871406 0.03143727 0.04075356 0.03705415 0.03970384
0.04040511 0.03592956 0.03535113 0.03564466 0.0335561
0.03992667 0.0429343 0.04619514 0.04066533 0.03599539
0.03913105 0.03423523 0.04261944 0.04210867 0.03798244
0.04085872 0.03658817 0.04204794 0.03768068 0.04013221
0.04524564 0.03577174 0.04062908 0.03265428 0.04044608
0.0467971 0.04144549 0.03519745 0.04337888 0.03929261
0.03610445 0.03529127 0.04350565 0.03877908 0.04439051
0.04672795 0.03670618 0.0380963 0.03918455 0.041919
0.03800692 0.04192429 0.03841004 0.03852041 0.0389453
0.03718173 0.03884293 0.03764735 0.04010198 0.03586033
0.03970242 0.03898986 0.03540691 0.03998903 0.03405063
0.04350419 0.04063683 0.03884851 0.03779336 0.03811381
0.03969743 0.03214997 0.03175371 0.04000703 0.03822499
0.03997967 0.0427216 0.03974852 0.03446228 0.03984782
0.04314689 0.0365413 0.04141087 0.03370323 0.03861837
0.04120264 0.0345424 0.03878385 0.03794176 0.04501812
0.04234666 0.03896341 0.03730392 0.0428813 0.04014804
0.036629 0.03453874 0.03994489 0.0408887 0.04485933
0.04134011 0.04053086 0.03553687 0.03458641 0.0370177
0.03413608 0.04439637 0.04273581 0.04236488 0.04498557
0.03285124 0.03354026
