0.03293124 0.02457373 0.03017791 0.03772084 0.03256022
0.02985952 0.03170725 0.03210189 0.03775069 0.03824669
0.02874432 0.03509707 0.03171852 0.03930172 0.03197749
0.03476322 0.03574536 0.03749964 0.0343202 0.03170929
0.03822528 0.03461439 0.02973479 0.03594764 0.03581171
0.03621795 0.03218928 0.03382638 0.03270464 0.02805561
0.03017504 0.03524421 0.0351516 0.03433923 0.03097139
0.03377056 0.03473974 0.03583091 0.03256779 0.03659274
0.03366619 0.03880058 0.03308901 0.03248483 0.03040693
0.03679872 0.03644007 0.03744384 0.03336446 0.03435318
0.034353 0.03505211 0.03292703 0.03065813 0.03181146
0.02972871 0.0312457 0.03170941 0.03011945 0.03175682
0.03445168 0.03658541 0.03149795 0.02837848 0.03344488
0.0287086 0.030537 0.0273561 0.03246025 0.03535179
0.03355034 0.02882946 0.02853964 0.03551347 0.03370623
0.03747837 0.03087891 0.03015738 0.03820532 0.03098841
0.03276593 0.0349541 0.03691144 0.03194352 0.03578908
0.03375928 0.03633618 0.03292695 0.04103313 0.03738416
0.03440847 0.03237954 0.03442827 0.03703617 0.03181751
0.03146307 0.03617621 0.03866546 0.03553412 0.03581825
0.03428215 0.0293036 0.03672504 0.02912411 0.03213633
0.02816403 0.03001393 0.03471095 0.02882067 0.03243479
0.03031975 0.03683852 0.03824733 0.03621055 0.03768287
0.03200589 0.02713572 0.0288649 0.03661215 0.02667379
0.03880681 0.03586375 0.03643014 0.03130929 0.03216589
0.03134626 0.03130492 0.03046118 0.03203752 0.0358491
0.0335577 0.03410956 0.03547273 0.03271953 0.03467283
0.03121525 0.03610747 0.03228361 0.03834313 0.0318818
0.03724084 0.03089182 0.03316957 0.031659 0.03778072
0.03458203 0.03073153 0.03291536 0.03413947 0.03028068
0.03087364 0.03711208 0.04422784 0.03150073 0.03108767
0.03654497 0.03346341 0.0298797 0.03136863 0.03274952
0.03288317 0.03558782 0.03480544 0.0359431 0.03273909
0.03225539 0.03424874 0.0280219 0.02635829 0.03331744
0.03008533 0.0342538 0.03780087 0.03404695 0.03816987
0.0301974 0.03478865 0.03081196 0.02991309 0.03229676
0.02752419 0.03691486 0.03280892 0.02892456 0.04024272
0.03670762 0.03702435 0.03871471 0.03197983 0.03253713
0.03617798 0.03666456 0.02922089 0.03284231 0.03385375
0.03243257 0.03693843 0.04062982 0.03828047 0.03277926
0.03278916 0.04122645
