0.03609208 0.02477539 0.03926588 0.04104321 0.03766807
0.03783284 0.03720425 0.03965542 0.03964569 0.03973609
0.0333836 0.03987742 0.03754984 0.03886648 0.03700831
0.02984845 0.0350327 0.03304523 0.03987842 0.0350061
0.04044535 0.03509524 0.03848178 0.0276479 0.04258927
0.03457554 0.03631317 0.03873871 0.04088044 0.03791307
0.03896865 0.03707146 0.03580401 0.03264571 0.04063002
0.03688942 0.03983478 0.03102835 0.03603502 0.03344363
0.03604559 0.03725551 0.02932739 0.03900058 0.03289771
0.03317289 0.03229923 0.03340037 0.04107811 0.03839847
0.0338195 0.0397929 0.03665477 0.04232359 0.03724796
0.03677212 0.03477747 0.0349807 0.03727319 0.03775033
0.03580725 0.03683733 0.03477902 0.03433862 0.03438855
0.0370728 0.03682107 0.04088669 0.03835519 0.03811491
0.03877202 0.04121984 0.03721575 0.04007955 0.03684224
0.03930289 0.03168436 0.02680208 0.03793091 0.03989243
0.03670701 0.04125613 0.03138967 0.03357094 0.03704441
0.03559216 0.03488225 0.03741874 0.03778315 0.03536514
0.03705126 0.03482482 0.03254358 0.03609728 0.03939332
0.03362434 0.035084 0.03623318 0.04006799 0.03619775
0.03159322 0.04170991 0.03913135 0.03724912 0.03910108
0.0392219 0.03602859 0.03835314 0.03898422 0.03508202
0.04100674 0.03628389 0.04470153 0.04292605 0.03546559
0.03268076 0.04065809 0.02962539 0.03747238 0.03662388
0.03861422 0.03911395 0.03749714 0.03211448 0.03348655
0.03812695 0.03394361 0.03533149 0.03638652 0.03758375
0.03843992 0.03809385 0.03393156 0.03887491 0.03971378
0.04057016 0.03458233 0.03974877 0.03446867 0.04045376
0.03994868 0.03576079 0.04110679 0.04198086 0.03908485
0.03492794 0.03890163 0.03630688 0.03738838 0.03644258
0.04015599 0.03982257 0.04050783 0.03660545 0.03820272
0.03476782 0.03338849 0.04220696 0.03665219 0.03601912
0.03465326 0.0352358 0.03717853 0.038749 0.03749443
0.03880485 0.03244983 0.03741898 0.03807689 0.03095549
0.03867137 0.03850678 0.04158029 0.03626792 0.03627148
0.03885922 0.03799609 0.03922712 0.03646199 0.03921962
0.04206582 0.03926226 0.03034642 0.03883317 0.03644801
0.03915005 0.03808214 0.03700218 0.03305509 0.03809299
0.03732851 0.03168927 0.03889625 0.03599533 0.0379853
0.03851904 0.03368849 0.03463513 0.0326594 0.03139423
0.03851938 0.03736514
