0.03690031 0.02485168 0.03914542 0.03801066 0.03879359
0.03704177 0.03783189 0.04086374 0.03715657 0.04324638
0.03965442 0.04293701 0.03519018 0.03792345 0.03323256
0.0374741 0.03443471 0.03271744 0.04014614 0.04478248
0.0411616 0.03790797 0.04031372 0.03785394 0.03669409
0.04038584 0.03987279 0.04032393 0.03606654 0.03682887
0.03994822 0.0327325 0.03752198 0.04149032 0.04330701
0.03873363 0.04102643 0.03684829 0.03860658 0.03994859
0.04084596 0.03613833 0.03322397 0.03923337 0.04029223
0.04071968 0.03904821 0.03514728 0.03804871 0.04095264
0.03472605 0.04011944 0.03537044 0.04430437 0.03246324
0.03650191 0.04098749 0.03545449 0.03789809 0.03635771
0.03778304 0.04283297 0.04170056 0.0352595 0.04016168
0.0400648 0.03468763 0.03358879 0.03568119 0.03951273
0.03774103 0.04048218 0.0425197 0.03659548 0.03952186
0.04225377 0.04312819 0.0388155 0.0327385 0.04137679
0.03769924 0.0402029 0.03571565 0.03913545 0.03781261
0.04060009 0.03729096 0.03992853 0.03759618 0.0398774
0.03664533 0.03959554 0.03938091 0.03546744 0.04081578
0.03695573 0.0385564 0.03805819 0.03853722 0.03829916
0.03595781 0.03857774 0.04356228 0.03249262 0.0379126
0.03956452 0.04652229 0.0354135 0.03976368 0.03830855
0.03950079 0.04304214 0.03467681 0.0425995 0.04009107
0.03871816 0.03383984 0.04055416 0.03676379 0.0482255
0.03610357 0.03637213 0.03848838 0.03610434 0.03866109
0.03753781 0.03745861 0.03659193 0.04201231 0.04004531
0.04034545 0.04288943 0.04243964 0.0398228 0.03883455
0.03614373 0.03772257 0.03584694 0.03864458 0.03601224
0.03549692 0.04028252 0.04119008 0.03548487 0.04523618
0.03828177 0.03897742 0.03637049 0.03745316 0.03741876
0.03748546 0.04108854 0.04027708 0.03740228 0.04246215
0.03711954 0.04024721 0.03977677 0.03822539 0.03682485
0.03729691 0.03453828 0.03696828 0.03649474 0.03376549
0.03338377 0.03816141 0.03705113 0.03995616 0.03885338
0.03447276 0.03884331 0.04371854 0.03990991 0.03990582
0.03865758 0.03435252 0.03569214 0.04224915 0.04416233
0.03906901 0.04118939 0.03853305 0.03406768 0.04036409
0.03401477 0.03707268 0.03576602 0.03867457 0.04254112
0.03447283 0.03813731 0.03603658 0.04103236 0.04197366
0.03558236 0.03983191 0.03764916 0.03532223 0.03500913
0.0367324 0.03605766
