0.04170111 0.02806756 0.04128462 0.04267827 0.04241922
0.0417582 0.03948658 0.04044555 0.04072053 0.0443497
0.03620883 0.0409192 0.04125783 0.04386881 0.0430827
0.0403996 0.04148672 0.03597672 0.04539304 0.04008714
0.04477502 0.04623394 0.03643629 0.04034648 0.04598201
0.04165627 0.04106158 0.04049406 0.03818978 0.03818984
0.03926562 0.04253742 0.03905992 0.04265376 0.04191579
0.04424186 0.03851034 0.0415995 0.03868622 0.04452232
0.0393937 0.03912833 0.04099828 0.04231624 0.04496492
0.04194314 0.04093738 0.0398692 0.04327915 0.03654539
0.03873109 0.04074113 0.04031043 0.03921535 0.04357626
0.04500467 0.04326606 0.03650854 0.04109386 0.03846088
0.04051477 0.0431426 0.04221329 0.03965443 0.04347618
0.04117749 0.04019443 0.0440281 0.03973565 0.04623446
0.03574336 0.04199633 0.04174768 0.04492748 0.0391153
0.04300219 0.03768425 0.03893394 0.04350727 0.04514752
0.04089199 0.04083777 0.03949031 0.04100178 0.04726807
0.04105796 0.03957625 0.03971215 0.0433692 0.04174517
0.04376625 0.04311118 0.03685253 0.03948537 0.0449796
0.04494168 0.04872553 0.03837752 0.04306877 0.03832418
0.0386919 0.03951681 0.04505465 0.04273124 0.03882674
0.04030262 0.04499027 0.0422423 0.03928269 0.04759601
0.04732573 0.03768015 0.04162454 0.04407991 0.04454526
0.0386794 0.04605203 0.03827343 0.04607831 0.04181824
0.0446055 0.04391798 0.03949484 0.0426918 0.04427755
0.03924621 0.04414971 0.04451784 0.04153418 0.04402678
0.04182936 0.03763248 0.04116534 0.04566986 0.04570786
0.04048932 0.04208165 0.04425124 0.03780872 0.03997903
0.03997925 0.04120673 0.04630488 0.04325882 0.0427576
0.04432805 0.04291967 0.04337227 0.03632195 0.04657036
0.03844428 0.04633385 0.04414727 0.03990842 0.04044923
0.04248699 0.04003983 0.03794448 0.04267773 0.04106602
0.044546 0.03937663 0.04016757 0.03991723 0.04364411
0.03976289 0.04283042 0.03959967 0.0506512 0.04119979
0.03783115 0.04193362 0.04004209 0.04317816 0.03980265
0.03942229 0.03703306 0.04005448 0.04241812 0.0399603
0.041609 0.03876411 0.041912 0.04141754 0.03687446
0.04032205 0.03662434 0.03499859 0.04043359 0.04325781
0.0437586 0.04534684 0.03795721 0.03689689 0.04700077
0.03954962 0.04192047 0.04133354 0.04056013 0.05078302
0.04321412 0.04872973
