0.0422663 0.02703565 0.04290673 0.04716892 0.04607785
0.03840588 0.04287944 0.03622885 0.03517077 0.04185829
0.04207704 0.04041227 0.04406266 0.04887525 0.04539
0.03617533 0.04745084 0.04034847 0.04454826 0.0399021
0.04038549 0.03958303 0.04656293 0.04345197 0.04806966
0.04179974 0.04686558 0.04181608 0.04488928 0.04053376
0.04352887 0.04201723 0.03800947 0.04332578 0.04930693
0.04576192 0.04072815 0.04079414 0.03770212 0.03903072
0.04647722 0.0524334 0.04423114 0.04315689 0.04407937
0.04507438 0.04116154 0.0359306 0.04017544 0.03874042
0.04032625 0.04570062 0.04086272 0.04224858 0.04362898
0.04161368 0.03786378 0.04637441 0.04379714 0.03909557
0.04570738 0.03986568 0.04043659 0.04214298 0.0504066
0.03561853 0.04844847 0.03855506 0.04375065 0.05246227
0.04374012 0.04269517 0.04300875 0.04636441 0.04152919
0.04271735 0.04001704 0.04165899 0.04577338 0.04383985
0.04312223 0.03547463 0.04197439 0.0415928 0.04772359
0.04667608 0.04020379 0.04212806 0.04473402 0.03937719
0.03974321 0.04221104 0.04097817 0.03987499 0.03719863
0.04401145 0.04339888 0.04156425 0.03420008 0.04703709
0.04557152 0.04400131 0.04324891 0.04779463 0.03631237
0.04266855 0.04187441 0.04037843 0.04075856 0.03836391
0.04110465 0.04046088 0.04598497 0.04205162 0.04615665
0.04262833 0.03861067 0.04214817 0.03968681 0.04311955
0.0431684 0.0398867 0.03992022 0.04060853 0.03799182
0.03804878 0.04701715 0.03612131 0.03769055 0.04296129
0.04332508 0.04299141 0.03962475 0.04295919 0.04234067
0.04477223 0.04357481 0.03872572 0.04099405 0.03491523
0.04315369 0.04495708 0.03655074 0.04122293 0.04411114
0.03731814 0.04558917 0.04279568 0.04093595 0.03903253
0.03836111 0.03717996 0.03999982 0.04438989 0.04443141
0.0472965 0.0409624 0.04625498 0.05549844 0.0461859
0.03472191 0.03765386 0.04196876 0.04167017 0.04253302
0.04347383 0.04049201 0.04324271 0.04593672 0.03942559
0.04341484 0.04504672 0.04354763 0.04236543 0.04379216
0.04317789 0.03581172 0.03839115 0.0413472 0.04638046
0.04100409 0.04476418 0.03761088 0.03940526 0.04011697
0.04568031 0.04382586 0.03677192 0.0421969 0.04549939
0.03396057 0.04040967 0.04388704 0.04155001 0.0382645
0.04573163 0.03536057 0.04485146 0.04320318 0.04019476
0.05340403 0.04629394
