0.04291334 0.02672499 0.03991809 0.04336925 0.05546159
0.03850682 0.04726222 0.04007878 0.03824658 0.04634058
0.042237 0.04083512 0.03980684 0.04308416 0.04121799
0.05581833 0.03582955 0.0371858 0.03595144 0.03843206
0.03627375 0.04372489 0.0406741 0.04005542 0.04366122
0.04153574 0.04110309 0.04161568 0.03610049 0.03927031
0.04434023 0.03642387 0.04433609 0.03751433 0.03956398
0.04111332 0.04260343 0.03114128 0.03555576 0.04667189
0.04573314 0.03708157 0.03889819 0.03872722 0.03889964
0.03814516 0.04451473 0.03958561 0.04269064 0.04543105
0.04685304 0.04236033 0.03828101 0.03838684 0.03994055
0.04282601 0.03845948 0.03907554 0.03975369 0.04429138
0.03933496 0.04187906 0.03438102 0.05436198 0.04892103
0.04264871 0.04603349 0.0414462 0.04172677 0.03377581
0.04023469 0.04098534 0.03960677 0.04447373 0.03119734
0.03988724 0.03739928 0.03797281 0.0398732 0.04004256
0.04504992 0.04672449 0.04090862 0.04324312 0.03913054
0.03617992 0.04252317 0.0416871 0.03820773 0.03882502
0.04049207 0.04125033 0.03331995 0.03928214 0.03830532
0.04235896 0.04727576 0.03902728 0.02527436 0.0422496
0.04146084 0.04607123 0.03853204 0.035977 0.03959298
0.04091029 0.04531855 0.04607518 0.04528712 0.04351772
0.04016397 0.03685162 0.04973343 0.04177406 0.04029281
0.03348394 0.03767046 0.04320409 0.0439293 0.04198027
0.04145367 0.0334023 0.03930462 0.03575019 0.03816698
0.04093653 0.03859223 0.03937993 0.04567544 0.04408493
0.03888507 0.03930085 0.03500132 0.04091993 0.04331018
0.04118997 0.04222074 0.04129403 0.03299647 0.04393879
0.04455459 0.04089698 0.03524002 0.04037269 0.0436432
0.04294601 0.03708631 0.04046871 0.04439531 0.04328285
0.04080754 0.0383903 0.05170733 0.03922776 0.04247549
0.04580496 0.04110834 0.04337149 0.05625409 0.0327836
0.03985869 0.04186675 0.04058206 0.04269464 0.03930737
0.04471208 0.04249362 0.04630749 0.04667353 0.04201218
0.04182323 0.02709243 0.04333157 0.04545241 0.04026749
0.04013837 0.03621337 0.04814244 0.04102832 0.03406403
0.04170105 0.03326807 0.04230851 0.03409863 0.03953483
0.04291094 0.03718366 0.04320065 0.0405054 0.03120122
0.04386824 0.04165716 0.04085408 0.03563603 0.03990325
0.0399544 0.03936176 0.03275093 0.0406845 0.03457189
0.04015705 0.03670188
