0.04512638 0.02857113 0.04452971 0.04801605 0.04437293
0.04865189 0.04518864 0.03914513 0.04839992 0.04221562
0.04570069 0.04465254 0.04345434 0.04336329 0.04424054
0.04331992 0.04983786 0.04978223 0.04452715 0.04575589
0.04124503 0.0390894 0.04287395 0.04540185 0.04138211
0.05022411 0.04433614 0.04343692 0.04630127 0.04182456
0.03966345 0.04166356 0.04298378 0.04104734 0.04392867
0.04015292 0.03878909 0.05023874 0.04096605 0.04533279
0.03822779 0.04166658 0.03963035 0.04831265 0.04605123
0.04614447 0.03601546 0.04781593 0.04270685 0.04872456
0.04239584 0.05101043 0.04121809 0.04572798 0.04647658
0.04439145 0.04642083 0.0444842 0.04436122 0.03846088
0.04989234 0.03884282 0.04437848 0.04463238 0.04992597
0.04026264 0.03964335 0.04424702 0.04896387 0.04726464
0.04499957 0.04148696 0.04163726 0.04883899 0.04776696
0.04064927 0.04599396 0.05081077 0.04464239 0.04180211
0.04071902 0.0445657 0.04657534 0.04388062 0.04549713
0.03704257 0.04707204 0.04515573 0.04409368 0.04533756
0.04643158 0.0516313 0.05544268 0.04378129 0.04045223
0.04619016 0.05054822 0.04759465 0.04080434 0.04285247
0.04826192 0.05552369 0.03953015 0.04233258 0.04689016
0.04758811 0.04469693 0.04037857 0.03720078 0.04658595
0.04714515 0.04260132 0.04927469 0.04728896 0.04259307
0.04544576 0.04252413 0.04823178 0.04500924 0.0460535
0.04237215 0.04072128 0.04502204 0.0408869 0.04601579
0.03713963 0.04027081 0.04830166 0.04243445 0.03787988
0.04221535 0.04624204 0.0442082 0.04844107 0.03969416
0.04870328 0.04347772 0.05017321 0.0463948 0.04449597
0.04818152 0.04402828 0.04162481 0.04755203 0.03912337
0.04275066 0.04086648 0.04413634 0.04294747 0.0475679
0.04269843 0.04479304 0.04209551 0.04019897 0.04005477
0.04864638 0.04199454 0.04671301 0.04864636 0.04365848
0.0455619 0.04563288 0.04833067 0.04221643 0.04439951
0.04701966 0.04840744 0.04550054 0.04516369 0.04726893
0.04090316 0.0368771 0.04124668 0.04791872 0.04201212
0.04640424 0.04818698 0.0420238 0.04472663 0.04618291
0.04125403 0.0439761 0.04475631 0.04290199 0.0432456
0.0400429 0.03745086 0.04128505 0.04391506 0.0463848
0.04214011 0.05185207 0.04610136 0.04023454 0.04647699
0.04264156 0.04442068 0.04256832 0.04125646 0.04442333
0.03534004 0.04219132
