0.04611448 0.02837778 0.04525189 0.04248648 0.04409737
0.04392486 0.03874633 0.04584223 0.04904915 0.04423601
0.04168238 0.04972087 0.04611446 0.04760951 0.04222793
0.04334379 0.04194022 0.04283543 0.04363513 0.04300043
0.04801015 0.0416563 0.04532039 0.0456537 0.04513181
0.04517273 0.04505325 0.05320054 0.04388128 0.04436141
0.04370305 0.04770457 0.04382776 0.04533825 0.05006022
0.0470285 0.04830362 0.04525989 0.05469418 0.04361164
0.05207929 0.04433622 0.05014126 0.0434386 0.04195596
0.04024686 0.04466305 0.04527709 0.04744034 0.04890319
0.04383129 0.04123704 0.04154848 0.04384718 0.04611541
0.04589365 0.03683203 0.04641087 0.04032258 0.04209138
0.04147646 0.04606395 0.04776276 0.05041427 0.0439315
0.04359201 0.04827952 0.04434046 0.04234156 0.04482276
0.04736501 0.04476043 0.04347812 0.04740721 0.04829577
0.04875264 0.04768986 0.05243886 0.05045446 0.04410652
0.0439431 0.04865487 0.04790179 0.04516665 0.04251906
0.04577751 0.04730115 0.04826633 0.04667325 0.04089196
0.04127716 0.04565378 0.04179481 0.04341822 0.04138903
0.0407257 0.04573189 0.04294843 0.04619655 0.04069485
0.04677929 0.04759527 0.04971854 0.04360653 0.04076719
0.04921734 0.04900456 0.0484576 0.0476046 0.0434997
0.04417492 0.04731506 0.05164576 0.04389697 0.04594674
0.04438173 0.04367709 0.05652208 0.04415075 0.04689916
0.03964875 0.04386518 0.04918377 0.04896155 0.04386867
0.04320306 0.04594473 0.03809536 0.05181674 0.03709769
0.04859728 0.04430467 0.04688161 0.04647102 0.04575683
0.04909188 0.04198015 0.04671061 0.03930756 0.04017847
0.05107486 0.04656025 0.04860206 0.04768042 0.03842685
0.03877027 0.04590916 0.04451431 0.04773251 0.04070985
0.0450852 0.04911218 0.04732356 0.04522313 0.03944891
0.04028794 0.04284308 0.04580098 0.04408714 0.04660811
0.04837354 0.04265887 0.0429651 0.04260591 0.04839242
0.04508255 0.04646585 0.04184178 0.04988599 0.05026772
0.04098703 0.04158947 0.05233902 0.04711356 0.04093491
0.04708504 0.04639616 0.03818069 0.04697854 0.0420385
0.04869778 0.04438042 0.04447531 0.05373822 0.0467603
0.04178531 0.04631114 0.04467994 0.04468522 0.04905872
0.05043804 0.04576298 0.0434896 0.04446054 0.04820437
0.04883287 0.04415375 0.04532502 0.04844147 0.04779957
0.04906977 0.04125043
