0.03688432 0.02515804 0.0366269 0.03481224 0.03416439
0.03747873 0.0327835 0.03945641 0.03704782 0.04739865
0.0338979 0.03777861 0.03750256 0.02866894 0.04356569
0.04037667 0.04278043 0.0376331 0.03428147 0.03488711
0.03804828 0.03246782 0.03992108 0.03341214 0.03557854
0.04009491 0.04295955 0.03657043 0.0335443 0.03229258
0.03054847 0.03750349 0.02795846 0.03025875 0.03603675
0.03874069 0.04686231 0.04008576 0.03395296 0.04783191
0.03814301 0.03662677 0.03706452 0.03912892 0.03924464
0.03556287 0.03271769 0.04120196 0.03901399 0.03229824
0.03497552 0.03735208 0.03353651 0.04071407 0.03672767
0.04485881 0.03907589 0.03985879 0.03842555 0.04196111
0.03746011 0.03627042 0.02883481 0.03461164 0.03368851
0.04215121 0.03992473 0.04003773 0.04512901 0.04202627
0.02875386 0.0442958 0.03296298 0.03575608 0.03552193
0.03369268 0.03600759 0.04130896 0.03573621 0.03955864
0.03570918 0.03168712 0.03714032 0.03228532 0.04326151
0.03376316 0.0395357 0.03882351 0.03301357 0.03780628
0.03692003 0.03933091 0.03682842 0.03875845 0.03906152
0.03984356 0.0366845 0.03791381 0.04083757 0.03111212
0.03424175 0.03535399 0.0412817 0.0372012 0.03450646
0.03645444 0.04060237 0.0325741 0.03431605 0.03768792
0.03693114 0.0442126 0.03868777 0.04324165 0.03599448
0.03614453 0.03827679 0.03410596 0.03357696 0.03231272
0.03205138 0.03678623 0.03786924 0.0390185 0.03623818
0.0381743 0.03864612 0.0383644 0.03625154 0.04000747
0.03134621 0.03977418 0.02974831 0.03185846 0.04492215
0.04306389 0.03651293 0.0397673 0.0369487 0.04019328
0.03461748 0.03756378 0.03418723 0.04059894 0.03908301
0.03395848 0.03370969 0.03532238 0.03631454 0.03680812
0.03713629 0.03399515 0.03379439 0.03639365 0.03923578
0.03355554 0.03951057 0.03602129 0.04049201 0.03416543
0.03886167 0.03449823 0.03221255 0.03870044 0.03694616
0.0356242 0.03815807 0.03254412 0.03770326 0.03562776
0.03604497 0.03600208 0.04238987 0.02789381 0.04098396
0.04017013 0.02912422 0.03167183 0.03247913 0.03619641
0.039494 0.04160105 0.03758311 0.03412902 0.04009316
0.03198499 0.03673235 0.03931923 0.03568046 0.03410915
0.03982767 0.03624258 0.04001847 0.03328338 0.03249191
0.04194225 0.03707283 0.03524788 0.04200224 0.03894987
0.03351023 0.03746954
