0.04096773 0.02770421 0.04200122 0.03887526 0.04234575
0.03838681 0.03465161 0.04325957 0.04275475 0.04471376
0.03984891 0.04006103 0.03888625 0.0375676 0.0413486
0.03946219 0.04517702 0.03710587 0.04347555 0.04231686
0.04125539 0.04048475 0.0433288 0.04494597 0.04211873
0.04215426 0.04026899 0.03592419 0.03983325 0.04154659
0.04558317 0.04340226 0.03756224 0.04797751 0.04688368
0.04205635 0.04585869 0.04137662 0.04009226 0.04416256
0.03933468 0.03877343 0.03780423 0.03706388 0.03989235
0.04078021 0.03412114 0.03933853 0.04511706 0.04031212
0.04325038 0.04618319 0.04171044 0.04016818 0.04779818
0.03699653 0.0425241 0.03692906 0.03825291 0.03833365
0.03460842 0.04283484 0.04181738 0.04221615 0.04056336
0.03970925 0.04526839 0.04072707 0.04331172 0.0423716
0.04099756 0.03965293 0.04528469 0.03983866 0.03768786
0.04193444 0.04032927 0.03868735 0.04154703 0.03787269
0.04287696 0.03837199 0.03513975 0.04686544 0.04268073
0.03974395 0.03803062 0.04033327 0.03959928 0.03901952
0.0400911 0.03801657 0.04119086 0.03771556 0.0408947
0.04112199 0.04257815 0.03739713 0.03713427 0.0366678
0.04334084 0.04129408 0.04276728 0.03939531 0.03741525
0.0427708 0.03824977 0.0412129 0.0410766 0.03966255
0.03638453 0.04402827 0.04077622 0.03774007 0.03712579
0.0431786 0.04437112 0.03643393 0.03998595 0.04224809
0.04195308 0.03884568 0.0432783 0.04256869 0.04076037
0.0438818 0.03839286 0.04776736 0.04698815 0.04859155
0.04281875 0.04230814 0.04351112 0.03827691 0.03706441
0.0380246 0.03926015 0.03995403 0.03415227 0.04246777
0.04335666 0.03644564 0.03987351 0.04148775 0.04232521
0.0361862 0.04317178 0.03817595 0.044689 0.03857598
0.03857272 0.03880704 0.04243721 0.04439102 0.03809197
0.04114111 0.04361847 0.04051148 0.040955 0.04074281
0.04315163 0.03980506 0.03773852 0.03638023 0.03897346
0.03715824 0.04634082 0.03802726 0.03759589 0.04070213
0.0388208 0.04205412 0.03821491 0.03783203 0.04229695
0.04515406 0.04077673 0.04447635 0.04071272 0.0424914
0.04244198 0.04098436 0.03715537 0.03594018 0.04028416
0.04223794 0.04403628 0.03921382 0.04244737 0.03411321
0.04073571 0.04262141 0.0395052 0.04351764 0.04415012
0.03754636 0.03930549 0.040508 0.04702034 0.04014793
0.03996622 0.04139232
