0.03992365 0.0255041 0.03975769 0.02700396 0.03731297
0.04189422 0.04073403 0.04239553 0.03833502 0.02291071
0.03880386 0.03562725 0.04335832 0.04504873 0.03710458
0.05259535 0.04199607 0.0424506 0.0334811 0.04615963
0.03113231 0.04141539 0.04044878 0.03800201 0.03558207
0.04094601 0.03926461 0.04040839 0.04517278 0.04874359
0.04795848 0.03409645 0.04463065 0.03737371 0.03682175
0.04420194 0.03261722 0.04380937 0.0396539 0.04277608
0.04151347 0.03995222 0.03921894 0.03993832 0.03849082
0.03926653 0.04281005 0.0373328 0.0317679 0.03225831
0.03688087 0.03833696 0.03682549 0.03099867 0.04249995
0.0396373 0.04391722 0.03659774 0.03908534 0.03766987
0.04949376 0.03176519 0.04887439 0.03612908 0.04663429
0.03750647 0.03930192 0.04323656 0.0354622 0.03918116
0.04843454 0.04009591 0.03807241 0.04178644 0.03628667
0.03669261 0.03895036 0.03554582 0.04452598 0.0499789
0.03045904 0.03993321 0.0426402 0.03976435 0.03662679
0.04155199 0.03882154 0.0410312 0.0412788 0.0383125
0.03474951 0.03419194 0.03940344 0.04086082 0.04231396
0.03737904 0.03974055 0.04675799 0.04830044 0.04173316
0.03836499 0.04084363 0.04013961 0.04748311 0.03225879
0.03703704 0.04112123 0.04051558 0.04490701 0.0381965
0.03906137 0.03758283 0.03810097 0.03896666 0.03667071
0.03557311 0.03346066 0.03569746 0.03520486 0.04077232
0.03578023 0.03490464 0.04628112 0.04056209 0.03573086
0.02944815 0.03319649 0.03302293 0.0344771 0.04214126
0.04284118 0.04330036 0.03711412 0.03887228 0.03501053
0.03780268 0.03868538 0.03693255 0.037977 0.04011659
0.04436402 0.0390189 0.03832382 0.04316712 0.04567412
0.04465619 0.03697528 0.04116268 0.03961889 0.04034629
0.0418099 0.03906378 0.04166871 0.03424879 0.04253782
0.03887228 0.03444556 0.04104834 0.03695378 0.04111056
0.04775253 0.03214644 0.03907645 0.04029086 0.03966265
0.03313189 0.03779094 0.02550734 0.04143211 0.04230601
0.04365341 0.03743673 0.03621596 0.03999054 0.04237586
0.05178785 0.04011372 0.04544462 0.03665008 0.03175323
0.04097542 0.04015974 0.03979502 0.03775874 0.04416333
0.03455635 0.05464571 0.04235734 0.03849178 0.03854799
0.04028508 0.03896374 0.03971477 0.03631869 0.03919969
0.03489613 0.03932856 0.04898215 0.03932442 0.04379365
0.04035816 0.03727344
