0.04213551 0.02677721 0.04304874 0.0454125 0.03836737
0.04347365 0.04225649 0.04506455 0.03782996 0.03919052
0.03737005 0.04385418 0.04491731 0.04407393 0.03836278
0.04174435 0.04174229 0.04609013 0.0429428 0.03995966
0.04210569 0.04288778 0.03646822 0.04598664 0.04097421
0.045362 0.03884316 0.03514603 0.04106214 0.04377388
0.03945926 0.04311575 0.0398255 0.04444308 0.04285206
0.03854329 0.04513002 0.03823607 0.0461502 0.03202814
0.0394739 0.0456376 0.03607449 0.03671339 0.03351141
0.04079655 0.03784846 0.0432876 0.04296516 0.04412687
0.04464261 0.04487317 0.03888976 0.04143187 0.04236228
0.04651538 0.03705026 0.0438511 0.03797262 0.03576287
0.03951962 0.04370108 0.03889115 0.04432813 0.04046686
0.04062864 0.03631712 0.04373632 0.03705746 0.03702946
0.04488063 0.04290025 0.04562245 0.04656232 0.04397357
0.04467901 0.03796177 0.04359482 0.0416193 0.03971615
0.04056446 0.04387086 0.0396621 0.04220964 0.0386633
0.03923224 0.04520651 0.04242412 0.04107148 0.04009335
0.03838655 0.040442 0.03834507 0.04751694 0.04667081
0.0435867 0.0417472 0.03960404 0.04573255 0.04097496
0.04174607 0.04834117 0.04363916 0.03725717 0.03795851
0.04334578 0.03722561 0.03805914 0.04023479 0.04047528
0.03655868 0.03818571 0.04351224 0.04329034 0.04357646
0.03537616 0.04198336 0.0411649 0.04578469 0.04060756
0.04453715 0.04373173 0.04007879 0.03856019 0.0444453
0.04469667 0.04054014 0.03525153 0.04075559 0.03914066
0.03512695 0.03982935 0.03942606 0.03412859 0.04157993
0.04218534 0.038773 0.04384588 0.04308813 0.0416005
0.04106076 0.0448846 0.0461741 0.04140393 0.03602138
0.0297708 0.03632613 0.03968959 0.04188661 0.04603499
0.0396434 0.04000943 0.03987878 0.04005481 0.04757125
0.03889978 0.04238236 0.04670501 0.03928829 0.04419251
0.04126763 0.04840394 0.04330131 0.0421737 0.04160131
0.04047777 0.04252145 0.03975056 0.03162683 0.04005828
0.04052966 0.03869126 0.03791597 0.04239646 0.0435749
0.04327187 0.04385226 0.03962732 0.03376658 0.03984385
0.04107404 0.04530116 0.04038293 0.03188205 0.03775248
0.040079 0.03664721 0.04057052 0.04138845 0.04680114
0.04222171 0.03715012 0.04774789 0.04093176 0.03783385
0.03812777 0.03595619 0.04426937 0.04037236 0.04084245
0.04273828 0.03894824
