0.03783683 0.0257252 0.03448694 0.03681755 0.04497724
0.04473329 0.03930027 0.0381033 0.03600618 0.04142097
0.03520083 0.03514379 0.0467051 0.03916265 0.04049955
0.04444696 0.03842205 0.03867009 0.04459708 0.03347367
0.03920806 0.03966467 0.04056547 0.03623561 0.03356242
0.03836741 0.03815478 0.03435031 0.03851378 0.04086624
0.0397203 0.04279243 0.03476011 0.03847962 0.05417849
0.03724208 0.04169374 0.03492327 0.03483543 0.03670635
0.03454448 0.03731974 0.04527074 0.03659926 0.04074912
0.04268719 0.03698615 0.04263143 0.04493395 0.03711735
0.03379316 0.04664695 0.04249329 0.03803026 0.03977725
0.03697744 0.0393572 0.03711269 0.04484157 0.0321517
0.03627005 0.03747125 0.04248986 0.0361905 0.04022542
0.03817427 0.04017617 0.03243228 0.03813296 0.03894934
0.0319683 0.03527424 0.04157955 0.03446581 0.03739403
0.04250046 0.0394116 0.04133354 0.03634356 0.03823292
0.04384835 0.04145516 0.0364315 0.03862934 0.0365582
0.03908496 0.04078991 0.03882143 0.03845927 0.04110795
0.0355928 0.04962096 0.05087452 0.03841827 0.03636955
0.03864149 0.04555083 0.04005093 0.03107561 0.03661555
0.04354524 0.03224634 0.04146485 0.03433298 0.03836375
0.03454728 0.03932246 0.04242087 0.03489394 0.03787693
0.04192601 0.03545903 0.04076259 0.03724091 0.03569988
0.04193057 0.03545278 0.03638782 0.03875586 0.03598028
0.03631379 0.04329804 0.03835251 0.03963861 0.04046944
0.03877864 0.03637588 0.03881436 0.03643511 0.04096528
0.03767068 0.04031937 0.02958556 0.03480308 0.04704823
0.03805073 0.03202378 0.02993895 0.04005146 0.03744201
0.04153972 0.03923787 0.03462697 0.03680224 0.03322767
0.03860261 0.03841671 0.04001446 0.03870043 0.03674584
0.03668204 0.04736367 0.04003385 0.03913487 0.03269889
0.03888266 0.04128793 0.03718568 0.03913579 0.04170748
0.03773952 0.03743951 0.03904078 0.03689362 0.03947229
0.03624467 0.04111291 0.04177363 0.04016753 0.04160087
0.0393199 0.04038396 0.03653877 0.04111878 0.03709891
0.04022433 0.0325539 0.04554339 0.03871225 0.04108313
0.03403287 0.0373525 0.03930622 0.03901655 0.03602634
0.02945859 0.03923328 0.03473403 0.04238697 0.03566339
0.05205593 0.03629568 0.03429221 0.03854352 0.04239958
0.03749729 0.04425354 0.04001256 0.04106554 0.04214223
0.04244369 0.04484189
