0.03754794 0.02646082 0.0427178 0.03713358 0.03533799
0.03947377 0.03928485 0.04034809 0.03878937 0.03793612
0.03493401 0.03821068 0.04072719 0.03834833 0.04109892
0.0409539 0.03818515 0.04424417 0.03982964 0.03330672
0.03779749 0.03922 0.03951069 0.03941037 0.03621149
0.04291621 0.0388926 0.04123616 0.0409965 0.03820306
0.03585239 0.03516822 0.03970707 0.03413692 0.04402299
0.04006673 0.03838474 0.04044153 0.03634738 0.04022575
0.04375098 0.04106843 0.05003845 0.03760613 0.03715694
0.04041946 0.03776081 0.04257148 0.03308764 0.03819368
0.0392705 0.04032486 0.03795455 0.03499419 0.03880493
0.03673518 0.0329055 0.04142013 0.03908821 0.03567376
0.03837971 0.04341414 0.03990773 0.03838716 0.04260685
0.03610626 0.04079188 0.03315707 0.03537365 0.03896007
0.04203507 0.03332395 0.03185735 0.04063679 0.03498841
0.03646684 0.03845368 0.03475229 0.03613386 0.0374111
0.03765046 0.03922241 0.03797055 0.03321198 0.03896854
0.03629524 0.03301162 0.03290593 0.03789268 0.03988562
0.03949133 0.03799067 0.03605076 0.03325373 0.03796404
0.03712793 0.04122326 0.03558035 0.03824499 0.03651922
0.03939422 0.03323198 0.03793098 0.03426482 0.03479702
0.0403663 0.03947954 0.03566821 0.03668759 0.03861541
0.03966763 0.03362824 0.03733226 0.03960051 0.0367818
0.04070098 0.0386003 0.03921726 0.03759739 0.04845926
0.04077306 0.03529705 0.04083169 0.03807337 0.03952307
0.03920146 0.03861014 0.03576411 0.04173273 0.04169743
0.03879602 0.04233426 0.04072028 0.03790533 0.03949278
0.03818248 0.04268442 0.03941241 0.04187161 0.03565391
0.03483843 0.03820455 0.04127384 0.03532266 0.03725082
0.03662542 0.03781262 0.03937666 0.03747567 0.0385056
0.03812548 0.04093441 0.03565635 0.03819269 0.03877728
0.03766116 0.03915013 0.03941742 0.03262086 0.03860538
0.0420679 0.03811391 0.03913886 0.03401894 0.0374419
0.03437499 0.03409766 0.03790877 0.03706033 0.03711908
0.03856726 0.03621644 0.03653779 0.03828868 0.03799393
0.03581806 0.04117165 0.03641861 0.03867443 0.03521966
0.02918562 0.03690843 0.04403484 0.04051827 0.03773652
0.04077107 0.03803908 0.03969211 0.03898635 0.03842012
0.03890484 0.04222672 0.03849461 0.03337372 0.04451196
0.03419943 0.04112816 0.04131688 0.03964116 0.03792915
0.04013387 0.03883119
