0.03563358 0.02410327 0.03043017 0.03918572 0.03677749
0.03425491 0.03335242 0.03281691 0.03418224 0.03983936
0.03588374 0.03974181 0.03551101 0.03402124 0.03446399
0.03319842 0.04291517 0.03825392 0.03036902 0.04086102
0.03611651 0.03478184 0.04154489 0.03341869 0.03176314
0.03710875 0.04148881 0.04031191 0.03104167 0.03634836
0.03194525 0.03703176 0.03402277 0.04017076 0.03494275
0.04064693 0.03686697 0.03653538 0.03415839 0.0336016
0.03932082 0.03982468 0.03221108 0.03871087 0.03373048
0.03400584 0.03751952 0.03295958 0.03317884 0.03716932
0.04124296 0.03035314 0.03806226 0.03406084 0.04097167
0.03718296 0.03683848 0.04137308 0.03944684 0.03527835
0.03761956 0.03804773 0.03900109 0.03682916 0.03772065
0.03716647 0.04012634 0.03669921 0.03443521 0.04079614
0.0404611 0.0352327 0.03985167 0.03464576 0.03973862
0.03350822 0.03677982 0.03374782 0.03703373 0.03778008
0.03938737 0.03682967 0.03545228 0.03663667 0.0483174
0.03825609 0.03501443 0.03418979 0.03056209 0.03562099
0.03542725 0.03264957 0.04534012 0.03555604 0.03176068
0.04106374 0.04035513 0.03588365 0.03434105 0.03370737
0.03910248 0.03992834 0.03557626 0.02888662 0.03063188
0.0392415 0.03422143 0.03162106 0.03537778 0.04124903
0.03607586 0.03908385 0.03708314 0.03356742 0.03316026
0.0320264 0.03761672 0.03667999 0.03324594 0.04027601
0.03879264 0.03338925 0.03443321 0.03383298 0.03696876
0.03852612 0.03447384 0.03912944 0.03801146 0.03099263
0.03789065 0.03555624 0.03645831 0.0384782 0.03933284
0.03257571 0.03504367 0.03361313 0.03915594 0.03321451
0.03259826 0.03633226 0.03884106 0.03210725 0.03682028
0.03753126 0.03473706 0.04017173 0.03554179 0.03183811
0.0360936 0.03427802 0.03491263 0.04066289 0.03556586
0.03408132 0.03845012 0.03673314 0.02942479 0.03806624
0.03818945 0.03447394 0.03260167 0.03944224 0.03080461
0.03378233 0.03944684 0.0391366 0.03766389 0.03596974
0.03634962 0.03582395 0.03789308 0.03440087 0.03981029
0.03782619 0.03376897 0.03248358 0.03724038 0.03287122
0.03389009 0.03884499 0.04405791 0.03042168 0.04262354
0.0305916 0.04088834 0.03374656 0.03444958 0.0386848
0.03640291 0.03223594 0.02873875 0.03331297 0.03610651
0.04129171 0.03742412 0.03455063 0.03719594 0.03996686
0.03438189 0.03528828
