0.03937538 0.02650224 0.03571582 0.04154967 0.04071809
0.03613678 0.03962753 0.04159897 0.03590834 0.03707861
0.04384269 0.03547239 0.03862429 0.03528061 0.03999636
0.03834044 0.03874049 0.03637109 0.03613353 0.0396973
0.03956948 0.03809911 0.0438973 0.03774126 0.04030731
0.04272336 0.03686573 0.03920705 0.04067775 0.04001088
0.04003059 0.04356642 0.045553 0.03822133 0.03822317
0.04148091 0.0344287 0.03527758 0.04294261 0.03457641
0.03556238 0.03913429 0.04013801 0.04268397 0.04134048
0.04077589 0.04127331 0.03524526 0.03623746 0.03958257
0.03668097 0.04455819 0.03686868 0.03890456 0.03538801
0.03822959 0.04085996 0.03693071 0.03879185 0.03669106
0.03636676 0.0342383 0.03921205 0.0354095 0.02999497
0.03875666 0.044296 0.03920032 0.04182617 0.04040449
0.03716992 0.03877109 0.04336454 0.03611597 0.03544437
0.03255124 0.04152568 0.04065464 0.04011395 0.03827648
0.03940537 0.03979133 0.03795058 0.04161205 0.0412553
0.03488789 0.03555432 0.0392653 0.04313657 0.04047221
0.04044858 0.03392518 0.03431248 0.03583269 0.03109176
0.03612111 0.03809421 0.0415457 0.0405324 0.03890462
0.03432539 0.03679175 0.0396584 0.03863628 0.03961774
0.03445606 0.04737524 0.04307501 0.03707967 0.03739704
0.04155377 0.03855167 0.04005126 0.0398531 0.03823211
0.03750871 0.04671808 0.03953554 0.04505704 0.04233107
0.04028128 0.03798355 0.04084987 0.03677647 0.04538859
0.04032663 0.0399063 0.04200336 0.03494617 0.04024178
0.03833192 0.04040842 0.03875456 0.03697118 0.03676942
0.04191265 0.03384345 0.03608849 0.04580466 0.03458986
0.04149551 0.04457251 0.03678954 0.03506208 0.04059901
0.03533143 0.03687338 0.03331681 0.03610793 0.03564752
0.03492466 0.04082758 0.04343518 0.03970074 0.03455782
0.04331033 0.04042077 0.03917986 0.03512771 0.03450663
0.03912824 0.0449356 0.03809183 0.04480594 0.03967007
0.03807571 0.04105015 0.0396881 0.03631395 0.04132442
0.03880977 0.03889058 0.03490691 0.0397959 0.03968364
0.03948425 0.03729854 0.03631102 0.03651827 0.03669366
0.03565205 0.03661529 0.03641317 0.03679964 0.04147833
0.0411408 0.03562358 0.0384747 0.03684768 0.03560315
0.04690038 0.03609899 0.04442369 0.04140534 0.03543187
0.04359258 0.03483314 0.0381373 0.03746764 0.03508894
0.04170352 0.03724034
