0.04055538 0.02636576 0.04500634 0.03750412 0.03662397
0.04110595 0.04051243 0.03723012 0.04189573 0.03855348
0.0427201 0.05240853 0.03083362 0.05042504 0.04788667
0.04332718 0.04749679 0.04182316 0.04823714 0.0392353
0.04012108 0.04760116 0.04899178 0.03916481 0.04173443
0.04729148 0.03699519 0.04262207 0.04029379 0.04214639
0.03296106 0.03688712 0.04814835 0.04237545 0.04152191
0.04195528 0.04613245 0.03414777 0.04045248 0.03913565
0.05728021 0.04658541 0.0377363 0.0441013 0.03716661
0.04073042 0.03885942 0.04067539 0.03460963 0.04056419
0.03915786 0.04997715 0.03979986 0.04799151 0.04140096
0.04477032 0.03891202 0.04119226 0.03967477 0.03590846
0.0449695 0.04227857 0.03611777 0.03703936 0.04244525
0.04358463 0.04166685 0.03830433 0.03737758 0.03649206
0.03735013 0.04058553 0.04126401 0.03768867 0.03961227
0.03864307 0.04809605 0.04304164 0.03806408 0.03539112
0.03539033 0.04330021 0.04313893 0.04575888 0.03979826
0.04666323 0.05053066 0.04350553 0.04915947 0.03563291
0.0337847 0.04475456 0.04675472 0.04002805 0.03539325
0.04314944 0.03885728 0.03991178 0.04287268 0.04970465
0.03547598 0.03644544 0.03717645 0.05007293 0.03817931
0.04076 0.04425624 0.05092725 0.04257452 0.03562635
0.05384924 0.04608155 0.04455426 0.04360813 0.02841292
0.04219514 0.04313365 0.03972199 0.04223934 0.04152008
0.04264725 0.03870571 0.04591836 0.04686605 0.03118306
0.04305906 0.03447098 0.04090791 0.0408925 0.03959451
0.04381656 0.04100474 0.0429384 0.0478519 0.0426652
0.04154859 0.04021232 0.04027238 0.03947702 0.04547532
0.03962167 0.04640687 0.04280364 0.04204398 0.04478927
0.03774284 0.05265821 0.03946988 0.04677767 0.0384078
0.03775546 0.04634082 0.04620897 0.05259437 0.04514939
0.03950978 0.04918775 0.04501711 0.03859945 0.0405987
0.04183986 0.04180861 0.051052 0.03674162 0.04174579
0.03795404 0.04053181 0.04291491 0.03997938 0.03872288
0.04020015 0.03717652 0.05151961 0.03788598 0.03540254
0.0370456 0.04203068 0.04536874 0.03179111 0.03480205
0.03668016 0.041084 0.04337973 0.04996049 0.03867739
0.0443632 0.04252187 0.03819626 0.0442477 0.04071749
0.03945526 0.0421738 0.04403132 0.03636863 0.04334045
0.03010668 0.04900776 0.04058302 0.03880077 0.03922195
0.04576056 0.0478514
