0.04085954 0.02744468 0.04347826 0.03719939 0.03884787
0.04523192 0.03971379 0.03885846 0.04149817 0.04180317
0.03640874 0.0346561 0.03957537 0.03968046 0.04019061
0.04008655 0.03732391 0.04163724 0.03617021 0.03997053
0.03776627 0.04260567 0.0360475 0.03789459 0.04072731
0.03650062 0.04048837 0.03611343 0.04276796 0.03870505
0.0400536 0.03802027 0.03274019 0.03444488 0.04494757
0.03590404 0.0389657 0.03947367 0.04107495 0.04079158
0.03896566 0.0368917 0.03954609 0.03844605 0.03322635
0.04058071 0.04221971 0.0404842 0.0385465 0.0380821
0.0368959 0.03897431 0.04289692 0.03464408 0.032166
0.03881497 0.03941086 0.04014851 0.03987623 0.03086096
0.03799619 0.03973165 0.04057752 0.02742276 0.03628622
0.02622186 0.03982956 0.04814742 0.04004424 0.03351468
0.03964735 0.03994235 0.04219022 0.04101351 0.04271383
0.04049399 0.04000762 0.04296452 0.04088432 0.03551872
0.04075022 0.04438955 0.0404277 0.04022818 0.03914074
0.0438006 0.03569641 0.03301302 0.03896138 0.03439269
0.04353856 0.03809307 0.0410367 0.03685691 0.0478612
0.03806206 0.03823672 0.04018597 0.03546774 0.03817653
0.04019331 0.03784018 0.04118916 0.04122967 0.03110386
0.03830406 0.03162684 0.04273074 0.04086974 0.04205408
0.04088484 0.03544222 0.03065727 0.03776135 0.04540763
0.03733803 0.04137308 0.03794293 0.03548198 0.04675086
0.04082485 0.03903615 0.03875462 0.03139647 0.02729653
0.03692066 0.03559538 0.03200245 0.04238139 0.03807382
0.04347194 0.03628297 0.04285512 0.03700226 0.03981592
0.02882284 0.04139238 0.03529419 0.04234253 0.03701188
0.03372824 0.03641986 0.04068029 0.03850165 0.03859947
0.04035135 0.04025333 0.03686647 0.03670352 0.03926797
0.03315339 0.03853561 0.039102 0.04123536 0.03949279
0.04128772 0.04225489 0.03617936 0.04458059 0.03734562
0.03717903 0.03351215 0.03518385 0.04111178 0.03600326
0.03906153 0.03945683 0.04025127 0.03369383 0.03815726
0.0333808 0.03388321 0.04009728 0.04090259 0.03851763
0.03794578 0.03806083 0.0319466 0.04210984 0.03862997
0.03837115 0.03841486 0.03148327 0.02512965 0.03675002
0.03135104 0.03981948 0.03414252 0.04125278 0.04063156
0.04123584 0.03850923 0.03768472 0.04014425 0.0406832
0.03911435 0.04334347 0.04291933 0.03779461 0.03900577
0.03950006 0.03623378
