0.03924533 0.02664964 0.03856609 0.04325149 0.03911591
0.04121127 0.03960463 0.04032203 0.04302343 0.04489887
0.04497654 0.03939405 0.03698224 0.0401776 0.03773576
0.03605968 0.03312682 0.03967385 0.04370143 0.03969248
0.04198096 0.03863629 0.03853918 0.04344892 0.03861894
0.0427101 0.04062122 0.03537598 0.04546289 0.03951445
0.04274736 0.04075262 0.0395696 0.03890108 0.04055616
0.03863156 0.04185491 0.04356738 0.0388018 0.03976775
0.03786578 0.03564438 0.04007498 0.03645788 0.0383132
0.03851603 0.03845479 0.04137943 0.03348199 0.04290966
0.03684549 0.04557898 0.03870858 0.04098099 0.04348538
0.04199818 0.04641798 0.04216356 0.04090042 0.03736743
0.0340725 0.03977231 0.04384958 0.04118914 0.04097218
0.04017257 0.03981964 0.04245168 0.03928326 0.04103214
0.04680886 0.03721122 0.03580796 0.04077388 0.04085627
0.03711791 0.03667469 0.03673378 0.03947929 0.03978259
0.03926962 0.04154536 0.03801979 0.03553807 0.03729266
0.04025576 0.04600624 0.04442766 0.03666948 0.03697617
0.03892937 0.03924878 0.03739858 0.03399203 0.0435208
0.03771625 0.03987108 0.03900184 0.03392936 0.04234113
0.04491617 0.03761575 0.03782842 0.03747912 0.04133505
0.04290577 0.039122 0.03747373 0.04021202 0.04391136
0.03752891 0.04017518 0.03846198 0.0404925 0.03926265
0.04140668 0.03646815 0.03761423 0.0485389 0.04135029
0.03900581 0.03816685 0.04122079 0.04318641 0.05382261
0.0414136 0.04372664 0.03785472 0.03730739 0.04435994
0.045623 0.0396976 0.04098378 0.03985545 0.03720048
0.0376945 0.04143736 0.0496224 0.04585359 0.04225591
0.0420556 0.03895018 0.0427739 0.04061915 0.03724724
0.03937127 0.04211969 0.04802241 0.03840758 0.03977535
0.03792473 0.03624918 0.03691544 0.04106942 0.03770354
0.03446234 0.04171728 0.03939009 0.04088669 0.03831394
0.04063051 0.04095535 0.03614459 0.03749089 0.03721681
0.0382034 0.03655762 0.03720926 0.03910691 0.03163067
0.04713816 0.04002767 0.04489657 0.03779935 0.03937043
0.03546421 0.04223633 0.03822553 0.03997135 0.04282582
0.05504054 0.04175162 0.04236231 0.04037294 0.04345993
0.04018661 0.04281538 0.03524281 0.03794095 0.03372299
0.03971698 0.04228286 0.04235436 0.03984249 0.03897804
0.04026502 0.03978551 0.0422038 0.03821076 0.03649248
0.04716577 0.03830269
