0.04037469 0.02839347 0.04726334 0.0393243 0.04218339
0.0438005 0.04827332 0.0381103 0.03842636 0.0391204
0.03873408 0.03650582 0.04557428 0.04048823 0.04241344
0.04474849 0.0448502 0.04165093 0.04292637 0.04083729
0.04354659 0.03721789 0.03520236 0.04031971 0.04414555
0.0401131 0.0335516 0.04296049 0.04116625 0.04152167
0.03983892 0.04927552 0.0401402 0.03656272 0.03943239
0.0394156 0.04250146 0.03940915 0.04438813 0.0444213
0.04078109 0.04247637 0.03373785 0.04822719 0.04225901
0.04252149 0.04204616 0.04222312 0.04308221 0.04042758
0.03549418 0.04469843 0.04052219 0.04205722 0.03725392
0.04334453 0.04414094 0.03688976 0.04169374 0.03917362
0.04795013 0.03766785 0.03706295 0.04081182 0.04193608
0.03982573 0.03854834 0.04040046 0.03451037 0.04576195
0.04076888 0.03954596 0.03815187 0.03600212 0.03672016
0.04572105 0.03778292 0.03658433 0.04522476 0.04008607
0.04086831 0.04250607 0.0475204 0.03595305 0.04120938
0.03466864 0.04443302 0.03932312 0.04471319 0.04730894
0.04541159 0.03349076 0.04655624 0.04312744 0.03946026
0.045685 0.03935753 0.03931412 0.04134952 0.04074928
0.03931527 0.04310857 0.04566605 0.04227364 0.03629444
0.04706254 0.03878785 0.04408254 0.03837561 0.03610116
0.03829994 0.04584095 0.04186124 0.0425607 0.04129538
0.03805125 0.03612948 0.04400231 0.03685841 0.04190058
0.03718027 0.04332308 0.04531772 0.04106127 0.03805134
0.04110447 0.04092349 0.04016899 0.0449012 0.04021763
0.04640296 0.04178453 0.0475919 0.03902919 0.04347378
0.04134685 0.04211493 0.0416079 0.0409375 0.03929593
0.04008959 0.04159271 0.03990509 0.04611181 0.04409521
0.03765809 0.04135909 0.04679229 0.03702161 0.03889472
0.0499081 0.04194122 0.03640343 0.03928052 0.04408582
0.03908969 0.03564603 0.04058123 0.04116514 0.04153419
0.0408267 0.03889636 0.04146823 0.04029561 0.04181811
0.0394836 0.03926276 0.03706682 0.03853397 0.04018223
0.03792429 0.03997984 0.03823233 0.04510646 0.04008294
0.0409888 0.04239457 0.04244476 0.03884667 0.04020233
0.04446258 0.04245143 0.03966168 0.0402542 0.03714474
0.03824065 0.04164901 0.03836783 0.04028387 0.04566905
0.03700951 0.03774351 0.04454164 0.04357401 0.03958947
0.04242324 0.04749632 0.04633657 0.04039245 0.0424655
0.04228609 0.04146558
