0.04178809 0.0284543 0.03621577 0.04222962 0.03576807
0.04139496 0.04398341 0.03798115 0.04192653 0.04407546
0.04189868 0.04505796 0.04253174 0.04341546 0.03787096
0.04191795 0.04422065 0.04592299 0.04159575 0.04420434
0.04515647 0.04467208 0.04156668 0.04409626 0.03672447
0.04312773 0.0391103 0.04087322 0.0443562 0.04362779
0.04527444 0.04642633 0.05358492 0.03643645 0.03852307
0.03943487 0.03843255 0.04085438 0.04844469 0.03863994
0.04437751 0.04277644 0.04210047 0.04516237 0.04570913
0.04160627 0.04151346 0.03610932 0.03942228 0.04036758
0.04474082 0.03693366 0.04379889 0.04256171 0.04588333
0.04128418 0.03857224 0.04084446 0.03881874 0.03972289
0.04074362 0.0382151 0.03623104 0.03938236 0.04301567
0.03448127 0.04105005 0.04676856 0.03968386 0.04026781
0.04173689 0.04197293 0.04487273 0.04875543 0.03931688
0.04338615 0.04239084 0.04378051 0.04171518 0.04558652
0.04386752 0.04195096 0.04023869 0.04195133 0.03459323
0.04246585 0.0424622 0.04345161 0.03670715 0.03560809
0.03811464 0.04140649 0.04275681 0.03955579 0.04027466
0.04068272 0.04119713 0.03645776 0.03840151 0.04884716
0.03775781 0.03984954 0.03733239 0.04554241 0.04262628
0.03824741 0.04376203 0.04245424 0.04570307 0.04107043
0.04216181 0.04055633 0.0398678 0.03882782 0.04123716
0.04507875 0.04407653 0.0381881 0.03826262 0.04291399
0.0399872 0.04065403 0.03932366 0.0445134 0.04083002
0.03881836 0.04390711 0.03980932 0.03992732 0.04269561
0.04144747 0.04727347 0.04359478 0.04343634 0.04473265
0.04083227 0.03950662 0.04300677 0.04230355 0.04389789
0.04459881 0.04378577 0.03917173 0.03595214 0.04712313
0.04094 0.03947166 0.0406499 0.04333934 0.04310053
0.04222742 0.03937171 0.0390194 0.0423828 0.04533549
0.04551338 0.04130023 0.03932726 0.04499313 0.04246005
0.0377832 0.03761809 0.04444621 0.03866571 0.04295866
0.04192047 0.03868899 0.03957094 0.0439907 0.04521916
0.04306516 0.04527032 0.04086072 0.04495541 0.03954489
0.04242525 0.04831028 0.04258548 0.04081543 0.04651642
0.0373043 0.04379014 0.04348171 0.04127772 0.04374246
0.04318946 0.04784033 0.03605517 0.0408942 0.03876981
0.04148833 0.04251893 0.03900429 0.04371997 0.03885218
0.0430387 0.04440026 0.03751381 0.04485392 0.04290216
0.04466028 0.04520164
