0.03927058 0.02555244 0.0492761 0.04538765 0.04271029
0.03821887 0.03928027 0.04895233 0.03680412 0.03606348
0.04013749 0.04650514 0.03920431 0.03425319 0.03792356
0.03798686 0.04084947 0.04069968 0.04196308 0.03771154
0.03931748 0.04065244 0.03864436 0.04439844 0.03703966
0.04165836 0.03368672 0.04444932 0.04360126 0.03995174
0.04211961 0.04786632 0.04702495 0.04001641 0.03743488
0.04751451 0.04805425 0.04398246 0.03453024 0.0386889
0.03884099 0.0441701 0.03268498 0.03740277 0.05410317
0.03963592 0.038336 0.04835442 0.04100545 0.03593644
0.04041448 0.04461732 0.0336471 0.03543772 0.04097809
0.04058109 0.03808915 0.03928176 0.03833225 0.03588217
0.03415592 0.04257586 0.03677225 0.03223711 0.04104151
0.04181755 0.04030807 0.03922302 0.04615133 0.04190123
0.04300735 0.04022345 0.04638951 0.04141992 0.03435578
0.03758672 0.03904698 0.03599163 0.05361474 0.03948016
0.03699632 0.03591429 0.03696508 0.04326562 0.03294704
0.04151692 0.04425953 0.04109279 0.04542576 0.03623324
0.04252616 0.04633035 0.03498673 0.04318739 0.04779548
0.04681556 0.04030209 0.04003267 0.04103787 0.03322137
0.04133831 0.0355764 0.03450556 0.03332208 0.03074774
0.04078592 0.04099715 0.05338532 0.04177084 0.04976773
0.06161809 0.03498432 0.04306024 0.03679557 0.04676183
0.04033446 0.04046432 0.04495672 0.03897558 0.04067953
0.04214588 0.0377362 0.0404347 0.03823538 0.04108093
0.03438436 0.03521685 0.04665628 0.03693298 0.03983622
0.04768189 0.03941431 0.03977688 0.04108391 0.04431167
0.03459241 0.0410376 0.03796348 0.0355906 0.0521959
0.03263417 0.03814987 0.04199671 0.0497472 0.03518129
0.03942014 0.04056319 0.03575081 0.04822963 0.04786916
0.04694531 0.04305817 0.03907356 0.04089053 0.03554772
0.04247945 0.03979173 0.0325705 0.03473982 0.05268961
0.03391664 0.04571192 0.03793087 0.03553164 0.04532277
0.04415575 0.03526825 0.03742798 0.04439515 0.04208516
0.0385801 0.04173913 0.04326229 0.03734523 0.03722398
0.03275803 0.04186422 0.03706765 0.0336422 0.03496272
0.03777899 0.03406996 0.0400123 0.04038296 0.04865347
0.04139978 0.03775828 0.04029302 0.03357243 0.03876823
0.03677387 0.04063591 0.0410748 0.0330756 0.0468139
0.03828649 0.03777808 0.04051355 0.04399692 0.04197264
0.04572606 0.0349093
