0.04674453 0.02858152 0.04689856 0.04381892 0.0452574
0.02760988 0.04178121 0.04206649 0.05244129 0.04423364
0.02839392 0.04263122 0.03078044 0.03869829 0.04253857
0.04935443 0.03051799 0.04827888 0.03961908 0.0445953
0.04301689 0.04422959 0.04857542 0.04187056 0.04637625
0.04353915 0.05095158 0.05318341 0.05328592 0.03726964
0.05360286 0.0521624 0.05100578 0.04837735 0.04368254
0.04567777 0.0480912 0.04941719 0.04059402 0.05092983
0.04596029 0.05586438 0.04572938 0.045417 0.04639809
0.04489092 0.04977442 0.04678074 0.04020271 0.04359872
0.05016261 0.050624 0.04978158 0.03481749 0.04690556
0.04294178 0.03922529 0.04552712 0.04037629 0.0485048
0.05224515 0.04694816 0.04850157 0.04644212 0.04612487
0.04130231 0.04678063 0.04783388 0.04386405 0.04520914
0.04921209 0.0504961 0.05151435 0.04725004 0.05073833
0.04436562 0.04696235 0.04421406 0.05001846 0.03959755
0.04646922 0.05417919 0.04813337 0.04978266 0.04729817
0.05174726 0.02933083 0.0480362 0.04672121 0.03887592
0.05002377 0.04238423 0.04181041 0.04826433 0.04507002
0.04843735 0.04812838 0.05055641 0.04966628 0.04807661
0.04857243 0.04603296 0.04203358 0.0493646 0.04921029
0.03831958 0.0428438 0.04336136 0.04151145 0.0409832
0.05784719 0.03264553 0.04481124 0.04371643 0.04799062
0.04685528 0.04729874 0.04800682 0.04651245 0.0487093
0.02917991 0.04910934 0.04486257 0.04611472 0.04597867
0.04553837 0.04533086 0.04503679 0.04826756 0.04418713
0.04965292 0.05160569 0.04356616 0.0406674 0.04962229
0.04326118 0.05280038 0.0432944 0.04826509 0.048833
0.04598044 0.03655141 0.03157221 0.05161052 0.04616012
0.0458223 0.04758486 0.0436693 0.04563229 0.03616206
0.05125389 0.04858945 0.03263434 0.04966234 0.04514721
0.04785144 0.04901165 0.04667776 0.0491343 0.04797103
0.04614472 0.04254123 0.04441696 0.04672257 0.0416063
0.05129755 0.04795369 0.04148799 0.04830323 0.04387266
0.04816874 0.04313853 0.04693314 0.04912126 0.04803407
0.04973635 0.04434007 0.0451477 0.0492816 0.04836397
0.049787 0.04723375 0.04654439 0.04401534 0.04084652
0.04714602 0.04517724 0.04485313 0.04226984 0.04734442
0.04641412 0.04108104 0.04982937 0.04402149 0.04216828
0.04577371 0.05109929 0.04574191 0.04709892 0.04452153
0.04719212 0.04823293
