0.03630323 0.02541899 0.04056023 0.03257668 0.05500037
0.03405217 0.04093871 0.03386935 0.03452535 0.03656813
0.03470583 0.03803009 0.03682137 0.03531864 0.03602063
0.03798219 0.04124529 0.0271886 0.03694686 0.03765769
0.03521033 0.03758676 0.03909875 0.04683342 0.04060272
0.0427816 0.04014096 0.03556673 0.03693877 0.04685104
0.03668616 0.04034751 0.0394404 0.04776351 0.0314164
0.03365918 0.0378758 0.03222164 0.03951286 0.03874336
0.03674899 0.0349327 0.03148707 0.04265874 0.03767521
0.02909213 0.04683946 0.03426433 0.04125608 0.03583866
0.0444182 0.03555594 0.03726342 0.03920623 0.03665478
0.04182203 0.03747613 0.03375225 0.04080281 0.03842046
0.03470758 0.03792392 0.03223878 0.0448384 0.03744667
0.03836469 0.04045785 0.04349847 0.0380207 0.03402975
0.03446261 0.03875469 0.03993278 0.04334662 0.03673587
0.03493653 0.04158944 0.03804293 0.0366052 0.03856777
0.03476791 0.04080182 0.03409754 0.03744839 0.03640121
0.03755493 0.03446843 0.03780275 0.03973623 0.03438622
0.03500191 0.03940983 0.04489069 0.03688278 0.03635169
0.03706158 0.03666379 0.04140069 0.03531394 0.04210397
0.04122769 0.0462383 0.03450136 0.04151392 0.03983382
0.03647938 0.04160898 0.03831884 0.03850332 0.03466014
0.03645486 0.03947604 0.03394616 0.03604123 0.03751706
0.03438661 0.03771935 0.03955166 0.03646076 0.03963869
0.02841999 0.03250534 0.03405164 0.03362161 0.03788066
0.03018713 0.0449171 0.03508356 0.04090906 0.02948913
0.03758804 0.04061905 0.03543941 0.03887852 0.03841587
0.03542521 0.04256474 0.0471973 0.03181781 0.03923865
0.03344782 0.03246848 0.03663182 0.03582954 0.03445662
0.04032198 0.04100728 0.0411856 0.03576182 0.0406708
0.03701624 0.03610792 0.03432731 0.04303013 0.0352417
0.03588339 0.03938479 0.03644296 0.04091828 0.03899697
0.03101287 0.03704643 0.03793577 0.03604857 0.04033944
0.03743026 0.03514677 0.03879642 0.03762907 0.03792358
0.03956635 0.03848816 0.04552339 0.0337632 0.03438984
0.03285692 0.02942741 0.03854039 0.03405152 0.0361584
0.03625966 0.04240228 0.04068175 0.03824252 0.03868671
0.03905843 0.03468763 0.0361789 0.03200508 0.03662785
0.03656939 0.0333781 0.03696142 0.0367192 0.03468105
0.0460297 0.0500227 0.0426662 0.02899842 0.03170933
0.03392767 0.03315201
