0.04560629 0.03084006 0.04882604 0.04854842 0.04747171
0.0446939 0.05078666 0.04743706 0.04131312 0.04172839
0.04422577 0.04584188 0.04592968 0.04544117 0.05466259
0.04620482 0.04421764 0.04779442 0.04510784 0.04895274
0.0450357 0.04825435 0.04646144 0.05034297 0.04994769
0.05406197 0.04668644 0.0434179 0.05062659 0.04532439
0.04914834 0.04543155 0.04589691 0.0448486 0.05022304
0.04781281 0.0452056 0.04895199 0.0467881 0.04093165
0.0479922 0.04630476 0.04357236 0.04393858 0.04397633
0.0541514 0.04482047 0.04673256 0.03978501 0.04566151
0.04551893 0.04376041 0.047602 0.04383382 0.04357057
0.04650416 0.05064249 0.05080389 0.04227628 0.04192234
0.04633687 0.04395461 0.04916727 0.04747989 0.05046743
0.05181473 0.04352493 0.04367889 0.04410872 0.04257201
0.04457429 0.04381295 0.05136518 0.04786809 0.04450157
0.0470947 0.04559347 0.03770561 0.04867392 0.05353889
0.05099737 0.04408554 0.04543325 0.04454987 0.04749995
0.0456932 0.04712246 0.04097507 0.04919215 0.0451024
0.04522737 0.04472918 0.04361209 0.05127286 0.04591254
0.05087403 0.04346446 0.05578501 0.04942496 0.05108771
0.04369012 0.04725106 0.04466518 0.04696899 0.04584189
0.04517097 0.04627174 0.04319639 0.04474015 0.05367636
0.04524069 0.05020369 0.04614355 0.04626483 0.04728753
0.0438378 0.04657386 0.05211215 0.05329807 0.04423886
0.04509298 0.05214422 0.04449579 0.04514429 0.04270633
0.04363712 0.04706365 0.04876377 0.0454709 0.04852735
0.04297822 0.05491046 0.04946917 0.04563978 0.04846749
0.04045339 0.0479919 0.04777571 0.04636297 0.04391088
0.04811093 0.04844717 0.048564 0.04366278 0.04453903
0.05496083 0.04648358 0.05046507 0.04717582 0.04690746
0.04960247 0.04412085 0.04651347 0.05104811 0.04708542
0.04714174 0.04344284 0.05026632 0.04432974 0.05164764
0.04136061 0.04511319 0.04049669 0.04763881 0.04732251
0.04669976 0.04941676 0.04301053 0.04900508 0.0443636
0.04641742 0.0440634 0.05103775 0.04940817 0.04985973
0.04483922 0.04517553 0.04937215 0.05083138 0.04841389
0.0510796 0.04416764 0.04871989 0.04556747 0.04427728
0.04802848 0.04744546 0.04629388 0.0512369 0.04662606
0.04373006 0.04886783 0.05271753 0.04930268 0.04352741
0.04225275 0.04750251 0.04312376 0.04904849 0.04549163
0.05050468 0.04044477
