0.03508364 0.02435206 0.0374241 0.03273319 0.03526014
0.0427329 0.03588532 0.03495289 0.04233043 0.03380766
0.03497887 0.03616618 0.03468838 0.03735108 0.0387616
0.03420324 0.03813557 0.03241923 0.03662511 0.03563233
0.03498509 0.03741494 0.03745895 0.03827019 0.03680927
0.03726498 0.03539613 0.03364496 0.042117 0.03464291
0.03533633 0.0337248 0.03031273 0.03190471 0.03943306
0.0383569 0.03710017 0.03763308 0.03816762 0.03586997
0.03465426 0.03548059 0.03413655 0.03451654 0.03314999
0.03453465 0.03847355 0.0364381 0.03068429 0.03645337
0.0361756 0.03645911 0.03067197 0.03533623 0.02964592
0.03881571 0.03983422 0.03182985 0.03774221 0.03831491
0.03660358 0.0404657 0.03853447 0.03258141 0.03261069
0.04421854 0.03257408 0.03747511 0.03509424 0.03325254
0.03216362 0.03415709 0.03735845 0.03327772 0.0426796
0.03809121 0.0375335 0.03513624 0.03608328 0.0368743
0.03899258 0.03400333 0.03676049 0.04415034 0.03424902
0.03928219 0.03600516 0.0375018 0.03571202 0.03870885
0.03530095 0.03638811 0.03399129 0.03612952 0.03598744
0.03510982 0.036538 0.03675855 0.03330855 0.0345195
0.03654767 0.03873421 0.03544371 0.03727635 0.03994549
0.03780717 0.04139402 0.04207778 0.03346151 0.03318907
0.03435658 0.03466808 0.02887464 0.03615222 0.03730461
0.03995254 0.03416661 0.04192216 0.03136125 0.03670655
0.03684761 0.03943083 0.03706659 0.03981035 0.04153029
0.04032912 0.03388416 0.03743177 0.03959522 0.03564274
0.03434776 0.03200197 0.0373551 0.03869744 0.03190202
0.03173919 0.03225574 0.03529729 0.03905812 0.03600471
0.03637283 0.03349373 0.03642085 0.04277922 0.03270291
0.03235638 0.03108486 0.03036826 0.03831955 0.03263871
0.03225065 0.03636385 0.03741941 0.03983444 0.03197657
0.03775628 0.03430677 0.03367651 0.03557318 0.03590068
0.0372112 0.04038724 0.03602686 0.03529903 0.03104664
0.03484732 0.03412289 0.03549243 0.03715634 0.03787346
0.04598238 0.02890308 0.0323137 0.03506329 0.0410962
0.03847157 0.03511528 0.03568808 0.03779403 0.03419818
0.03340833 0.03047651 0.033149 0.03684033 0.03281257
0.03794653 0.04122634 0.03817284 0.03501514 0.03749141
0.0359605 0.0399174 0.03712366 0.03659024 0.03704029
0.03288097 0.0365787 0.03723177 0.03507868 0.03212607
0.03986435 0.03394733
