0.03760352 0.02623383 0.03949152 0.03884004 0.03509252
0.03833403 0.03405782 0.03058239 0.0398617 0.04137632
0.03813374 0.0313111 0.03330858 0.03723491 0.03405509
0.04201319 0.03426371 0.04123729 0.03986708 0.03912072
0.04106501 0.0394102 0.0397632 0.03803053 0.03515569
0.03670523 0.039421 0.03981791 0.03835378 0.03997316
0.03924947 0.03656223 0.03887543 0.0313201 0.03951439
0.03706661 0.03893666 0.04306282 0.03991999 0.0410419
0.03764711 0.03574794 0.0388065 0.03538437 0.04226105
0.04205222 0.03714653 0.03481103 0.03383105 0.03591451
0.03661631 0.0364557 0.03622734 0.03527836 0.03846706
0.04023414 0.03493746 0.03839472 0.03885988 0.03783948
0.03835728 0.03399533 0.03361435 0.03691203 0.03663256
0.03548005 0.03317205 0.03880025 0.03404755 0.03669047
0.0395764 0.03773107 0.03691645 0.03359844 0.03490304
0.03869853 0.03769377 0.03415593 0.03751752 0.03355318
0.03568835 0.04048121 0.04111911 0.03112227 0.03718787
0.03203256 0.04255899 0.04222068 0.03674379 0.03628974
0.03917727 0.03768974 0.03489281 0.03903527 0.0376605
0.03545827 0.0369238 0.03784526 0.04122 0.03801647
0.03439356 0.04098834 0.03752338 0.04375499 0.03504398
0.03551738 0.03895887 0.03592968 0.03791441 0.03332085
0.03335806 0.04346155 0.03697097 0.03964787 0.03663561
0.03658985 0.03698842 0.03663856 0.03606627 0.03433178
0.03918047 0.03524318 0.03523735 0.03487835 0.03866028
0.03649856 0.03820936 0.03843781 0.03801356 0.03537212
0.03720307 0.04501215 0.03742668 0.03849315 0.03893349
0.03784838 0.03750162 0.03360737 0.03864143 0.0369271
0.03657676 0.03550308 0.03346972 0.03562379 0.03813412
0.04080728 0.03185175 0.04016691 0.03785752 0.03734034
0.0369642 0.03831427 0.03857383 0.03709907 0.03799554
0.03335932 0.04530532 0.04476573 0.03258778 0.03846045
0.03883664 0.03760652 0.03492618 0.03090593 0.03402964
0.03675469 0.03313932 0.03731786 0.03667754 0.0369716
0.03788172 0.03919323 0.03716919 0.03938044 0.03422651
0.03789179 0.03858017 0.0403062 0.03659203 0.03674214
0.03542125 0.03794063 0.03971678 0.03834643 0.03954726
0.03582546 0.04088875 0.04498692 0.03882085 0.03802938
0.04018442 0.04253965 0.03832297 0.03816481 0.03672931
0.03881528 0.04243493 0.03653133 0.04021635 0.03647701
0.03180481 0.03317025
