0.04046758 0.02731351 0.0375292 0.04316066 0.03694293
0.04128389 0.03623589 0.03964574 0.0422402 0.04366777
0.0353273 0.03570504 0.03472359 0.04345974 0.04526017
0.0458833 0.03400006 0.0404886 0.05012199 0.041329
0.03786431 0.0428517 0.04392446 0.04190983 0.03878903
0.04341448 0.04078294 0.0477842 0.04686274 0.04312135
0.03640906 0.04593772 0.04316691 0.04407308 0.05438573
0.04198775 0.04150956 0.0349682 0.03783035 0.04264466
0.04209644 0.03870605 0.04582141 0.04289896 0.03837487
0.03961439 0.03913921 0.04519339 0.03993073 0.04109037
0.04379566 0.04287582 0.04076958 0.04432022 0.0378913
0.03864839 0.03747065 0.04010348 0.04274577 0.0424137
0.03903526 0.0406786 0.04665231 0.04113838 0.04095451
0.0438234 0.04253002 0.03902694 0.03803231 0.04524015
0.04315778 0.04484462 0.04097398 0.04167633 0.04101786
0.04481742 0.03616921 0.04178939 0.04361556 0.03820043
0.03990055 0.03872074 0.0425903 0.03859584 0.04846258
0.04222875 0.03804379 0.03712753 0.04690972 0.04261689
0.03974993 0.04371249 0.04039122 0.03728829 0.03945254
0.03841489 0.03953349 0.04004909 0.04114916 0.04004033
0.04336114 0.04107453 0.0434484 0.04482509 0.04401505
0.0368247 0.0439441 0.03614951 0.03983169 0.04095041
0.03979137 0.03992209 0.03983549 0.0442335 0.03756715
0.04524413 0.04772962 0.04324975 0.04189636 0.03945139
0.04085582 0.03815928 0.03724366 0.03726962 0.04166663
0.03824483 0.03620796 0.04822592 0.04218823 0.05073352
0.04316803 0.03940064 0.03946158 0.04308072 0.04262582
0.03941249 0.04697943 0.04417478 0.04001417 0.04355455
0.03722353 0.04530003 0.03713594 0.04339649 0.03937634
0.04086606 0.03992608 0.038857 0.0349676 0.04028558
0.04775744 0.03959468 0.0392309 0.04453985 0.03997075
0.0411985 0.0445742 0.04579589 0.04456673 0.04568729
0.03832264 0.0405327 0.0377414 0.03918396 0.03847547
0.03621218 0.04628987 0.04320467 0.04245777 0.0417096
0.03788665 0.03762511 0.03771981 0.04391117 0.04073144
0.04074162 0.04068513 0.0353756 0.04277299 0.03708709
0.04161071 0.03601613 0.04019168 0.03488739 0.042033
0.0338664 0.04318493 0.03878291 0.03702122 0.04063156
0.04169473 0.04476629 0.04089397 0.04437552 0.03817833
0.04137917 0.04507337 0.03949353 0.03614267 0.04211116
0.03832833 0.04244148
