0.04050541 0.02802334 0.04319494 0.03660791 0.0404685
0.03964542 0.0398668 0.04190826 0.04197999 0.03816628
0.04364857 0.04176987 0.03993863 0.03865961 0.04130494
0.04331469 0.03564966 0.04224404 0.04345347 0.04494925
0.04161832 0.04109102 0.03852566 0.04299739 0.03414756
0.03760429 0.03968768 0.04032518 0.03487173 0.04317484
0.04230409 0.0409418 0.0379498 0.04225649 0.04616608
0.03698187 0.04147799 0.03340403 0.04036509 0.03703544
0.03957144 0.03967834 0.03688343 0.04728254 0.03705402
0.04141328 0.04125557 0.04289431 0.04138818 0.04652672
0.03469922 0.04101751 0.03792164 0.04177233 0.03812241
0.03542069 0.04066796 0.04079987 0.04445574 0.03847914
0.0369375 0.03853971 0.03441862 0.0348644 0.03974056
0.04005213 0.04278117 0.04208129 0.03388346 0.03879902
0.04026879 0.0442196 0.04345826 0.04353394 0.04013185
0.04632952 0.03789494 0.03877019 0.03695098 0.03718589
0.04063192 0.0434006 0.04094896 0.04130933 0.0371087
0.03619194 0.04099748 0.04533331 0.03966254 0.0371286
0.03333921 0.04015964 0.03713596 0.04017902 0.0377348
0.04069904 0.03699645 0.0418628 0.04614881 0.03627621
0.03839224 0.03933097 0.03616193 0.04135854 0.04280461
0.0408293 0.03885608 0.03841937 0.03857886 0.04087374
0.04023218 0.04146813 0.03890975 0.03825061 0.03961027
0.03960105 0.0393642 0.04522225 0.0390795 0.0393747
0.0391997 0.04113148 0.04432918 0.03968354 0.04230341
0.03835251 0.03576341 0.03657978 0.03715139 0.04389647
0.04012271 0.03939409 0.03913896 0.04182313 0.03979279
0.03952552 0.03943225 0.0400201 0.036375 0.04000569
0.03469992 0.03577624 0.04120208 0.04096814 0.03868057
0.0386857 0.04114471 0.0401879 0.04005933 0.03587405
0.03241352 0.03475355 0.04043282 0.04135628 0.04285316
0.04347445 0.03797733 0.03469605 0.03732482 0.04361224
0.04223525 0.04059285 0.03981988 0.0411884 0.04291144
0.03965369 0.04323986 0.03903962 0.03724198 0.04293266
0.04318442 0.04068847 0.04061535 0.04506089 0.03421443
0.03864117 0.04032439 0.03972417 0.03920686 0.04350034
0.040422 0.04297747 0.04089457 0.03422845 0.03806076
0.04680337 0.04241623 0.04154733 0.03893615 0.04083688
0.04430679 0.0446894 0.03638797 0.03639159 0.04113046
0.03970466 0.03873229 0.03767519 0.04098506 0.04088826
0.03843234 0.03817955
