0.04505694 0.0290491 0.05103257 0.04224522 0.05610979
0.0460478 0.04517272 0.04728794 0.03737174 0.043605
0.04490208 0.05106164 0.04891006 0.04795429 0.04599087
0.04135262 0.04515639 0.04424558 0.04035947 0.04811721
0.0446559 0.04359046 0.03955644 0.0403497 0.0482573
0.04099524 0.04197329 0.04790697 0.04362413 0.04179436
0.03560233 0.04687446 0.04373543 0.04480795 0.04373547
0.03732918 0.04051672 0.04716193 0.04346529 0.04381345
0.04336515 0.04141367 0.03689538 0.03986396 0.04414797
0.04351349 0.04292493 0.04445943 0.04508578 0.04339663
0.04275511 0.04084137 0.04331023 0.04179195 0.04166551
0.04033012 0.04783989 0.04525374 0.0415259 0.0472096
0.04733769 0.04604403 0.04125113 0.05067622 0.04917534
0.04496181 0.04482215 0.0456784 0.0440904 0.04559853
0.04875174 0.04570629 0.04804303 0.04290758 0.04128485
0.04164673 0.04689231 0.04917998 0.04599229 0.04293522
0.04404096 0.0514175 0.0415264 0.04844323 0.04432959
0.04362879 0.0450695 0.03982889 0.04422883 0.04157612
0.04528891 0.03968676 0.04197899 0.04493514 0.04172336
0.0418738 0.03844642 0.04290613 0.04473014 0.04199378
0.04636701 0.04195054 0.04085727 0.04874903 0.0506263
0.04208483 0.03939086 0.04248609 0.04420672 0.03988912
0.04707332 0.04483641 0.04048453 0.04557002 0.04147826
0.0451698 0.0419023 0.0558249 0.04593504 0.04867916
0.04202968 0.03838446 0.0448903 0.04688235 0.04093035
0.04144156 0.0420395 0.04659022 0.045685 0.04525473
0.03768837 0.04122013 0.04273178 0.04442303 0.04248534
0.04662549 0.04593 0.04878349 0.04518899 0.04444874
0.05087513 0.04397721 0.04456225 0.04449459 0.03839193
0.04819841 0.04366268 0.04740479 0.04406534 0.04439838
0.04343661 0.04086141 0.03879517 0.04853909 0.0427133
0.0452146 0.0444463 0.0420713 0.04484489 0.04212667
0.04566504 0.038531 0.05273317 0.0417307 0.04146934
0.04239603 0.04416041 0.04232418 0.04528342 0.04419431
0.04126627 0.04716231 0.04458458 0.04151284 0.04044123
0.04362563 0.04941657 0.04247894 0.04278598 0.04052646
0.0421325 0.04191874 0.04135202 0.04476079 0.04189895
0.04443462 0.05037217 0.04119666 0.04141497 0.04095318
0.04378731 0.04005765 0.04626393 0.04832565 0.04278072
0.04306866 0.04917724 0.04841377 0.04481619 0.04706844
0.04452337 0.04439643
