0.03978269 0.02478661 0.03996322 0.03093978 0.03873576
0.03298277 0.03496104 0.03414876 0.03890606 0.04258643
0.03533707 0.0419417 0.03909638 0.04390981 0.03317728
0.03694971 0.03635963 0.03720253 0.0367164 0.04240245
0.03156498 0.03365272 0.03405114 0.04445732 0.05559192
0.03533713 0.03838421 0.02706291 0.04445579 0.03775293
0.0311154 0.03408315 0.03876732 0.0340244 0.03830601
0.04959375 0.03325651 0.03662208 0.03491154 0.0393854
0.02972683 0.03370518 0.04279075 0.03157218 0.03733801
0.04800429 0.03285715 0.04252827 0.04046114 0.03648693
0.03676273 0.03837894 0.03371608 0.04070346 0.04009757
0.03545045 0.03666211 0.03081156 0.03029587 0.03503069
0.03771443 0.04042303 0.0420152 0.02775471 0.04122563
0.03821735 0.04146903 0.03595537 0.03958909 0.03415614
0.03966747 0.0449218 0.04306974 0.043676 0.03251983
0.02973373 0.04021789 0.04233861 0.02827791 0.03310132
0.03931547 0.02861813 0.04103036 0.03180155 0.03122619
0.04080502 0.0320587 0.03249411 0.0397604 0.04482866
0.03930428 0.03532923 0.04017865 0.02625972 0.02982659
0.028747 0.03171277 0.03932692 0.04223453 0.03504328
0.04393929 0.04056232 0.03442096 0.03528706 0.03251953
0.03750157 0.03851624 0.04073904 0.03190041 0.02991172
0.03787339 0.0403968 0.03620067 0.03876159 0.04177178
0.0431932 0.02896955 0.0325356 0.03491923 0.0411161
0.04050958 0.03472496 0.04613604 0.0311906 0.03728918
0.04340956 0.03534006 0.0372133 0.03707593 0.03903423
0.03314272 0.03308614 0.0385929 0.03020451 0.03677008
0.03769502 0.03635891 0.03733918 0.03403965 0.0379101
0.04068149 0.03959372 0.03125964 0.03250197 0.04304292
0.03846865 0.03623263 0.03811303 0.03511301 0.04013945
0.03953659 0.03550722 0.03578865 0.03401983 0.04154194
0.03640383 0.04042295 0.03710522 0.03709338 0.05089694
0.0390589 0.03767237 0.03498189 0.03706662 0.03280059
0.03568348 0.0357569 0.03880223 0.03312826 0.03284493
0.03790941 0.03699159 0.03520211 0.04018675 0.04185806
0.03290297 0.04164451 0.02712851 0.04159475 0.03742008
0.03878797 0.0325411 0.04158897 0.03875116 0.03502381
0.03489214 0.03388363 0.04573242 0.03243448 0.0437919
0.0323849 0.03986711 0.03354939 0.03364425 0.02947864
0.03519253 0.03328495 0.03740323 0.0374114 0.04340526
0.03248288 0.04313853
