0.04048472 0.02714192 0.03580891 0.04296399 0.03625603
0.03892254 0.03963169 0.03909276 0.04386661 0.03721614
0.047468 0.04238726 0.05127447 0.03850492 0.05157422
0.04235062 0.03818112 0.03874305 0.03940466 0.04372132
0.03993695 0.0399933 0.0425002 0.03606342 0.04389039
0.04769554 0.03702097 0.04176633 0.03729495 0.04119599
0.03918535 0.04229772 0.04316281 0.04580259 0.04256115
0.04076119 0.04605776 0.04280646 0.04957844 0.04142112
0.04451182 0.04165946 0.0404872 0.0471836 0.03869739
0.0431051 0.03756505 0.04476493 0.03538476 0.04266788
0.0347244 0.03984085 0.04404328 0.03957929 0.0441789
0.04130585 0.04270934 0.04408136 0.04543065 0.04319417
0.03636732 0.03989445 0.0424399 0.04397141 0.0427533
0.04057033 0.03919478 0.03622251 0.03839968 0.04124591
0.03988197 0.04277979 0.04311113 0.04477764 0.03519694
0.04324773 0.03821848 0.04172986 0.03963937 0.0386204
0.04321812 0.04050581 0.05128378 0.04261388 0.04237488
0.03629903 0.04363588 0.04005069 0.04216002 0.04366032
0.04209982 0.03778411 0.04012903 0.03824322 0.03789306
0.04391906 0.03796165 0.03787543 0.03912958 0.04088932
0.04447103 0.03651804 0.0394863 0.04376236 0.03923346
0.03989556 0.04175105 0.03477625 0.03692206 0.04470175
0.04207425 0.04335712 0.041669 0.04698328 0.04313528
0.04025464 0.03514768 0.03959101 0.04060739 0.04088249
0.03974824 0.03784687 0.04194028 0.04548299 0.0426426
0.04376343 0.04049285 0.04167134 0.03633669 0.03742774
0.04126224 0.03996256 0.04390355 0.03870404 0.03796784
0.04528765 0.03559679 0.03553737 0.04362233 0.04058137
0.04042298 0.03474273 0.03944797 0.04767556 0.04460491
0.04128692 0.03895888 0.04448004 0.04332537 0.03852448
0.04490302 0.0442425 0.04484834 0.04015276 0.04043465
0.04793951 0.05024524 0.03585433 0.04481191 0.04734927
0.04541388 0.04467662 0.04113768 0.04451756 0.03766566
0.04098111 0.03762081 0.04098563 0.04109157 0.04409399
0.04332943 0.03923015 0.04151737 0.04476801 0.04402722
0.03919073 0.03657484 0.03919053 0.03764489 0.04294004
0.03326964 0.04002365 0.04185574 0.04657848 0.03802877
0.03995969 0.04032124 0.04117208 0.03983513 0.04382295
0.04110636 0.03380247 0.03841491 0.04289655 0.03582734
0.04247756 0.04223523 0.04911761 0.04132662 0.0419377
0.04228534 0.04781579
