0.03978065 0.02665835 0.03565591 0.03562648 0.03931825
0.03877744 0.03685929 0.04131371 0.03665057 0.03879207
0.0368474 0.0382566 0.0393225 0.04245585 0.04220277
0.03833742 0.03892475 0.04115658 0.0423929 0.04701495
0.03907854 0.03716155 0.03742979 0.04226361 0.03943546
0.03645666 0.04441636 0.04160835 0.04080559 0.04061165
0.04225222 0.04140486 0.04302743 0.03997501 0.0390208
0.03600089 0.04246574 0.03984892 0.04355966 0.0411251
0.03821014 0.04064281 0.04877234 0.04283837 0.04566548
0.03995653 0.04025814 0.0402173 0.03791118 0.04103056
0.04023909 0.03878578 0.04217474 0.04122122 0.03478319
0.03870316 0.04263874 0.04025178 0.03612152 0.04813612
0.0384395 0.04127568 0.04245096 0.0341209 0.03751695
0.03826909 0.03903948 0.03730016 0.04072706 0.03713879
0.04461981 0.03876687 0.03809565 0.03921181 0.04024621
0.04244582 0.04107777 0.03893223 0.03629047 0.04143135
0.03540345 0.03813546 0.0388223 0.03670314 0.03804887
0.04152618 0.03888466 0.03791397 0.03545196 0.03786987
0.0348299 0.04262414 0.03951585 0.03735386 0.03858217
0.04020873 0.04053851 0.03827408 0.04044898 0.03751069
0.03686711 0.04117077 0.03767897 0.04112455 0.04302968
0.03623916 0.03671264 0.04041422 0.03534752 0.03477886
0.03801112 0.03535227 0.04042074 0.03688268 0.03937757
0.03849521 0.03954461 0.03879061 0.03817849 0.04284408
0.03803024 0.0418212 0.04186456 0.04056024 0.04305967
0.04258553 0.03815515 0.03860283 0.04000855 0.04084056
0.04250818 0.03882532 0.03831363 0.04223946 0.03780881
0.03910463 0.03768927 0.03717228 0.04226521 0.04219537
0.04035617 0.04371443 0.0459115 0.04305461 0.04220676
0.03878781 0.04186938 0.03627241 0.03525523 0.04129006
0.04327913 0.03559112 0.035622 0.03997898 0.03838018
0.0383102 0.03785306 0.03807073 0.04203085 0.04234942
0.03543058 0.04321663 0.03788332 0.04129496 0.04030239
0.03806427 0.03810418 0.04066144 0.04298423 0.04160646
0.03910744 0.04520402 0.04144989 0.04404674 0.03875265
0.04212219 0.03996646 0.03763806 0.0434472 0.03920588
0.03752942 0.03616883 0.04169173 0.04038754 0.03828512
0.03847129 0.03794771 0.04414551 0.03708526 0.04064089
0.0456475 0.0385909 0.04106976 0.04436148 0.04145843
0.03877237 0.03759013 0.04051821 0.03221022 0.03498398
0.03669109 0.03783666
