0.04147566 0.02769111 0.04400259 0.04049737 0.04384283
0.0416759 0.03972635 0.04032605 0.04149605 0.04150597
0.04572705 0.03861051 0.04733605 0.03949301 0.04988355
0.03542333 0.03686901 0.04102696 0.03956389 0.03855527
0.04597852 0.04608635 0.03978183 0.04095059 0.04043812
0.04344537 0.04194783 0.03989747 0.03738051 0.04398358
0.04253704 0.04523418 0.04199466 0.04206899 0.03868944
0.04020132 0.03808095 0.04298737 0.03888284 0.04136732
0.0427221 0.04083986 0.04562383 0.04113168 0.04173958
0.04189191 0.04273354 0.03767366 0.03518125 0.04477324
0.04462009 0.04369272 0.03882555 0.04328553 0.03740544
0.03664871 0.04123505 0.03515608 0.03796143 0.04073548
0.04197255 0.04237784 0.04330211 0.03578225 0.04098042
0.04651514 0.04023328 0.04173322 0.04323966 0.04279561
0.03806297 0.0414511 0.04585494 0.0384278 0.03791173
0.04124837 0.04374916 0.03959812 0.03836363 0.03914058
0.0402607 0.04380626 0.0432411 0.04246256 0.03917173
0.03920501 0.04524466 0.03757543 0.04095885 0.04694314
0.04355546 0.04466637 0.03431714 0.03936539 0.03953588
0.03949912 0.04126438 0.04008964 0.03951777 0.04457326
0.04012679 0.04582905 0.04535855 0.0412301 0.04221484
0.04100741 0.04197136 0.04360937 0.04296538 0.04191638
0.0456284 0.03930563 0.04204646 0.04658752 0.03893689
0.04430732 0.04113704 0.04066814 0.03867596 0.04685404
0.04314632 0.03902968 0.04029419 0.03700022 0.03877361
0.0379231 0.03483534 0.0437289 0.04275661 0.04021909
0.04592466 0.04232378 0.03933628 0.03857642 0.04107202
0.04791032 0.04174692 0.0373171 0.04591734 0.04259051
0.0425386 0.03810698 0.0363845 0.04256524 0.0398767
0.03918835 0.0417392 0.04518569 0.0476759 0.03479005
0.04530271 0.0369736 0.04014078 0.03837766 0.04752201
0.04093116 0.03954764 0.03957696 0.0429499 0.04042856
0.03859005 0.04000386 0.03981638 0.04256907 0.04049824
0.03931101 0.04141627 0.03621095 0.04175686 0.04172127
0.04141856 0.04376882 0.03675841 0.04183803 0.04117596
0.04087354 0.03887043 0.04395327 0.03689406 0.03904624
0.04461022 0.04250848 0.03887354 0.04212021 0.03958346
0.03978594 0.0413128 0.03668691 0.03959357 0.04265391
0.03967545 0.03988733 0.0408103 0.04215253 0.04344411
0.04438226 0.04218516 0.044362 0.03579568 0.04249435
0.04425713 0.04408302
