0.0445843 0.02772069 0.04050683 0.04001867 0.03358028
0.04232237 0.04037474 0.04736187 0.04547672 0.03560299
0.04445648 0.04499605 0.0336342 0.04220053 0.04378245
0.04759359 0.03999665 0.04198398 0.0504741 0.04237936
0.04283549 0.0438161 0.04316436 0.0435292 0.04397485
0.04492578 0.04461238 0.04927051 0.04047937 0.0435749
0.03731511 0.04001965 0.04241605 0.04081742 0.04377645
0.05250966 0.04452402 0.03877112 0.04655663 0.04173533
0.04457569 0.04527509 0.04489399 0.03643511 0.04471361
0.04403855 0.0426597 0.03802453 0.0419276 0.04494267
0.0508562 0.04368471 0.03971684 0.0404573 0.04606517
0.04378692 0.04388732 0.04319651 0.0439911 0.03803571
0.04395999 0.04705642 0.04257358 0.04168503 0.04203509
0.06013578 0.04385596 0.04878823 0.04771841 0.04898603
0.0493193 0.04270362 0.04837552 0.04113875 0.04422504
0.04258162 0.04225493 0.04285679 0.03851099 0.04470801
0.0475717 0.04132643 0.04144559 0.04388997 0.03865626
0.04692854 0.04395977 0.04364111 0.04713032 0.04610942
0.03405003 0.0447365 0.04534796 0.04903752 0.04484796
0.04453949 0.04393399 0.045802 0.04059593 0.04414367
0.04674615 0.04670937 0.04612382 0.03984577 0.04152646
0.04352174 0.03885488 0.04264052 0.04627388 0.04410419
0.04717659 0.04194844 0.04205412 0.03935426 0.04080442
0.04234408 0.04954023 0.04309406 0.04960963 0.04658363
0.04000655 0.04162844 0.04488246 0.03962842 0.03463982
0.03996407 0.04871138 0.03642762 0.04186047 0.04432695
0.03626831 0.04613449 0.04986272 0.04238464 0.04227009
0.03945661 0.03448017 0.03705591 0.04549163 0.04187028
0.04455016 0.04196714 0.04335925 0.04604594 0.04508129
0.04630604 0.04368354 0.04283443 0.04256643 0.03428802
0.04947622 0.03819629 0.040298 0.04227562 0.03545343
0.04394349 0.04724792 0.04527416 0.05287812 0.04286906
0.04101811 0.04576166 0.04161516 0.04333803 0.04228726
0.04200047 0.03880696 0.0464276 0.04891346 0.03796126
0.04164493 0.04183136 0.0460882 0.04450565 0.04129432
0.04462477 0.04264009 0.04304675 0.03738599 0.04771511
0.04589007 0.04786172 0.04520656 0.04375012 0.04544953
0.04390443 0.0366954 0.04393132 0.04589468 0.04422187
0.04260595 0.04228115 0.04831008 0.03797518 0.04125804
0.04337984 0.03759361 0.04863138 0.04721176 0.04419403
0.04156412 0.04526396
