0.03816326 0.02627872 0.04049558 0.0390094 0.03610112
0.03782202 0.03521274 0.03273703 0.04243603 0.03929045
0.03994676 0.02980142 0.04159089 0.03375631 0.04017485
0.03719881 0.03804458 0.03700155 0.03925441 0.04021364
0.03929695 0.03616031 0.0372986 0.04373062 0.04371284
0.03683061 0.0362152 0.03815741 0.03795777 0.03654724
0.04099978 0.0381685 0.03522687 0.03966983 0.03405649
0.04393413 0.03865168 0.03537318 0.03983952 0.03956788
0.03299361 0.04073354 0.03845173 0.04010143 0.04004541
0.03693157 0.03587007 0.03719638 0.03681429 0.04365239
0.03598987 0.03545196 0.03660575 0.03689435 0.03720092
0.03604542 0.03708497 0.0377337 0.04027128 0.03939939
0.03894664 0.03630583 0.04104773 0.04336939 0.03220017
0.03791305 0.03673054 0.04252895 0.04174052 0.04489724
0.04016196 0.03569729 0.03997424 0.03978278 0.0369359
0.03439904 0.03587806 0.03560023 0.03997233 0.03647732
0.04587317 0.04095127 0.03266886 0.03593731 0.03863233
0.03684325 0.03510142 0.03593873 0.0365658 0.03380755
0.03820247 0.03286524 0.03259061 0.03764109 0.04425014
0.03815409 0.03720481 0.03635412 0.04175956 0.03461929
0.04035306 0.03747582 0.04419465 0.03668674 0.04397359
0.03683343 0.03205404 0.0398114 0.03587764 0.03517024
0.04228642 0.04104072 0.03987711 0.03554911 0.03923954
0.03278825 0.0305256 0.04403755 0.03546541 0.037295
0.04053087 0.03739315 0.03668123 0.03122406 0.03784167
0.03847131 0.04035151 0.0387866 0.03768463 0.04022165
0.03881561 0.03961602 0.03937121 0.0361032 0.03915326
0.03616787 0.03160924 0.03587607 0.03789921 0.03774455
0.04162038 0.03874394 0.03453205 0.0372606 0.03560293
0.03530642 0.04079128 0.03739849 0.04119497 0.03889674
0.03421137 0.03916975 0.0401028 0.03801588 0.03713402
0.03220199 0.03797548 0.0405424 0.04021184 0.03980992
0.05351558 0.0321602 0.03509759 0.03916766 0.04379202
0.03956212 0.03557901 0.0321463 0.0371233 0.04059023
0.04296207 0.03571187 0.0377258 0.03464844 0.03233197
0.03952135 0.04038747 0.03685757 0.04249401 0.03668572
0.03489061 0.03820313 0.03667082 0.03762545 0.03777061
0.03397217 0.03740943 0.04175943 0.03892749 0.04018786
0.03298774 0.0402875 0.04141519 0.03696055 0.03503344
0.0410588 0.04069622 0.04060255 0.03623149 0.03740014
0.04064148 0.03965336
