0.03815986 0.02700579 0.03761679 0.03191668 0.03834583
0.04541498 0.02798677 0.0376287 0.04221841 0.04062789
0.03835384 0.03683973 0.03875683 0.0402124 0.03433665
0.04244017 0.03935043 0.04277049 0.04022184 0.03632682
0.04049238 0.0397048 0.04148037 0.03961582 0.02405559
0.03140696 0.03672904 0.03796498 0.04434675 0.0385085
0.03584339 0.0371679 0.03887733 0.03805633 0.03628025
0.03592357 0.03961188 0.03483385 0.03896098 0.03951234
0.03919793 0.03428355 0.04105374 0.03533398 0.03899859
0.03693194 0.03381625 0.03899011 0.03867421 0.04688698
0.03743604 0.03769177 0.03872986 0.04012999 0.03694562
0.03591746 0.03857659 0.04254881 0.04062154 0.04279728
0.04098574 0.0396575 0.03886625 0.03567761 0.03867325
0.04504845 0.03825869 0.04133452 0.0395252 0.03940416
0.04056954 0.04058651 0.03908738 0.03921372 0.03682041
0.03664152 0.03851064 0.03702634 0.04076568 0.03884861
0.03453902 0.04021683 0.04002226 0.04046948 0.03981667
0.0462013 0.04478465 0.04028443 0.0349653 0.0400106
0.03925942 0.03979486 0.04630012 0.04111303 0.03929747
0.03303908 0.03880805 0.03780365 0.03843544 0.03498013
0.04029277 0.03738426 0.03615346 0.0390587 0.04275753
0.03912842 0.0368849 0.03959759 0.04226555 0.03823065
0.03677817 0.03592562 0.04171366 0.03710352 0.04234429
0.03999601 0.03957341 0.03686223 0.04244224 0.03476326
0.04290558 0.03984954 0.04048766 0.03844868 0.04005102
0.03587967 0.03938659 0.04124188 0.03639695 0.04176158
0.03805377 0.03857431 0.04207022 0.03784349 0.03791525
0.0386097 0.04060126 0.04320916 0.0413418 0.03016037
0.03464376 0.04147458 0.03944924 0.03841678 0.03437701
0.04078011 0.03754633 0.03616761 0.03519285 0.03955246
0.04264983 0.03760238 0.03749616 0.03509388 0.03318197
0.03882661 0.04107716 0.04049665 0.04063125 0.03886663
0.0420387 0.0443597 0.03569792 0.03988373 0.03745025
0.04097949 0.03999492 0.0397613 0.03783191 0.03743119
0.04937488 0.03905434 0.0460291 0.04046362 0.04174619
0.03367107 0.03731072 0.03901509 0.03886549 0.03688114
0.03441598 0.03272483 0.03801241 0.04269136 0.03691619
0.03822594 0.0378853 0.03651554 0.04089098 0.03406055
0.03829401 0.04698461 0.03993906 0.03507928 0.03623087
0.03711221 0.04119845 0.04385931 0.03619254 0.03536077
0.04116548 0.04596096
