0.0438777 0.02822353 0.04128106 0.03477074 0.04149134
0.04227829 0.04359287 0.05038856 0.03798247 0.0494151
0.04401395 0.04386841 0.04053518 0.04489493 0.04674544
0.047321 0.04694482 0.04169325 0.05103241 0.04254514
0.04737957 0.04042758 0.04144511 0.0397103 0.04417593
0.03753431 0.03875934 0.04688357 0.04462685 0.0432892
0.04002021 0.0464795 0.04406526 0.05255168 0.04817025
0.04695015 0.04812448 0.04069761 0.0460776 0.04610479
0.0368302 0.04512372 0.04043997 0.04852395 0.04430594
0.04705854 0.04306518 0.04653542 0.04033055 0.0464106
0.0415387 0.04164895 0.04365821 0.04658104 0.04439645
0.04382876 0.04358335 0.04373811 0.04224977 0.04015108
0.04539286 0.04134034 0.04363577 0.04321811 0.04033678
0.04292622 0.0508248 0.04081292 0.04283176 0.04202769
0.0402461 0.04752718 0.04237543 0.04338264 0.04309566
0.0438303 0.04305207 0.04623043 0.04022539 0.0398189
0.04525905 0.04336672 0.03758667 0.0406585 0.04090679
0.04114132 0.04915883 0.0435472 0.04241696 0.04648214
0.04369081 0.04414153 0.04168014 0.04669694 0.04742453
0.04365013 0.04100837 0.04787321 0.04363611 0.04846781
0.04237782 0.04278103 0.0433063 0.04872954 0.04338349
0.04290051 0.04008621 0.0411292 0.04518595 0.04416265
0.0459455 0.04108391 0.04500669 0.03680119 0.03949513
0.04771681 0.04425899 0.04784169 0.04515438 0.04856719
0.04369082 0.04405237 0.0427379 0.04683757 0.04580926
0.0507041 0.04489845 0.04766291 0.04549207 0.03743634
0.04445092 0.04381594 0.03926163 0.04239 0.04434391
0.0428384 0.0463819 0.04663422 0.04170088 0.04814898
0.04863055 0.03867121 0.04411667 0.0459103 0.04222583
0.04271411 0.04143195 0.04641021 0.04371836 0.0426135
0.03813095 0.04648016 0.04641696 0.03947211 0.04549518
0.04295784 0.04755162 0.04578697 0.03786488 0.04441176
0.04259902 0.05603369 0.04602541 0.04461738 0.04446009
0.03856015 0.04274083 0.0413982 0.04076212 0.04552287
0.04593444 0.0456533 0.04562132 0.04134364 0.05875076
0.04323794 0.0395489 0.03963985 0.05093738 0.04537035
0.04523626 0.04910399 0.04465575 0.05084013 0.04687691
0.04398566 0.04721575 0.0415217 0.04179483 0.0441136
0.04445702 0.04898591 0.04218568 0.04290665 0.04459445
0.04197898 0.04136714 0.0505903 0.0469955 0.0429485
0.04382879 0.04397965
