0.03628906 0.02536869 0.03429266 0.034435 0.03684112
0.03308578 0.03909538 0.03729018 0.03564092 0.03569693
0.03931044 0.0409217 0.03714914 0.04114459 0.03792999
0.03214611 0.0335137 0.03367178 0.03385559 0.03362164
0.0403046 0.0437568 0.04077347 0.03846192 0.03647059
0.03728739 0.03351607 0.03294019 0.03394635 0.03606357
0.03388941 0.0326341 0.03673193 0.03881451 0.03475213
0.03777615 0.03999392 0.03829633 0.03805144 0.03795599
0.03965315 0.04070025 0.04497083 0.03901654 0.03994772
0.0374728 0.03434421 0.03040856 0.03724572 0.04190879
0.0384028 0.03711502 0.0335696 0.03597098 0.04096329
0.0351089 0.04275615 0.03478851 0.03782254 0.03990295
0.0364857 0.03839527 0.03443634 0.03627546 0.04089885
0.03507986 0.04867537 0.04078616 0.03907062 0.03537115
0.03492918 0.03530855 0.03346084 0.03970139 0.03788423
0.03495899 0.03543993 0.0298109 0.04127564 0.03258939
0.03966399 0.03198625 0.03704747 0.03683978 0.03789836
0.03712313 0.03313492 0.04483391 0.03510351 0.03381525
0.03634728 0.0374802 0.0400271 0.03398896 0.04048426
0.03372863 0.03395058 0.0366432 0.02846848 0.03472338
0.03545108 0.0423568 0.03801345 0.03952068 0.04050313
0.03838435 0.03462663 0.03581235 0.03749221 0.0409301
0.03515623 0.04107909 0.03829637 0.0415419 0.03157065
0.03368611 0.03594148 0.04292108 0.04297243 0.04438943
0.03576059 0.0392396 0.03712183 0.0323718 0.03430825
0.03256776 0.03683392 0.03376941 0.03915205 0.03782841
0.03828321 0.03788638 0.03746154 0.03897353 0.03924172
0.04012224 0.03949599 0.03943803 0.03994571 0.03651702
0.03849843 0.03859778 0.0346167 0.03790455 0.03706659
0.03588889 0.03958943 0.04026205 0.04039744 0.03744932
0.03345822 0.0323667 0.03241028 0.04150974 0.03251696
0.03609045 0.0341104 0.03802839 0.03438287 0.032939
0.03643119 0.03600304 0.03800387 0.04526692 0.03765391
0.04032139 0.03312762 0.0364265 0.04242558 0.0366935
0.03754279 0.03419856 0.0339039 0.0406924 0.03747202
0.03790594 0.03882299 0.04404192 0.03963511 0.03863887
0.03701189 0.03422417 0.03493659 0.03638849 0.03809589
0.03750109 0.04170923 0.0323641 0.03689186 0.03619116
0.03180176 0.03441884 0.04098953 0.03631045 0.03893037
0.03346022 0.03344715 0.03843367 0.03782549 0.03585001
0.03672671 0.03856219
