0.04142633 0.02807708 0.03864927 0.04008843 0.04245291
0.03847893 0.03557033 0.04865039 0.0428756 0.04178461
0.043354 0.03610298 0.03696968 0.040347 0.03609283
0.03905986 0.0451182 0.04162775 0.03990059 0.03502692
0.03955019 0.03758247 0.03768448 0.04717031 0.04029227
0.03911536 0.03552341 0.04106849 0.03890085 0.03798524
0.0390822 0.04478609 0.04032597 0.04972823 0.03584589
0.03950803 0.04077757 0.04199237 0.03896761 0.03983494
0.04215655 0.03614215 0.04079576 0.04142785 0.04224329
0.03749912 0.04467348 0.04240126 0.04031686 0.04307118
0.0384738 0.04223682 0.0416285 0.03996865 0.0427855
0.03777068 0.03960337 0.03862021 0.04187822 0.03541822
0.04324234 0.03608055 0.04572256 0.04023748 0.0404216
0.0378822 0.04278021 0.04596148 0.03629406 0.03536418
0.04283781 0.04071731 0.04098109 0.04010369 0.03637124
0.03596398 0.03966106 0.04006974 0.04153174 0.04382935
0.04038305 0.0396775 0.03704364 0.03849492 0.04172429
0.04313171 0.04130342 0.03887621 0.04094421 0.04143833
0.04787451 0.04276176 0.03688963 0.04091033 0.04311672
0.04348873 0.03896634 0.03550976 0.04285141 0.04051708
0.04023153 0.04242963 0.03958462 0.03833485 0.04082251
0.04042818 0.03961125 0.04403875 0.03909088 0.03667652
0.03405492 0.03830385 0.03972293 0.04709215 0.0435321
0.04527097 0.04287979 0.03752816 0.03695414 0.04562574
0.0382418 0.0416131 0.04113011 0.03970696 0.04355106
0.04471082 0.0420631 0.04032391 0.04135147 0.03502039
0.04102626 0.03667804 0.04532917 0.04269706 0.0416693
0.04031825 0.04223356 0.03756479 0.04122875 0.03559766
0.04074865 0.0456076 0.04262245 0.04173412 0.03665606
0.03959284 0.03951673 0.03865707 0.03983156 0.04250804
0.03915254 0.04787213 0.04028409 0.04267477 0.03605524
0.03987228 0.04357933 0.03614116 0.04275513 0.03619081
0.03967742 0.04112061 0.03928808 0.03717853 0.04180097
0.03802824 0.04789972 0.0405333 0.03545172 0.04174299
0.03979559 0.03889651 0.04428098 0.03806548 0.04584195
0.04130194 0.05273305 0.04190243 0.04516267 0.0407663
0.04283814 0.03572257 0.03708865 0.0400679 0.04068018
0.04027093 0.04211781 0.03878138 0.03957424 0.03939996
0.04077641 0.03828213 0.03813044 0.04079953 0.03680375
0.04089602 0.03930099 0.03930033 0.04135599 0.03884138
0.03943975 0.04492878
