0.03966097 0.02645945 0.04067027 0.03332171 0.04107194
0.0361085 0.03632039 0.04703502 0.04346517 0.04018282
0.0439559 0.04314983 0.04097846 0.04194099 0.04108503
0.04124206 0.03975047 0.0407064 0.03974182 0.04312001
0.03937255 0.03504929 0.03714881 0.03878918 0.03452561
0.0376567 0.03328852 0.0417272 0.03768991 0.04441344
0.03569999 0.03954923 0.03782637 0.04243897 0.04244667
0.03969783 0.03706355 0.04115686 0.03733844 0.04395423
0.03947812 0.03798093 0.03677214 0.03922162 0.04295429
0.04130931 0.03641009 0.04058881 0.03626122 0.04076013
0.04129144 0.04158778 0.03718663 0.04231137 0.04088042
0.04597246 0.03554129 0.03629095 0.03872234 0.04211856
0.04052259 0.04059579 0.04508697 0.03972238 0.03648855
0.04364231 0.03190913 0.04420558 0.03670981 0.03766255
0.03796038 0.03868938 0.04332227 0.03961731 0.03808685
0.04197778 0.04235996 0.04280916 0.03762971 0.04095147
0.04038668 0.03654147 0.03812852 0.04174526 0.04098047
0.03651058 0.04177855 0.03334868 0.03818613 0.04096097
0.04157752 0.03729338 0.04086929 0.03565743 0.04054887
0.03821098 0.03532538 0.03811133 0.03635752 0.03770864
0.03883862 0.04074477 0.03894721 0.03478211 0.03639411
0.03623086 0.04244616 0.03616428 0.04503803 0.03776271
0.03773193 0.04593321 0.03613948 0.04315126 0.03854388
0.0422393 0.0364971 0.04351798 0.03596741 0.0333936
0.03880645 0.04253567 0.04081783 0.03888399 0.03956904
0.04231459 0.04153447 0.03953654 0.03995515 0.03593904
0.03766703 0.0415321 0.0371747 0.03702461 0.03520712
0.04120952 0.03840701 0.03743079 0.0382087 0.03574579
0.03808193 0.03728371 0.0370136 0.03696601 0.03894294
0.03892004 0.03990683 0.04351602 0.04056103 0.04072606
0.04116192 0.03782525 0.04227716 0.03859445 0.04021945
0.03394456 0.03409072 0.04945984 0.04398627 0.03491888
0.04194036 0.03646006 0.03871445 0.03781437 0.03543947
0.04055017 0.04153959 0.0347211 0.04102709 0.03497857
0.04102356 0.03684683 0.04296188 0.03580451 0.03660392
0.04429488 0.04020419 0.04187821 0.03899766 0.04410683
0.03581566 0.04745884 0.03664585 0.05064065 0.0373039
0.04301165 0.03824311 0.03812428 0.03439144 0.03614532
0.0433703 0.03677047 0.03891035 0.04209491 0.0362931
0.03890901 0.03072608 0.04072319 0.03273171 0.04067424
0.0383508 0.03323197
