0.04305243 0.02632625 0.04117329 0.0509638 0.09094481
0.04502659 0.0417848 0.04213741 0.04594018 0.03744862
0.0850885 0.04006311 0.03985448 0.03807291 0.03854097
0.04211196 0.04412272 0.03898346 0.03740072 0.04763173
0.03791476 0.03861106 0.065077 0.03486421 0.06531155
0.03900521 0.04256138 0.03833826 0.04171083 0.04597168
0.04322451 0.04090502 0.03497625 0.0361097 0.04030681
0.03915473 0.0390877 0.04090094 0.03937201 0.03953095
0.04087598 0.04707766 0.04283328 0.04447482 0.06514276
0.04297665 0.04601143 0.04029508 0.04801775 0.03733322
0.04110251 0.03932849 0.03773615 0.04203841 0.04351599
0.04231709 0.0423703 0.04693444 0.0764203 0.04518959
0.03202685 0.03888653 0.04908399 0.03999416 0.04804548
0.03920969 0.03731206 0.06363986 0.04033397 0.04251144
0.04489461 0.04272761 0.04035106 0.04032342 0.03690251
0.03715771 0.0519034 0.04275155 0.04663382 0.04004691
0.04193355 0.04218341 0.03777385 0.03567025 0.0433278
0.08545909 0.03818117 0.0467419 0.04338316 0.04201844
0.04770841 0.04320823 0.03618333 0.05301056 0.03945779
0.04159195 0.04093543 0.04236295 0.04637643 0.03876705
0.04314289 0.0460994 0.04725882 0.03942408 0.04782947
0.04446955 0.09214162 0.07901033 0.04170746 0.03772811
0.0368556 0.04576281 0.05825221 0.04811883 0.03691201
0.05342328 0.04302334 0.07395445 0.04160799 0.03960072
0.04691888 0.0413531 0.0430328 0.04292096 0.04184386
0.0415642 0.04319322 0.0398392 0.0717445 0.04748847
0.05425671 0.03181081 0.04148205 0.04657686 0.03864718
0.03953724 0.04904875 0.04181708 0.04464359 0.0388086
0.04204477 0.0421377 0.05749982 0.05029423 0.04480667
0.04076713 0.040733 0.04456174 0.03863393 0.04127148
0.08784029 0.06601945 0.03897096 0.03983817 0.04136599
0.04365588 0.04191139 0.04305215 0.03679683 0.03980416
0.04696622 0.04520103 0.04228685 0.03613695 0.04397394
0.04636343 0.04519764 0.04234555 0.06468798 0.05293769
0.09830361 0.04265719 0.04620911 0.03914766 0.04356858
0.04500778 0.04251901 0.03945168 0.04136942 0.04042302
0.04100942 0.03473853 0.04140063 0.04494973 0.04434187
0.0368699 0.07174644 0.0548514 0.05043431 0.03960943
0.07764682 0.04384087 0.03659961 0.04381272 0.04622749
0.03783907 0.04235592 0.04242874 0.1069848 0.05054189
0.03648864 0.04477174
