0.0336272 0.02527728 0.03321087 0.02560475 0.03531065
0.03618637 0.03623005 0.03777487 0.02862286 0.03202321
0.02927757 0.03415661 0.0384705 0.03886558 0.03804959
0.03196034 0.03794511 0.04180268 0.03472971 0.0326988
0.03221265 0.02914214 0.03190969 0.03652691 0.03817457
0.03642614 0.03681718 0.03940504 0.04069929 0.04080616
0.03745813 0.03505242 0.0343924 0.04070197 0.0359245
0.03442574 0.03002712 0.03647246 0.03244061 0.04427374
0.03370084 0.03558949 0.03259812 0.03297912 0.03621953
0.03354312 0.03835223 0.03621552 0.03510418 0.03428007
0.03592358 0.03784083 0.0364282 0.03078662 0.03815177
0.03651471 0.03902945 0.03085709 0.03201678 0.03091945
0.02943806 0.03332409 0.03515919 0.03634244 0.03317727
0.03724866 0.03432955 0.0394887 0.0303714 0.03957566
0.02973935 0.03161342 0.04224678 0.03194749 0.03556117
0.04024831 0.03782913 0.03402673 0.04199231 0.03981267
0.03194343 0.03899636 0.03511111 0.03540289 0.03546755
0.03831381 0.03582961 0.03464114 0.03421468 0.03827319
0.03533063 0.03853467 0.03715396 0.02865947 0.031572
0.03003776 0.03355285 0.03830812 0.03617001 0.03711929
0.03288959 0.03510585 0.03506316 0.03477861 0.03674816
0.03825221 0.0318596 0.038552 0.0389084 0.03408306
0.03188987 0.03970392 0.0312759 0.0364671 0.03658744
0.03779145 0.02840908 0.03248855 0.03439502 0.03555137
0.03413176 0.0372199 0.02909063 0.04097694 0.03530738
0.03489379 0.03608822 0.03836356 0.04166245 0.03484959
0.0339665 0.02841067 0.0322287 0.03194949 0.03268086
0.03809623 0.04225755 0.03716103 0.04560392 0.03620249
0.04072681 0.03765141 0.03023895 0.03290631 0.03628733
0.03311237 0.03879677 0.03413779 0.03757434 0.03378886
0.03257574 0.03798684 0.03349355 0.03941661 0.03365429
0.04033876 0.03051639 0.03715144 0.03718582 0.04112647
0.03794126 0.03972987 0.02936409 0.03210353 0.03379425
0.03845969 0.03470555 0.0297141 0.0387819 0.03798069
0.03598342 0.03567642 0.0332725 0.0358792 0.03095526
0.03959455 0.03877367 0.03481754 0.02089518 0.03150513
0.03408532 0.03450864 0.04053544 0.03475056 0.03838579
0.03422902 0.04040458 0.03536873 0.0319355 0.03966956
0.03522419 0.04166228 0.03622371 0.03112508 0.03382923
0.04050571 0.03157679 0.03351771 0.0490131 0.03777473
0.0372113 0.0324511
