0.03768948 0.02721903 0.03430207 0.03618701 0.039442
0.04476007 0.0380721 0.03517472 0.03259399 0.03772592
0.0419462 0.04135218 0.04212531 0.04184397 0.04355188
0.03678774 0.03873093 0.04901775 0.03521356 0.03732752
0.05058942 0.03560104 0.04818045 0.03652949 0.03819414
0.03789725 0.04488068 0.0375359 0.04451086 0.04160425
0.0357328 0.03949184 0.04477405 0.0377768 0.05125937
0.04650516 0.03520526 0.05175382 0.03711876 0.03814121
0.04167345 0.04040554 0.04028026 0.03734494 0.03970008
0.0366183 0.05453885 0.03838023 0.03893047 0.03719513
0.03756863 0.04884689 0.03560786 0.04155561 0.03975397
0.04594869 0.03957926 0.04637988 0.03456251 0.04681545
0.03962622 0.03805334 0.03965537 0.03960913 0.03458241
0.05031727 0.04214986 0.04019653 0.04364719 0.04481097
0.04001832 0.05271113 0.05044573 0.04599325 0.0471746
0.04053766 0.03649581 0.03358083 0.03535362 0.03870976
0.04161169 0.04135097 0.03695363 0.04061732 0.04559608
0.0471158 0.0384408 0.03123083 0.04456226 0.03585097
0.03518457 0.03973183 0.04224274 0.04058485 0.03690241
0.03357054 0.04274753 0.03572612 0.0417189 0.03421039
0.04055417 0.05295711 0.03686162 0.04149192 0.0363262
0.03899488 0.03910119 0.03825377 0.0436578 0.04096642
0.04120516 0.03827022 0.03639574 0.03588104 0.04345498
0.03911678 0.04753367 0.04267509 0.04216752 0.03676856
0.03555617 0.047769 0.03931406 0.04182392 0.03746749
0.03737055 0.04153368 0.03597958 0.05187402 0.04095497
0.04374435 0.04189895 0.03687148 0.03689954 0.04411726
0.04823905 0.03430025 0.04458729 0.03693738 0.04004065
0.04341118 0.03840456 0.04614788 0.05255006 0.03853259
0.04184398 0.03584253 0.04854446 0.03822184 0.03960783
0.04109698 0.04525513 0.03789665 0.04420555 0.0394981
0.03800486 0.03628599 0.0369043 0.03966395 0.04713505
0.03832244 0.04181602 0.04780588 0.04199619 0.05048478
0.04357339 0.04341869 0.04744984 0.03964408 0.04105688
0.04892756 0.0392547 0.03687149 0.04031059 0.04932327
0.03960766 0.0526314 0.04156159 0.04044072 0.0409073
0.04240414 0.03632327 0.03751767 0.03845191 0.03562915
0.04281285 0.03805244 0.04079606 0.04064546 0.03624621
0.03771441 0.05008898 0.03752508 0.04092429 0.03449194
0.0403583 0.04106645 0.05029921 0.0458162 0.03596178
0.03410082 0.03811755
