0.03940593 0.02672895 0.03917994 0.04291159 0.03950942
0.04033075 0.04734841 0.03799004 0.04029799 0.04299245
0.03882652 0.04500705 0.03711688 0.040239 0.04420495
0.03636336 0.04306751 0.04148118 0.03471678 0.03877897
0.03683825 0.03815217 0.04094113 0.03521372 0.04464505
0.03883859 0.04089482 0.03619028 0.04656833 0.03985221
0.03473839 0.04353155 0.0410521 0.03661586 0.0408085
0.04015042 0.03476816 0.03907273 0.03837507 0.04272625
0.04146923 0.0365193 0.04412861 0.03799269 0.03761987
0.04189243 0.04266606 0.04077581 0.04208764 0.03915061
0.03743606 0.03849579 0.04133703 0.0377378 0.04167239
0.03765068 0.0355669 0.03751564 0.03652484 0.03534294
0.03948911 0.03834073 0.04253596 0.03419966 0.041351
0.04199374 0.04478244 0.04119028 0.04042181 0.03957208
0.04446937 0.04089173 0.04236826 0.03742912 0.04265604
0.04235059 0.03799307 0.03548466 0.04095279 0.03731573
0.04231834 0.03757154 0.03699095 0.03859257 0.03794442
0.03467068 0.04132918 0.03711165 0.04563867 0.04372371
0.04211669 0.03874915 0.0405212 0.03919926 0.04238647
0.0427296 0.03579346 0.03763838 0.03332236 0.04631275
0.04144962 0.04073055 0.03666156 0.04168072 0.04398727
0.03895409 0.0422544 0.04362155 0.04617369 0.03999859
0.04463437 0.03884691 0.04141773 0.04126081 0.03832828
0.03783338 0.03690459 0.03305011 0.03759529 0.035576
0.03814362 0.04064917 0.03974316 0.04113776 0.03971626
0.04035807 0.0374745 0.0408826 0.03785151 0.04491798
0.03816192 0.04090858 0.03920806 0.04819508 0.03846205
0.03585297 0.03350182 0.04446242 0.04416205 0.03285631
0.04229532 0.03344261 0.03120575 0.04139339 0.03946129
0.04537035 0.03659719 0.03877859 0.03331013 0.04049321
0.03592418 0.03781767 0.03597718 0.0388619 0.04005629
0.03653127 0.03939645 0.04310725 0.04541891 0.03599848
0.03991049 0.04312925 0.03752814 0.03875535 0.04027233
0.04218086 0.04465461 0.04366593 0.04027942 0.04184307
0.03809123 0.03925593 0.04241028 0.03674698 0.04489471
0.04679754 0.04191343 0.03819841 0.04021101 0.03515895
0.04005381 0.04208917 0.04070208 0.03311558 0.0423543
0.03748107 0.04010676 0.0398955 0.03939868 0.03693511
0.04301616 0.04114731 0.04296602 0.03913049 0.04134019
0.03758632 0.03770712 0.04460595 0.04503061 0.03836172
0.04484243 0.03902756
