0.038918 0.02656584 0.03708768 0.04368524 0.03391823
0.04455344 0.03767636 0.03538612 0.03966244 0.04399627
0.04189323 0.03685859 0.04460789 0.03895398 0.03981748
0.03185142 0.03812175 0.04428139 0.0426702 0.04072742
0.03691475 0.03647718 0.03550634 0.03224974 0.03714585
0.03989329 0.03534824 0.0409443 0.03591602 0.03746554
0.03990499 0.04254939 0.03895141 0.03337836 0.0426276
0.0344262 0.03145237 0.03869282 0.03894114 0.03915528
0.03549679 0.04020813 0.03943102 0.03407653 0.0368967
0.04354769 0.0400166 0.03794191 0.03452193 0.04044599
0.03892008 0.03689273 0.04237605 0.04545547 0.04140957
0.03461368 0.04378037 0.03964912 0.03768265 0.03644986
0.03982329 0.03758382 0.04440267 0.03439667 0.03966051
0.0436523 0.04436675 0.04001036 0.04857071 0.04428098
0.03731648 0.04018316 0.0409488 0.03849595 0.04368785
0.0424858 0.03536342 0.03509281 0.04150471 0.04255736
0.04332535 0.03943333 0.04042666 0.03599353 0.04482735
0.04145236 0.03780674 0.03638037 0.03788591 0.03626565
0.03879058 0.03478601 0.03633509 0.04011892 0.0408477
0.04050252 0.04127343 0.03966606 0.04064418 0.04228872
0.04045962 0.03850198 0.03963425 0.04029296 0.04062452
0.04151557 0.03694064 0.03465019 0.03760033 0.04209609
0.03977611 0.03659638 0.03771074 0.03877308 0.04743546
0.04169811 0.04138311 0.03671374 0.03914663 0.03655851
0.0396209 0.04707765 0.03755961 0.04058328 0.03068555
0.03679273 0.03850469 0.04175574 0.04112668 0.04138331
0.03702431 0.03833236 0.03966734 0.04384674 0.0432748
0.03731597 0.03716263 0.03770245 0.04867859 0.03920252
0.03883667 0.05065441 0.03815863 0.03235116 0.0379043
0.03772487 0.03972728 0.03745834 0.03812483 0.04132885
0.04133315 0.04056444 0.04124155 0.04031671 0.0383634
0.03891928 0.03298423 0.03421933 0.04269495 0.03911781
0.03862065 0.04062936 0.04084604 0.0362439 0.0527283
0.0420145 0.0416808 0.05393602 0.04372958 0.03288318
0.03915575 0.03651373 0.04085346 0.03706801 0.0347674
0.03991653 0.04266489 0.03489262 0.04437904 0.0344182
0.03998566 0.03962853 0.04245822 0.04116263 0.03152942
0.04250337 0.03967922 0.03527936 0.03819398 0.04481455
0.04222221 0.03774037 0.04199032 0.03679783 0.04302898
0.03498245 0.04128489 0.03204529 0.04157058 0.03365346
0.0382808 0.03482562
