0.04276477 0.02776337 0.04349739 0.03976309 0.03522175
0.04254396 0.04144781 0.04191525 0.04118847 0.04287599
0.04673284 0.03971104 0.04035372 0.04378804 0.04388252
0.04280394 0.04469892 0.04027081 0.04086318 0.03787147
0.04252692 0.04159056 0.03421184 0.04294379 0.04326638
0.04192018 0.04244926 0.03866981 0.03784606 0.04250381
0.03767719 0.04213452 0.03978769 0.04028106 0.04658363
0.04035491 0.04455704 0.04207673 0.0403956 0.04078386
0.03463377 0.04112861 0.04232552 0.03544694 0.04175702
0.04107079 0.04137119 0.04466702 0.04193167 0.04263901
0.03989804 0.04148741 0.0442204 0.0412975 0.04758848
0.04517266 0.04621905 0.04609686 0.03968268 0.04229299
0.04422239 0.04187057 0.04149326 0.03998251 0.03517773
0.04417797 0.03871247 0.03961685 0.04219319 0.04329632
0.04053227 0.04646599 0.04070131 0.03888559 0.04513419
0.04371918 0.03997 0.03831953 0.04928513 0.03373968
0.04594761 0.03904951 0.04460281 0.04379299 0.039646
0.03939501 0.03919335 0.03987098 0.04067715 0.04306814
0.0414497 0.04194149 0.04490701 0.04620925 0.04390066
0.04394948 0.04495478 0.04173057 0.04086952 0.04183024
0.04056833 0.04236775 0.03877644 0.04581146 0.04235841
0.03949044 0.0397877 0.04322798 0.04270567 0.03897227
0.04095373 0.04513531 0.0387524 0.04462172 0.04384772
0.03642896 0.04561095 0.04055275 0.04414109 0.04530905
0.04031136 0.04483894 0.03229838 0.04931558 0.04215241
0.0413528 0.03767678 0.04121977 0.04145483 0.04286772
0.04758943 0.0355034 0.04336699 0.04209541 0.04538426
0.0402841 0.03947653 0.04432279 0.04194904 0.0383572
0.04284291 0.0447248 0.04199281 0.04332772 0.04496328
0.03657888 0.04552181 0.04266648 0.04300425 0.04833749
0.04243268 0.04134089 0.0388914 0.04126365 0.04037384
0.04253226 0.04635375 0.03653302 0.04464627 0.04265253
0.04169433 0.03726763 0.04498718 0.04246269 0.04519835
0.04038348 0.03745973 0.03165216 0.04082694 0.04273323
0.03853681 0.04651001 0.04008114 0.04537729 0.04234194
0.04513194 0.04240373 0.03852814 0.04415592 0.0386042
0.04301837 0.03427675 0.03596406 0.04309437 0.04402288
0.03880381 0.03792366 0.04365668 0.03752511 0.042787
0.04470293 0.03789135 0.04283328 0.03782689 0.0407869
0.04115513 0.04208326 0.04244877 0.04240122 0.04407348
0.04327669 0.04183226
