0.03763874 0.0257925 0.04288097 0.0338259 0.03048808
0.03286679 0.04347923 0.031708 0.02540313 0.03635556
0.04013345 0.03493579 0.0339529 0.03473662 0.03776386
0.03965409 0.0356764 0.03122218 0.03603549 0.02772987
0.03592293 0.02947085 0.03796824 0.04196429 0.03366333
0.04154025 0.0272297 0.0331788 0.03859999 0.03579061
0.03528721 0.03294798 0.03841073 0.03902042 0.03514529
0.03731861 0.04053201 0.0372803 0.03673174 0.03544655
0.03298987 0.04257053 0.03474357 0.03111309 0.035161
0.03220821 0.03864081 0.03365936 0.04035181 0.03721127
0.03512901 0.04088596 0.04021462 0.03342552 0.02863476
0.03734708 0.03410259 0.03284034 0.03627999 0.03512952
0.04605728 0.0376394 0.03885449 0.03589685 0.03739012
0.03166028 0.03403179 0.03036818 0.04184693 0.02688224
0.03183682 0.03494332 0.0418287 0.03771434 0.04044356
0.03749386 0.03606737 0.03663367 0.0343615 0.0393805
0.04186722 0.03233771 0.03375277 0.02738285 0.03443425
0.03845271 0.03435143 0.03820875 0.03879548 0.03683394
0.03287368 0.03774386 0.02784828 0.03619685 0.03274384
0.03421256 0.0372452 0.035505 0.03840363 0.03641018
0.02914318 0.03983918 0.03183316 0.03480776 0.0388955
0.03808854 0.03038311 0.03331547 0.03654501 0.03225867
0.03340326 0.04092635 0.04029923 0.03325318 0.03978269
0.03993665 0.0367421 0.03659675 0.03192679 0.03645973
0.03754729 0.0344043 0.03439962 0.04023166 0.03521308
0.03873398 0.03333038 0.04211264 0.03585799 0.03674756
0.03952977 0.03902573 0.03733263 0.03029645 0.02860729
0.03705329 0.03184814 0.04159995 0.03804322 0.03692365
0.03560232 0.0366465 0.04335364 0.03330673 0.03806294
0.03702403 0.03372076 0.03826256 0.03029603 0.02528433
0.04508498 0.03175681 0.04037063 0.03819617 0.03491012
0.03990841 0.03116986 0.03479726 0.03648869 0.03397857
0.03889669 0.03799482 0.03675515 0.03489119 0.03832517
0.03083366 0.03748651 0.03507211 0.03345528 0.03929226
0.02721398 0.03505503 0.03298299 0.03576643 0.0359281
0.04153381 0.03808314 0.03558987 0.03673488 0.03667056
0.03894972 0.0342254 0.03566625 0.03538229 0.033511
0.03557505 0.04040132 0.03351895 0.0381769 0.03230475
0.03433796 0.03595339 0.03278605 0.03438711 0.04236423
0.03416029 0.03504333 0.03284088 0.03062439 0.03706953
0.02973925 0.03892261
