0.0399964 0.02787625 0.03847792 0.04159757 0.04371482
0.04375806 0.03780427 0.04118659 0.03925628 0.03634162
0.03709078 0.0418831 0.03797582 0.04058808 0.04699953
0.04238994 0.03984282 0.04228878 0.04122267 0.04002794
0.04372027 0.03730882 0.04143677 0.0417444 0.04637719
0.03830617 0.04323637 0.03711623 0.04135424 0.03715762
0.04282937 0.03821686 0.03883667 0.03742958 0.04135815
0.04239236 0.04005153 0.03998805 0.03916658 0.0379064
0.03984856 0.03809817 0.04666209 0.04044471 0.03745853
0.04426335 0.04384814 0.034884 0.04259489 0.03864197
0.04132904 0.03632618 0.04339013 0.04236183 0.03795052
0.0453398 0.04313258 0.04081731 0.04014234 0.04027502
0.04284229 0.03734702 0.04118179 0.04080472 0.04179402
0.0396121 0.03696208 0.03803832 0.03903741 0.0410038
0.03737289 0.0370439 0.03971042 0.04403478 0.0394958
0.04053032 0.04148808 0.03938073 0.04480201 0.03922946
0.03840621 0.04100466 0.03807447 0.03903687 0.04390985
0.04164964 0.04207838 0.03937073 0.0377853 0.04554368
0.03917118 0.03521512 0.03908053 0.04153866 0.03904448
0.03581035 0.03560468 0.04207102 0.0447128 0.03686122
0.04235795 0.04128573 0.03901297 0.04013827 0.04056869
0.03961168 0.04203563 0.03523624 0.03930198 0.04133986
0.0389055 0.03967341 0.04115164 0.04152187 0.03617498
0.03836728 0.03867081 0.04301656 0.03938394 0.04728818
0.03923078 0.03857564 0.04186739 0.04027038 0.03950018
0.04343989 0.03709768 0.04050362 0.0380726 0.04068937
0.04324267 0.03801248 0.04088088 0.03841094 0.04182002
0.04230943 0.03901321 0.04278501 0.03866439 0.03964119
0.04488231 0.03393454 0.04048772 0.03667627 0.04233359
0.04182674 0.03661754 0.03869358 0.03676859 0.03984996
0.04041569 0.04227653 0.0370919 0.0428853 0.04052528
0.03889721 0.0393012 0.04271339 0.03897742 0.035856
0.03915922 0.04158743 0.04197687 0.0382953 0.0403636
0.03966456 0.04339797 0.0445985 0.03629184 0.04364962
0.03993337 0.04291535 0.04295271 0.04372608 0.04411846
0.03972637 0.04368435 0.04036104 0.04227189 0.04156609
0.04118316 0.03569785 0.04170092 0.04619888 0.03864567
0.03792525 0.04019037 0.0416401 0.04212441 0.03866758
0.04294894 0.04500384 0.04031802 0.03897193 0.03875412
0.04875093 0.03902173 0.04038701 0.03987853 0.04220723
0.04647415 0.0412478
