-2.853474 -2.97082 -2.899713 -2.901348 -2.908011
-2.84367 -2.825356 -2.81198 -2.853273 -2.823069
-2.858283 -2.752264 -2.936675 -2.781402 -2.881283
-2.96433 -2.862279 -2.78381 -2.939992 -2.849347
-2.720891 -2.88815 -2.938747 -2.878307 -2.793824
-2.973634 -2.802258 -2.837271 -2.901153 -2.813925
-2.728629 -2.930379 -2.939705 -2.814165 -2.737401
-2.837842 -2.851789 -2.916081 -2.808164 -2.929036
-2.84355 -2.9118 -2.777382 -2.88879 -2.76288
-2.83512 -2.811827 -2.91329 -2.849215 -2.964764
-2.816568 -2.724803 -2.89068 -2.759051 -2.811953
-2.825044 -2.864071 -2.91864 -2.869172 -2.838809
-2.782254 -2.900578 -2.867718 -2.773544 -2.783821
-2.898467 -2.935835 -2.807214 -2.774729 -2.789158
-2.712111 -2.827503 -2.813856 -2.797576 -2.890074
-2.911395 -2.839692 -2.821529 -2.745447 -2.678391
-2.808811 -2.657388 -2.83222 -2.858019 -2.76384
-2.834182 -2.957147 -2.847295 -2.860443 -2.843444
-2.8168 -2.895185 -2.788409 -2.991922 -2.834199
-2.870412 -2.873188 -2.915501 -2.759825 -2.886776
-2.96071 -2.877111 -2.834344 -2.880627 -2.812571
-3.001796 -2.88444 -2.705945 -2.828753 -2.908856
-2.84128 -2.842409 -2.870399 -2.846447 -2.784782
-2.91627 -2.825279 -2.905896 -2.858249 -2.855365
-2.965757 -2.867338 -2.832527 -2.88842 -2.736042
-2.887969 -2.960243 -2.877815 -2.761172 -2.707758
-2.803556 -2.990993 -2.898107 -2.843012 -2.929503
-2.927174 -2.816895 -2.849289 -2.765797 -2.903757
-2.894011 -2.868352 -2.846434 -2.761237 -2.924977
-2.734549 -2.850169 -2.778294 -2.79821 -2.639148
-2.877278 -2.775643 -2.897267 -2.80231 -2.836506
-2.886883 -2.861194 -2.934181 -2.901058 -2.799475
-2.795255 -2.849825 -2.936347 -2.724838 -2.770094
-2.784337 -2.77449 -2.876536 -2.817202 -2.80459
-2.78033 -2.773506 -2.885024 -2.856006 -2.812742
-2.702362 -2.986897 -2.86905 -2.888132 -2.826316
-2.858595 -2.790093 -2.783286 -2.941113 -2.827859
-2.736014 -2.992559 -2.746016 -2.87366 -2.850284
-2.836807 -2.860864 -2.779495 -2.914119 -2.809638
-2.838353 -2.870636 -2.834862 -2.736553 -2.885041
-2.764634
