-2.853474 -2.902427 -2.775439 -2.884097 -2.809383
-2.824015 -2.851423 -2.856714 -2.775403 -2.859077
-2.893519 -2.872063 -2.819226 -2.787759 -2.870046
-2.838042 -2.809108 -2.793051 -2.879473 -2.915967
-2.847563 -2.838876 -2.909495 -2.798082 -2.840027
-2.889063 -2.817158 -2.825474 -2.847464 -2.906329
-2.809823 -2.908107 -2.75228 -2.89643 -2.849225
-2.870866 -2.861076 -2.867505 -2.908563 -2.858929
-2.719619 -2.852227 -2.863304 -2.847464 -2.884196
-2.780217 -2.86552 -2.805722 -2.819649 -2.842825
-2.846652 -2.832236 -2.861455 -2.829579 -2.834159
-2.92099 -2.847703 -2.834039 -2.866512 -2.785469
-2.877336 -2.819503 -2.831424 -2.918958 -2.820391
-2.831875 -2.850009 -2.851645 -2.844852 -2.866449
-2.882666 -2.917496 -2.802831 -2.844313 -2.91664
-2.872067 -2.926594 -2.855327 -2.845688 -2.868551
-2.849214 -2.827454 -2.835533 -2.804171 -2.77804
-2.903047 -2.864956 -2.860345 -2.895003 -2.817207
-2.831814 -2.880448 -2.840825 -2.852878 -2.819451
-2.824534 -2.842266 -2.847567 -2.834295 -2.851596
-2.775358 -2.878543 -2.826373 -2.880921 -2.855629
-2.900122 -2.868772 -2.804084 -2.861416 -2.844198
-2.818248 -2.8106 -2.864647 -2.836795 -2.85109
-2.904688 -2.88591 -2.893258 -2.8656 -2.865832
-2.853872 -2.879032 -2.849209 -2.812173 -2.933776
-2.882995 -2.892607 -2.842543 -2.854742 -2.789954
-2.846557 -2.845084 -2.823537 -2.868073 -2.854922
-2.900922 -2.865834 -2.869285 -2.910768 -2.789531
-2.868074 -2.868078 -2.859629 -2.888353 -2.74745
-2.887561 -2.869932 -2.832356 -2.789663 -2.919729
-2.803365 -2.87217 -2.858762 -2.817661 -2.824896
-2.939871 -2.823599 -2.818308 -2.823545 -2.864272
-2.802671 -2.841161 -2.906365 -2.862425 -2.832575
-2.86022 -2.810897 -2.866909 -2.838551 -2.824777
-2.828874 -2.884966 -2.84913 -2.896563 -2.842406
-2.912007 -2.838814 -2.860116 -2.923869 -2.845794
-2.76797 -2.787894 -2.826297 -2.842725 -2.797311
-2.853828 -2.830673 -2.877824 -2.865637 -2.788047
-2.950256 -2.883465 -2.84636 -2.839429 -2.905142
-2.870086 -2.878177 -2.840217 -2.861191 -2.692814
-2.88977
