-2.954522 -2.983241 -2.993205 -2.953855 -3.03341
-2.935513 -2.921275 -2.889217 -2.949062 -2.975404
-2.989458 -2.961352 -2.995348 -2.961456 -2.921335
-3.009796 -3.042335 -2.915471 -2.96145 -2.972213
-2.942977 -2.956442 -3.09853 -3.014074 -2.922872
-2.939241 -2.986527 -3.041517 -2.940065 -2.956648
-3.017079 -2.966631 -2.979288 -2.981851 -2.965156
-2.911624 -2.967333 -2.97472 -2.99007 -2.930925
-2.977013 -3.056622 -2.943506 -3.02521 -2.945254
-2.989 -3.011959 -2.934316 -2.965803 -2.93934
-2.985831 -2.963409 -3.015805 -2.958607 -2.966589
-2.979725 -2.978423 -2.944404 -2.959053 -2.977178
-2.94235 -2.991244 -2.933725 -2.979397 -2.975868
-2.984366 -2.966091 -2.974099 -2.936867 -2.999767
-2.961706 -2.873978 -2.968226 -3.025195 -2.977798
-3.080476 -3.010286 -3.022898 -3.040813 -3.006906
-2.992887 -2.968447 -2.941924 -2.937996 -3.018114
-2.955272 -2.977634 -3.051897 -3.016346 -2.98811
-3.036637 -2.998969 -2.993727 -2.93668 -3.02867
-2.982482 -3.034612 -2.958739 -2.927301 -2.90087
-2.994678 -2.950215 -2.944626 -3.02139 -2.970331
-2.998208 -3.012393 -2.980462 -2.992246 -2.917209
-3.011085 -3.014772 -2.969294 -2.932076 -3.057255
-2.953322 -2.957688 -2.985806 -2.941872 -2.974022
-3.062628 -2.927941 -2.971273 -2.939993 -2.941362
-2.886547 -2.978013 -3.015811 -2.978016 -2.920106
-3.040803 -2.964887 -3.049036 -2.967598 -2.99146
-3.031624 -2.975754 -2.959433 -2.957064 -2.962115
-2.932953 -3.002818 -2.947189 -3.012218 -2.954809
-3.041234 -2.984981 -3.044728 -3.044464 -3.024649
-2.972211 -2.984552 -2.927222 -2.979074 -2.984178
-3.004237 -2.978834 -3.008048 -2.947254 -2.962541
-2.964944 -3.057827 -2.945373 -3.013031 -3.012873
-3.032285 -2.978414 -2.963201 -2.997543 -3.010831
-2.953816 -2.985369 -3.003722 -2.980143 -3.03136
-2.96081 -2.999792 -2.94696 -2.947603 -2.998567
-3.038601 -2.976961 -3.004785 -2.984544 -3.006484
-2.995668 -2.980019 -2.920361 -2.977374 -2.981365
-2.967331 -2.971623 -2.974862 -3.024705 -2.937191
-3.010181 -2.939309 -2.95667 -3.004987 -2.98799
-2.951179
