0.04329208 0.0398373 0.03984666 0.04474643 0.04328725
0.04281259 0.04061192 0.03799604 0.03837674 0.04114838
0.04576157 0.04157158 0.0485355 0.04298084 0.04501911
0.04249104 0.04504531 0.04030307 0.04066566 0.04075756
0.04253912 0.0497835 0.04340178 0.04473214 0.04391459
0.0481228 0.04101067 0.03555521 0.04166602 0.043587
0.04542136 0.04164582 0.04754044 0.03723464 0.04349821
0.0408721 0.04368963 0.04228015 0.04185112 0.04094629
0.04415482 0.03880067 0.04442382 0.04100689 0.04412213
0.04366608 0.04359438 0.04504569 0.03900008 0.04390665
0.04207521 0.04339804 0.04189646 0.04160983 0.0454727
0.04472699 0.04059922 0.04084795 0.04860602 0.04294792
0.03846751 0.04109201 0.04266849 0.04217464 0.03976285
0.04351072 0.04148329 0.04216699 0.04536281 0.04054153
0.03786936 0.04425309 0.0430579 0.04435144 0.04322771
0.0409424 0.04032542 0.03985414 0.04494091 0.04164169
0.0392738 0.04183262 0.04746978 0.04257696 0.04382672
0.03956923 0.04233369 0.04731173 0.04003474 0.04076934
0.04807166 0.04951092 0.04692659 0.04009026 0.044577
0.04777681 0.04712914 0.04134359 0.04333639 0.04258102
0.04643962 0.03959898 0.03461601 0.03690881 0.04030589
0.04294236 0.04455622 0.04439191 0.04602183 0.042663
0.04140903 0.03734194 0.04573911 0.04499405 0.04279338
0.04030968 0.04803766 0.03478999 0.04618848 0.04212516
0.04630689 0.04185683 0.04074402 0.04032679 0.04536305
0.0445164 0.04429966 0.0440517 0.0404469 0.04280154
0.04441479 0.042719 0.04496986 0.0382311 0.04099311
0.04140326 0.04223097 0.04564485 0.04454652 0.04433054
0.03658113 0.04186916 0.04593857 0.03771161 0.04146702
0.04837445 0.04412617 0.04110981 0.04331521 0.03884285
0.03867006 0.04293118 0.03842394 0.04548438 0.04223301
0.0448009 0.04412728 0.04283638 0.04434019 0.04484749
0.04569508 0.04660511 0.04346799 0.04025034 0.03862529
0.04400266 0.04297068 0.04092551 0.04076037 0.04103741
0.04405387 0.04422122 0.03705615 0.04299816 0.04529003
0.0424268 0.04392526 0.05070845 0.03903477 0.04069701
0.04058724 0.0383331 0.04097756 0.04471629 0.04026349
0.04454242 0.04271772 0.03742378 0.04207532 0.0462881
0.04116834 0.04028543 0.04631005 0.03879949 0.04216654
0.04159347 0.04296411 0.03679355 0.04258914 0.03764671
0.05085357
