-2.924385 -2.691852 -2.930101 -2.957097 -2.930752
-2.607383 -2.909278 -2.936537 -2.936465 -2.960514
-2.901496 -2.937941 -2.935588 -2.933649 -2.952506
-2.893855 -2.93674 -2.945011 -2.915976 -2.960658
-2.939999 -2.902725 -2.951161 -2.957141 -2.920897
-2.908459 -2.924445 -2.714077 -2.941281 -2.924074
-2.886128 -2.935158 -2.943255 -2.898633 -2.940292
-2.940404 -2.917451 -2.939535 -2.920418 -2.94888
-2.886886 -2.951302 -2.948052 -2.953105 -2.666054
-2.925882 -2.922708 -2.959925 -2.947921 -2.981684
-2.806339 -2.922695 -2.929357 -2.922951 -2.92782
-2.903131 -2.984937 -2.9246 -2.915972 -2.942327
-2.914569 -2.946752 -2.951723 -2.926316 -2.970584
-2.951819 -2.911453 -2.990831 -2.780014 -2.937939
-2.944241 -2.731329 -2.726355 -3.014281 -2.980394
-2.833019 -2.971962 -2.891071 -2.932964 -2.91558
-2.864353 -2.963426 -2.927963 -2.949031 -2.939384
-2.957461 -2.958545 -2.9315 -2.925188 -2.909382
-2.949001 -2.773737 -2.940704 -2.909631 -2.959332
-2.95324 -3.006247 -2.910025 -2.977597 -2.895599
-2.910676 -2.958913 -2.874482 -2.964468 -2.899748
-2.922264 -2.886901 -2.972344 -2.931593 -2.920318
-2.903003 -2.923662 -2.915835 -2.83965 -2.931528
-2.931174 -2.963019 -2.768841 -2.923441 -2.925664
-2.872745 -2.941872 -2.952304 -2.845103 -2.903817
-2.95114 -2.958833 -2.954054 -2.963972 -2.93838
-2.008047 -2.926949 -2.93949 -2.942351 -2.936644
-2.934167 -2.947007 -2.899191 -2.902832 -2.915413
-2.974672 -2.92815 -2.937802 -2.916941 -2.956769
-2.93237 -2.984762 -2.945576 -2.946853 -2.904829
-2.879282 -2.946189 -2.934756 -2.871441 -2.972492
-2.994393 -2.943087 -2.938472 -2.942374 -2.901279
-2.974812 -2.961262 -2.958755 -2.937658 -2.93321
-2.930087 -2.93187 -2.919194 -2.918779 -3.024595
-2.919972 -2.94979 -2.914373 -2.941069 -2.952873
-2.938604 -2.924092 -2.971112 -2.95872 -2.891203
-2.893701 -2.942193 -2.97051 -2.981999 -2.930749
-2.852203 -2.922906 -2.908805 -2.938218 -2.841863
-2.928999 -2.910514 -2.918534 -2.922381 -2.956637
-2.914096 -2.945894 -2.938535 -2.98313 -2.930885
-2.910506
