-2.978591 -3.730229 -3.482079 -3.158012 -3.284754
-3.202316 -3.570402 -3.442053 -3.184714 -3.321838
-3.072941 -3.41971 -3.283414 -3.136319 -3.384755
-3.281703 -3.416893 -3.431465 -3.157956 -3.138814
-3.173003 -3.472328 -2.995034 -3.053473 -3.231321
-3.307081 -3.247752 -3.235205 -3.624929 -3.441682
-3.052724 -3.787437 -3.263795 -3.644366 -3.465532
-3.112365 -3.218739 -3.148399 -3.482636 -3.186706
-3.485342 -3.157384 -3.821386 -3.312736 -3.210741
-3.373544 -3.489372 -3.074155 -3.432124 -3.527531
-3.345998 -3.934585 -3.215151 -3.361579 -3.234672
-3.376318 -3.090641 -3.415205 -3.311315 -3.277599
-3.02523 -3.452669 -3.158863 -3.426221 -3.065854
-3.286239 -3.324528 -3.192518 -3.177307 -3.290378
-3.410089 -3.230139 -3.428823 -3.169298 -3.271826
-3.241527 -3.307527 -3.212354 -3.092129 -3.575166
-3.050797 -3.065557 -3.482878 -3.266627 -3.294932
-3.171953 -3.22683 -3.291477 -3.228013 -3.439783
-3.206924 -3.174866 -3.157601 -3.493846 -3.139137
-3.424456 -3.142828 -3.835277 -3.166647 -2.945207
-3.35417 -3.218916 -3.401324 -3.414526 -3.078185
-3.256945 -3.104602 -3.097293 -3.166536 -3.351935
-3.086081 -3.052002 -3.193657 -3.363993 -3.257208
-3.012833 -3.400541 -3.176961 -3.367042 -3.318431
-3.240683 -3.214482 -3.036401 -3.699965 -3.431019
-3.057072 -3.026242 -3.565307 -3.815639 -3.316288
-3.411558 -3.110908 -3.486049 -3.290959 -3.24735
-3.277255 -3.483993 -3.080689 -3.166373 -3.328994
-3.490554 -3.197701 -3.530195 -3.048561 -3.080777
-3.314854 -3.154138 -3.079569 -3.458117 -3.163255
-3.568831 -3.065182 -3.626571 -3.376206 -3.299192
-3.263508 -3.433858 -3.191248 -3.494318 -3.266582
-3.092723 -3.164058 -3.148307 -3.105892 -3.088137
-3.0743 -3.206608 -3.32351 -3.25385 -3.83946
-3.23216 -3.041967 -3.132793 -3.68095 -3.179496
-3.219517 -3.229287 -3.169851 -3.361644 -3.204525
-3.119671 -3.332028 -3.341891 -3.337971 -3.213077
-3.201182 -3.319009 -3.136177 -3.317222 -3.180892
-3.196396 -3.297656 -3.167975 -3.203332 -3.100907
-3.294347 -3.443833 -3.19411 -3.131675 -3.168508
-3.198022
