-2.932487 -2.864344 -2.910645 -2.972688 -2.995054
-2.951092 -2.936272 -2.952932 -2.877671 -2.899704
-2.949753 -2.96963 -2.949416 -2.911478 -2.973886
-2.939937 -2.967268 -2.899882 -2.994947 -2.932436
-2.934667 -2.952954 -2.975499 -2.923001 -2.975345
-2.921811 -3.005616 -2.960263 -2.955193 -2.956219
-2.953469 -2.942145 -2.987384 -3.007089 -2.968923
-2.970672 -2.93071 -2.98792 -2.991499 -2.824378
-2.954856 -2.921483 -2.982165 -2.877544 -2.904816
-2.917562 -2.984196 -2.984161 -2.92671 -2.988352
-3.030157 -2.917711 -2.997023 -2.906734 -3.012845
-2.953203 -2.940984 -2.945891 -2.994234 -2.996506
-2.970186 -2.996697 -2.940357 -3.002274 -2.963557
-3.060745 -3.042997 -3.025779 -2.959509 -2.932857
-2.973444 -2.973172 -2.979597 -2.997496 -2.966108
-2.937433 -2.976327 -2.910864 -3.012883 -2.932049
-2.908593 -2.958388 -2.967694 -2.947781 -2.975793
-2.962462 -3.00915 -2.945718 -2.904959 -2.93512
-2.971691 -2.85723 -2.977808 -2.952368 -3.010363
-2.937528 -2.906746 -2.958335 -2.914049 -3.020002
-3.001087 -3.020672 -2.928738 -2.95621 -2.971105
-2.964181 -2.993723 -3.005778 -2.965332 -2.977585
-2.962378 -2.934384 -2.962314 -2.967021 -2.903091
-2.975844 -3.019461 -2.981706 -3.004682 -2.817201
-2.976769 -2.968716 -2.945604 -2.896854 -3.053946
-3.006439 -2.904721 -2.938797 -2.924572 -3.010345
-2.967574 -2.870708 -2.987714 -2.922491 -2.981969
-3.007168 -3.023298 -2.955724 -2.995139 -2.968648
-2.975145 -2.903072 -3.04752 -3.02783 -2.872182
-2.960775 -2.950648 -2.901637 -3.012947 -2.989113
-2.882977 -3.017457 -2.823368 -2.981246 -2.946332
-2.948282 -2.97042 -2.942566 -2.946412 -2.994413
-2.939601 -2.940159 -2.971612 -2.987302 -3.003
-2.925911 -2.961548 -2.934995 -2.972489 -2.915713
-2.973506 -2.980021 -2.985762 -2.854121 -2.944063
-1.974215 -2.9052 -2.951932 -3.003153 -2.990452
-2.950699 -2.884245 -2.981991 -2.890376 -3.011495
-3.011062 -2.974418 -2.967931 -2.971036 -2.985288
-2.991751 -2.845511 -2.966327 -2.942733 -2.978611
-2.899731 -2.963106 -3.008485 -2.944694 -2.871004
-2.935569
