-2.995488 -3.059712 -3.003798 -3.02697 -3.026001
-2.987491 -3.005416 -2.997309 -2.999478 -3.014649
-3.028388 -3.00693 -3.012831 -3.014466 -2.818932
-3.015616 -2.970236 -3.041763 -3.0108 -2.999534
-3.00676 -3.036397 -2.941872 -3.036012 -3.009271
-3.013075 -3.015901 -2.01436 -2.997506 -3.012207
-2.994776 -2.99304 -3.013111 -2.990863 -2.967365
-2.98669 -2.991486 -2.991614 -3.003585 -3.036109
-3.007729 -3.009543 -3.002186 -2.993821 -2.989054
-2.853564 -2.994451 -3.012547 -3.018088 -3.040513
-3.021628 -2.99226 -2.965831 -3.001741 -3.009307
-2.943212 -3.034317 -2.808118 -2.019349 -3.011439
-2.912879 -3.019545 -2.847134 -2.999633 -2.908734
-3.012632 -3.009929 -2.997616 -2.97698 -3.032541
-3.012406 -3.002642 -2.989555 -3.024597 -2.987547
-2.978265 -2.998169 -3.006912 -2.989337 -3.011643
-3.023658 -2.995061 -3.012711 -3.008975 -3.005255
-3.010396 -3.006856 -2.021219 -3.047007 -2.871765
-3.019013 -3.025652 -2.968553 -3.008931 -3.00707
-3.010582 -2.990619 -3.011114 -3.037476 -2.883487
-2.97987 -3.033177 -2.999182 -2.97412 -3.020141
-2.968028 -2.879159 -2.949442 -3.028528 -3.005376
-2.974698 -2.995004 -2.986642 -2.847923 -2.997129
-3.025266 -3.050931 -2.975053 -2.997717 -3.002793
-3.034729 -2.99557 -2.972319 -2.981662 -3.004555
-3.025107 -3.005276 -2.997409 -3.007555 -2.999304
-3.010236 -3.001351 -3.014542 -2.976042 -2.955589
-2.99065 -2.987896 -2.999561 -3.032489 -2.94673
-2.984645 -3.016513 -2.982505 -3.04662 -3.037723
-2.978359 -2.84193 -2.995299 -2.98953 -2.99362
-2.997755 -2.997374 -2.986973 -2.878959 -2.988499
-3.015865 -3.01907 -3.011586 -2.897583 -2.982792
-2.9995 -3.016946 -2.88978 -3.016267 -2.962773
-2.984741 -3.012941 -2.976093 -3.027534 -11.7168
-2.889763 -2.97435 -3.037286 -3.004245 -3.033941
-2.875339 -3.022616 -2.985489 -2.986876 -3.000158
-2.879763 -2.985558 -3.031846 -2.997759 -3.010427
-3.014949 -3.018695 -2.991402 -2.994847 -2.993171
-2.905738 -2.99728 -2.988183 -3.006899 -2.995873
-2.962111 -2.887117 -2.994905 -3.000771 -3.023105
-2.963367
