-2.984222 -3.017426 -2.983175 -2.983205 -2.991096
-3.030886 -2.993534 -3.003819 -2.96939 -3.036936
-2.855254 -2.970885 -3.032662 -3.001215 -3.011037
-2.983026 -2.999456 -3.009042 -3.012541 -2.877949
-2.960825 -3.023266 -2.894797 -2.081807 -3.013675
-3.00964 -2.99804 -3.008513 -2.999893 -2.899669
-3.015989 -2.876707 -2.977111 -2.870994 -2.986601
-3.019371 -3.018569 -3.028199 -3.027659 -2.990383
-2.994013 -2.996045 -2.862536 -3.003022 -3.008284
-2.994823 -2.992251 -2.888112 -3.003848 -3.017218
-2.998836 -2.956959 -2.992347 -2.973825 -2.967731
-3.013622 -2.988724 -3.000186 -2.862263 -3.023659
-3.001173 -2.981881 -2.865977 -3.016295 -3.012421
-3.011588 -3.018007 -3.004177 -3.018947 -3.002101
-2.987963 -3.007722 -3.001724 -2.979423 -2.972881
-3.006242 -3.00712 -2.880695 -2.997711 -2.972633
-2.94555 -2.973683 -2.976902 -2.984151 -3.022965
-2.99987 -2.979523 -3.023779 -2.893662 -2.990814
-2.985208 -2.991561 -3.014253 -2.968878 -2.989844
-2.97261 -2.988121 -3.041722 -2.997513 -3.024063
-2.97309 -2.999675 -2.987074 -2.879842 -3.008012
-2.986591 -3.031876 -3.029092 -2.837744 -3.04696
-2.99854 -3.001525 -3.010722 -2.965542 -2.966865
-2.959399 -2.984309 -2.988327 -3.002258 -2.884462
-3.033906 -2.877327 -2.98138 -2.995623 -3.024724
-3.017876 -2.97466 -3.005556 -3.014708 -3.030954
-3.012891 -2.994965 -3.000008 -2.991276 -3.015325
-2.853342 -3.02045 -3.005864 -3.011555 -3.000134
-3.011023 -3.0172 -3.01189 -2.989169 -2.99852
-3.003357 -2.879452 -3.011563 -2.061098 -3.023245
-2.978673 -2.984091 -2.968265 -2.965229 -2.994166
-2.989562 -2.997434 -3.001892 -2.991258 -3.011571
-3.009798 -2.987607 -2.971396 -2.855999 -3.000835
-2.99892 -3.000555 -3.01062 -3.024292 -2.989068
-2.970214 -3.012371 -3.035951 -2.99172 -3.0106
-2.957618 -2.991196 -3.045389 -2.971471 -2.868504
-2.977084 -3.01969 -3.003029 -3.028494 -2.801562
-2.992587 -2.984947 -3.014275 -2.996056 -2.991471
-2.982766 -2.999447 -2.869838 -3.011958 -2.898413
-3.014425 -2.99842 -3.000522 -2.99878 -3.011501
-2.991295
