-3.00086 -3.044587 -2.995291 -3.022054 -3.027072
-3.051473 -2.881349 -3.010749 -3.044185 -2.965736
-3.025624 -2.978264 -3.004185 -3.007519 -3.03913
-2.962478 -2.989679 -2.898489 -2.869221 -2.998549
-3.044137 -3.047798 -2.941914 -3.018876 -3.016447
-3.0383 -3.022516 -3.032967 -2.969724 -3.018808
-2.981133 -2.982175 -2.885735 -2.976548 -2.985857
-3.008149 -3.029962 -3.051909 -3.022325 -3.038379
-3.007771 -2.993102 -3.029291 -2.892647 -2.959423
-2.998749 -3.042567 -2.991571 -2.991611 -3.04925
-2.948906 -2.98798 -3.06451 -2.97875 -2.96933
-2.977321 -3.006146 -3.007309 -3.010933 -3.019501
-3.061617 -2.999057 -3.007737 -2.001185 -2.953762
-2.98024 -2.976563 -2.869001 -3.028747 -2.957426
-2.998205 -2.854884 -2.877192 -3.043158 -3.058959
-2.945264 -3.02251 -2.999701 -2.978636 -2.970571
-3.026991 -3.004364 -3.007783 -2.926539 -2.972381
-3.05853 -3.009035 -3.001678 -3.011267 -3.096066
-3.02601 -2.823136 -2.976206 -3.019528 -3.030821
-3.036854 -2.864975 -3.049179 -2.94017 -2.968966
-3.044599 -2.967115 -3.033271 -2.922154 -3.014365
-2.905393 -3.010331 -2.999949 -3.002823 -2.846135
-2.981572 -3.05831 -3.011073 -3.013219 -3.037608
-2.9658 -3.047528 -2.997901 -2.996145 -2.984598
-3.059776 -3.003983 -3.005576 -3.010537 -3.041104
-2.997843 -3.013162 -3.035354 -2.984184 -3.029128
-2.9823 -2.99915 -2.894388 -2.049013 -2.989622
-3.026174 -3.057721 -3.02541 -3.027664 -2.9459
-2.971534 -3.035243 -3.004464 -3.05623 -3.006579
-2.913336 -3.050479 -2.973418 -3.055856 -3.03589
-2.990113 -3.013334 -3.037133 -3.009248 -3.021317
-2.865396 -3.01581 -3.031452 -2.991127 -3.101893
-3.016308 -2.974565 -2.896111 -3.038123 -3.003533
-2.988747 -3.030215 -3.115522 -2.996212 -9.869722
-2.990804 -3.021842 -3.052843 -3.009207 -2.979994
-3.012643 -3.013084 -3.036754 -3.003645 -3.027931
-3.023793 -2.981164 -2.984654 -2.999369 -3.02152
-2.986244 -3.00371 -3.028793 -2.86725 -2.957304
-2.815893 -2.962104 -3.010125 -2.938732 -3.039245
-3.00393 -3.021785 -2.992787 -2.990531 -3.003436
-2.879547
