-2.848625 -2.96225 -3.016193 -3.079716 -2.984638
-2.892142 -2.940791 -2.773102 -2.986904 -2.770662
-2.9161 -2.939056 -2.909716 -2.977609 -2.902572
-2.996553 -3.046515 -3.021235 -2.919361 -3.220917
-2.795672 -3.039446 -2.852571 -2.965395 -2.887286
-2.977853 -2.831866 -2.947627 -2.903291 -3.047518
-3.011323 -2.851094 -2.817877 -2.95312 -2.991315
-2.87941 -3.139152 -2.9401 -2.955217 -2.838129
-2.832145 -2.956718 -2.948884 -2.824842 -2.907892
-2.977041 -2.937437 -2.827757 -2.975004 -2.915708
-2.9323 -3.146988 -3.059383 -2.845774 -3.155691
-2.944373 -2.92339 -2.745628 -3.02079 -3.051566
-2.933534 -2.84317 -2.97665 -2.862674 -3.022726
-3.026864 -2.914874 -2.826208 -2.910732 -2.994265
-2.924247 -2.958828 -2.881704 -2.851632 -2.9182
-2.806299 -2.936894 -3.052427 -2.870181 -2.959092
-2.889726 -2.769888 -2.849353 -2.949806 -2.858488
-3.080703 -3.048969 -2.907691 -2.864209 -2.841142
-2.928555 -3.053773 -2.918715 -3.043957 -2.774751
-2.922565 -2.922129 -2.941047 -3.026427 -2.919915
-2.753059 -3.172933 -2.962114 -2.907588 -2.87559
-2.809366 -2.841971 -3.016736 -3.06699 -2.854389
-2.781611 -2.914189 -2.91695 -3.046837 -2.962431
-2.999728 -2.773892 -2.852433 -2.858142 -2.975773
-2.878686 -2.804339 -2.956286 -2.854137 -3.001475
-2.839057 -2.895568 -2.847349 -2.909483 -2.827371
-2.872051 -3.03885 -3.02686 -3.008993 -3.022457
-2.857403 -3.063896 -2.873949 -2.856389 -2.869477
-2.8535 -2.737101 -2.863774 -2.882227 -2.933484
-2.96921 -2.992307 -3.050413 -2.975587 -2.861649
-2.877415 -2.979042 -3.075755 -2.732764 -2.939416
-2.928269 -2.886179 -3.024634 -2.801808 -2.912324
-2.919458 -2.836531 -2.980897 -2.994613 -2.86775
-2.949399 -3.04767 -3.00546 -2.818444 -3.120357
-2.939416 -2.848257 -2.954568 -3.13332 -2.866114
-2.945031 -3.015413 -2.887948 -2.901889 -2.961746
-3.05542 -2.903918 -2.84474 -2.971267 -2.944159
-2.840612 -3.055368 -3.149156 -2.861951 -2.940342
-2.798202 -2.959294 -2.999551 -2.977768 -3.04633
-3.039439 -2.884703 -2.986041 -2.83274 -2.884534
-3.039431
