-2.87517 -2.948371 -2.919495 -2.94496 -2.987949
-2.978456 -2.977658 -2.972256 -2.804673 -2.951509
-2.869379 -2.918379 -3.07325 -2.90818 -3.048951
-2.979396 -3.02691 -2.986248 -2.884854 -2.918223
-2.840756 -2.846194 -2.931425 -2.891222 -2.883034
-3.220468 -3.088787 -3.093349 -2.981246 -2.953226
-3.185501 -3.023162 -2.983014 -2.99968 -3.115147
-3.044439 -2.859934 -2.995535 -2.910515 -2.825649
-2.974575 -2.922792 -2.918739 -2.965165 -2.907968
-2.903256 -2.990909 -2.86763 -2.891141 -2.980152
-3.009598 -2.973108 -3.018383 -2.984285 -2.946407
-3.004356 -2.967265 -2.974712 -2.885949 -2.970268
-3.017103 -3.099466 -3.167588 -2.909651 -3.124808
-2.880365 -2.915465 -2.959103 -3.054899 -2.943956
-3.05019 -2.912283 -3.16321 -3.074802 -2.939033
-3.036201 -3.003515 -2.97454 -3.004433 -2.941626
-2.937208 -2.925395 -2.912059 -2.881746 -2.84134
-2.830455 -2.97835 -2.968727 -2.95838 -2.836034
-3.197254 -3.078788 -2.926781 -2.946789 -3.211921
-2.895937 -2.90477 -3.049877 -3.063552 -2.923701
-3.108196 -3.062086 -3.004712 -2.857635 -2.875257
-2.876802 -2.812878 -2.889916 -2.814204 -2.836741
-2.893218 -3.019527 -2.987186 -2.99515 -2.990644
-2.962377 -2.887589 -3.042757 -2.988627 -2.950179
-3.202074 -2.878371 -3.072055 -3.081819 -3.012709
-3.015265 -2.954358 -3.036882 -2.91856 -3.009779
-2.923329 -2.87691 -2.812787 -3.055367 -3.023282
-2.992337 -2.962003 -2.921752 -2.998953 -2.970694
-3.003363 -3.02911 -3.044216 -3.002341 -2.935151
-2.845348 -2.973515 -3.123874 -2.873504 -2.9776
-3.127624 -3.030085 -3.038117 -2.712195 -2.916575
-2.958807 -3.021012 -2.976496 -2.862177 -3.07741
-3.029899 -2.789608 -2.774775 -3.057104 -2.946262
-3.101098 -2.914348 -3.027367 -3.150092 -2.979016
-2.948268 -2.976349 -3.001472 -2.950276 -2.930826
-3.018144 -3.004927 -3.132562 -2.98997 -3.026222
-2.807719 -3.057043 -2.9577 -2.911547 -2.957425
-2.875814 -3.043771 -2.895934 -3.04562 -2.858217
-2.852368 -2.896961 -3.002002 -3.02187 -2.962861
-2.867516 -2.878001 -3.020512 -2.923228 -2.903615
-2.890511
