-2.947422 -2.934388 -2.911854 -2.956076 -2.977045
-2.956813 -2.970866 -2.909997 -2.944133 -2.968763
-2.943108 -2.972579 -2.945837 -2.975445 -2.977253
-3.005859 -2.96639 -3.005945 -2.982646 -2.938517
-2.925837 -2.960303 -2.995723 -2.9656 -2.936866
-2.836034 -2.92213 -2.916721 -2.89361 -2.989158
-3.007731 -2.934556 -2.961336 -3.003901 -3.015742
-2.918302 -2.921273 -2.931808 -2.942949 -2.941092
-2.98818 -2.944427 -2.95519 -2.971991 -2.972055
-2.955395 -2.965326 -2.953514 -3.010455 -2.954714
-2.968752 -2.977379 -2.91667 -2.99667 -2.935078
-2.910729 -2.943255 -2.905932 -2.866344 -2.93033
-2.938225 -2.946724 -2.958023 -2.938218 -2.976541
-3.02055 -2.780027 -2.924605 -3.001899 -2.926336
-2.994115 -2.953708 -2.796416 -2.836627 -2.98999
-2.984466 -2.953475 -2.902554 -2.932466 -2.91546
-2.960843 -2.940066 -2.857094 -2.987191 -3.008322
-2.977702 -2.949516 -2.954273 -2.972419 -2.983299
-2.915061 -2.962006 -2.932548 -2.960046 -3.004627
-2.943136 -2.973731 -2.929031 -2.907879 -2.993035
-3.010715 -2.92218 -2.921556 -2.995536 -2.951488
-2.945852 -2.951017 -2.908393 -2.822605 -2.923648
-2.978878 -2.936821 -2.986005 -2.848663 -2.946619
-2.976839 -2.977424 -2.694825 -2.967 -2.96039
-2.990231 -2.945118 -2.940926 -2.918133 -3.012252
-2.931802 -2.959232 -2.974139 -2.969761 -2.989281
-2.965883 -2.953493 -2.933934 -2.964883 -3.030867
-2.959852 -2.996723 -2.973863 -3.006899 -2.954739
-2.973719 -2.924449 -3.004691 -2.958648 -2.958823
-2.979861 -2.999927 -2.942208 -2.798927 -2.956768
-2.900174 -2.921487 -3.002023 -2.980911 -2.830193
-2.950309 -2.952138 -2.9563 -2.972151 -1.967286
-2.955043 -2.940748 -2.957167 -2.959505 -3.001031
-2.945285 -2.945876 -3.003636 -2.865055 -3.00178
-2.933514 -2.893772 -2.99038 -2.941281 -2.970825
-2.954643 -2.932271 -2.969378 -2.940325 -2.020875
-2.931611 -2.943202 -2.969746 -2.962459 -2.955287
-2.003099 -2.947038 -2.99506 -2.923168 -2.987227
-2.930752 -2.963625 -2.925395 -2.853897 -2.932873
-2.954659 -2.910974 -2.926471 -2.976071 -2.92495
-2.929685
