-2.962996 -3.009793 -3.012777 -2.99042 -2.93462
-2.92765 -2.941629 -2.999144 -3.042922 -2.970525
-2.940818 -2.981741 -2.983389 -2.967981 -2.954893
-2.82563 -2.975152 -3.008663 -2.933557 -2.969202
-2.97326 -2.950976 -2.865278 -2.983561 -2.964515
-3.021282 -3.029985 -3.009298 -2.958819 -2.917427
-2.972133 -2.826698 -3.013332 -2.972471 -2.977874
-2.993804 -2.925375 -2.968109 -2.983328 -3.007518
-2.959258 -3.022531 -3.021626 -3.009608 -2.932429
-2.950676 -2.98764 -2.945589 -2.995059 -2.999325
-2.936329 -2.985511 -2.918045 -2.954159 -2.970616
-3.00723 -2.951659 -3.007898 -2.966226 -2.981165
-3.037249 -2.965376 -2.919632 -2.987204 -2.950523
-2.930973 -3.026095 -2.952673 -2.969935 -2.940683
-3.017341 -2.968669 -2.947993 -2.940249 -2.962504
-2.98016 -2.935599 -3.001021 -2.948582 -2.969131
-2.975825 -2.965603 -2.933521 -2.992313 -3.024899
-3.013321 -2.970127 -3.004993 -2.900264 -3.001799
-2.946512 -2.961125 -2.985379 -2.973253 -2.943689
-2.962833 -2.915667 -2.815284 -3.03599 -3.001002
-2.892348 -2.953548 -3.006082 -3.032069 -3.016111
-2.97814 -3.024046 -3.001558 -2.992887 -3.018466
-2.993069 -2.930962 -3.002324 -3.034279 -3.000338
-3.022177 -3.001225 -2.946767 -3.03852 -3.018492
-2.949448 -2.977446 -2.986779 -2.909521 -3.007113
-2.951846 -2.898886 -2.984116 -2.955486 -2.969508
-3.002545 -2.958155 -2.970582 -2.947617 -2.972377
-2.971719 -2.926027 -2.905539 -2.948625 -2.943567
-2.957707 -2.958446 -2.930613 -2.876251 -2.975225
-2.957828 -2.964297 -2.973344 -2.929522 -2.988913
-2.866306 -3.01271 -2.986884 -2.922129 -2.96576
-2.987111 -2.937308 -2.94708 -2.975236 -2.979041
-2.955102 -2.9837 -2.968582 -2.966959 -2.934223
-2.95666 -2.962334 -2.917321 -3.011249 -2.975581
-2.981467 -2.908717 -3.015369 -2.971533 -2.996973
-3.016439 -2.964468 -2.975243 -2.990278 -2.978569
-2.992836 -2.92474 -2.944909 -3.060619 -3.031307
-2.928698 -2.915026 -2.971654 -2.970693 -2.964968
-2.984022 -2.973436 -2.947492 -2.992954 -2.947201
-2.98244 -2.954984 -2.962055 -3.006808 -3.057168
-2.958166
