-2.955798 -2.971343 -2.940617 -2.985864 -2.950657
-2.929579 -2.949873 -2.971232 -2.982073 -2.940266
-2.981393 -2.978531 -2.810594 -2.955582 -2.970001
-2.917351 -2.996142 -2.97169 -3.009622 -2.977324
-2.947952 -2.915896 -2.972105 -2.953169 -2.911317
-2.942927 -2.945785 -2.942315 -2.99619 -3.002764
-2.998692 -2.998051 -2.984323 -2.980557 -2.967741
-2.855307 -2.890753 -2.938901 -2.975122 -2.987504
-2.978769 -3.010696 -3.008636 -2.991411 -2.984442
-2.969977 -2.941155 -2.933899 -3.004947 -2.957675
-2.944067 -2.965638 -2.966537 -2.928182 -2.971856
-2.937767 -3.033105 -2.954401 -3.013746 -3.016284
-2.907539 -2.955101 -2.929746 -2.987352 -2.951814
-2.988185 -2.971114 -2.824952 -2.978613 -2.938688
-2.961283 -2.966683 -2.96132 -2.961182 -3.000015
-2.939261 -2.941728 -2.994785 -2.98139 -2.963395
-2.986563 -2.987275 -2.952987 -2.943224 -2.924955
-2.965296 -2.909532 -2.98774 -3.018478 -2.930404
-3.033889 -2.975654 -2.978346 -2.961642 -2.001712
-2.980798 -2.955923 -2.950973 -2.937312 -2.974998
-2.932328 -3.036388 -3.050695 -2.975169 -2.955515
-2.987914 -2.982154 -2.986573 -2.962936 -1.905885
-3.000204 -2.853557 -3.004994 -2.968503 -2.920814
-3.01818 -2.956221 -2.973143 -2.989671 -2.88647
-2.939509 -2.99559 -2.840883 -2.983162 -2.928325
-2.947629 -2.981768 -2.999933 -2.994445 -2.956638
-2.836156 -2.970529 -2.98227 -2.975999 -2.988475
-2.961695 -2.972302 -3.029943 -2.962688 -2.951806
-2.980132 -2.934975 -2.934361 -2.978332 -2.989013
-3.012814 -2.949961 -2.975483 -3.009423 -2.982616
-2.977983 -3.029796 -2.934526 -2.952524 -2.962169
-2.98009 -2.85284 -2.961798 -2.967521 -2.969574
-2.87728 -2.964736 -2.966546 -2.993869 -2.982406
-2.99118 -2.966044 -2.904208 -3.002451 -2.986217
-3.014382 -2.959723 -2.952536 -2.945582 -2.794944
-3.000632 -2.982942 -2.880485 -2.918612 -2.986342
-1.930746 -2.943062 -2.942952 -2.886202 -2.969743
-2.89528 -2.953975 -2.9784 -2.976428 -2.984504
-2.965736 -2.959309 -2.940277 -2.969257 -2.954586
-2.959517 -2.989059 -2.985838 -2.921335 -2.822457
-2.974421
