-2.942429 -2.951819 -2.961557 -2.96075 -2.964379
-2.860958 -2.935211 -2.956628 -2.975161 -2.996135
-2.992928 -2.953913 -2.960139 -3.000449 -2.919231
-2.935213 -2.993247 -2.966354 -2.955506 -2.958571
-2.961684 -2.942039 -2.986102 -2.940076 -2.981386
-2.930879 -2.860836 -2.92631 -2.93081 -2.87151
-2.977893 -2.983471 -2.960599 -2.958568 -2.962922
-2.946702 -2.960331 -2.914428 -2.921292 -2.972256
-2.944684 -2.941199 -2.946874 -2.965708 -2.849099
-2.970558 -2.891992 -2.93913 -2.95814 -2.972845
-2.959447 -2.958357 -2.964871 -2.954603 -2.967528
-2.980659 -2.991838 -2.933348 -2.985304 -2.970581
-2.92499 -2.958618 -2.944413 -2.984345 -2.968428
-2.825167 -2.843557 -2.932689 -2.997419 -2.813967
-2.910999 -2.978835 -2.939268 -2.965342 -2.821083
-2.952568 -2.935134 -2.773386 -2.945308 -2.960491
-2.962341 -2.93508 -2.80786 -3.003226 -3.00091
-2.933743 -2.948015 -2.947957 -2.930433 -2.94999
-2.920914 -2.837924 -2.973449 -2.995677 -2.972715
-2.949431 -2.963919 -2.981181 -2.972858 -2.961419
-2.95415 -2.979321 -2.964953 -2.958012 -2.860974
-2.937754 -2.938103 -2.950431 -2.999593 -2.930096
-2.972712 -2.94924 -2.072195 -2.93189 -2.964388
-2.963164 -2.964063 -2.947697 -2.977482 -2.963859
-2.919131 -2.971756 -2.949347 -2.966735 -2.957928
-2.954324 -2.837594 -2.947858 -2.949245 -2.942942
-2.983377 -2.838492 -2.969699 -2.796277 -2.968964
-2.991878 -2.978954 -2.975275 -2.96166 -2.975408
-2.975843 -2.954574 -2.951684 -2.959138 -2.971066
-2.959727 -2.943926 -2.944319 -2.995899 -2.929007
-2.970293 -2.961277 -2.915396 -2.94721 -2.939758
-2.908426 -2.966922 -2.942623 -2.990592 -2.955
-2.922213 -2.954759 -2.961255 -2.911761 -2.847999
-2.970846 -2.95917 -3.013104 -2.957996 -2.822349
-2.937545 -2.928049 -2.967696 -2.920543 -2.996423
-2.842483 -2.952077 -2.99018 -2.958877 -2.948022
-2.938911 -2.932636 -2.99459 -2.920558 -2.959847
-2.952203 -2.806988 -2.82385 -2.847623 -2.9445
-2.938395 -2.960284 -2.967019 -2.939749 -2.951891
-2.927066 -2.940321 -2.956335 -2.935763 -2.82207
-2.991944
