-2.943218 -2.944675 -2.948069 -2.975163 -2.96487
-2.96824 -2.942303 -2.944367 -2.923952 -2.949408
-2.930241 -2.95029 -2.955762 -2.965667 -2.956721
-2.984115 -2.992342 -2.969571 -2.940288 -2.929046
-2.911867 -2.939257 -2.837226 -2.941766 -3.001567
-2.957847 -2.92286 -2.920666 -2.980078 -2.929212
-2.961143 -2.953856 -2.976005 -2.938277 -2.963871
-2.977086 -2.942228 -2.982157 -2.92882 -2.943354
-2.951959 -2.964293 -2.995746 -2.9543 -2.930318
-2.936435 -2.942649 -2.947743 -2.946826 -2.965164
-2.931119 -2.979872 -2.961531 -2.796467 -2.945607
-2.928506 -2.996322 -2.978795 -2.926269 -2.957427
-2.918471 -2.950029 -2.971526 -2.944249 -2.925516
-2.973741 -2.931391 -2.949054 -2.992136 -2.947101
-2.965079 -2.933972 -2.931274 -2.96879 -2.97559
-2.970572 -2.982219 -2.960164 -2.819072 -2.943126
-2.953058 -2.965323 -2.986922 -2.962431 -2.96553
-2.950807 -2.94529 -2.932827 -2.964075 -2.958078
-2.984661 -2.917631 -2.83699 -2.95118 -2.927807
-2.986461 -2.989518 -2.956381 -2.953227 -2.972866
-2.940734 -2.932258 -2.959733 -2.97028 -2.9451
-2.934944 -2.981815 -2.817426 -2.961542 -2.82556
-2.976607 -2.971077 -2.949307 -2.938871 -2.960975
-2.946257 -2.947005 -2.964037 -2.955939 -2.85823
-2.972056 -2.940478 -2.914133 -2.957966 -2.947452
-2.922365 -2.967396 -2.921373 -2.917355 -2.926282
-2.960907 -2.945271 -2.936126 -2.927518 -2.973061
-2.917342 -2.947607 -2.919398 -2.956605 -2.918635
-2.938728 -2.942683 -2.950755 -2.953417 -2.839832
-2.968069 -2.967103 -2.954 -2.944956 -2.927769
-2.951633 -2.981243 -2.93033 -2.987558 -2.916653
-2.960496 -2.937632 -2.942737 -2.929787 -2.952916
-2.969361 -2.840152 -2.953626 -2.959282 -2.961001
-2.950237 -2.961373 -2.964806 -2.960297 -2.974759
-2.931242 -2.96625 -2.964944 -2.981633 -2.956191
-2.86338 -2.94912 -2.97419 -2.93545 -2.920185
-2.848634 -2.940819 -2.935915 -2.929947 -2.960406
-2.941435 -2.920721 -2.975162 -2.928872 -2.930769
-2.976049 -2.941653 -2.918366 -2.956407 -2.960305
-2.972368 -2.966504 -2.962523 -2.949483 -2.9419
-2.945977
