-2.978338 -3.036743 -2.979235 -3.000966 -2.882306
-3.016447 -3.040732 -2.98344 -2.98195 -2.976883
-3.097715 -2.987386 -3.011478 -2.807118 -2.906821
-3.002836 -3.010464 -3.029858 -2.999831 -2.969361
-3.003273 -2.967555 -2.8689 -3.013079 -2.890182
-2.999535 -2.983959 -2.985275 -3.010826 -1.999786
-3.00264 -2.999293 -3.028314 -3.008925 -3.050022
-3.012824 -2.954467 -3.042249 -3.004376 -3.014601
-3.026396 -2.983278 -2.970419 -3.01703 -2.974888
-3.008872 -3.000914 -3.000985 -2.978649 -2.993593
-2.944785 -2.98965 -3.006992 -2.961572 -3.00119
-2.984829 -2.978123 -2.987053 -2.975631 -2.882217
-2.984437 -2.984954 -2.95421 -2.972733 -1.961042
-2.988262 -3.01512 -3.012014 -2.981922 -3.012764
-3.032652 -3.004294 -2.968458 -1.967826 -2.98256
-3.026263 -2.961802 -2.981554 -2.846785 -3.024951
-2.9853 -2.991309 -2.989862 -2.992251 -2.914393
-2.964163 -3.024182 -2.844675 -2.082936 -2.994753
-3.017374 -2.954721 -3.010487 -3.028077 -2.931553
-3.002188 -3.010631 -2.985542 -2.981307 -2.95384
-3.013926 -2.8785 -3.001827 -2.991741 -3.015239
-2.991816 -3.012694 -2.96493 -3.008104 -1.994608
-2.882897 -2.986097 -3.005773 -2.997433 -2.960687
-2.862003 -2.998333 -2.936872 -2.916907 -2.995453
-2.972192 -2.995082 -3.015769 -2.97773 -3.026218
-3.028511 -2.99303 -2.882324 -2.995601 -3.019714
-2.948114 -3.018132 -3.014504 -2.823127 -2.976832
-2.969951 -2.995365 -2.988563 -2.957416 -2.989358
-3.0093 -2.967944 -3.018619 -2.980405 -2.861615
-3.037611 -2.837748 -3.001945 -2.946238 -2.991324
-3.022499 -2.970225 -2.901239 -3.01109 -3.011078
-3.019171 -2.996757 -2.995146 -3.032088 -2.975493
-3.028162 -2.988136 -3.005085 -3.041109 -2.967214
-3.024923 -2.872971 -2.897953 -2.970025 -2.990484
-2.933993 -3.023802 -2.995759 -2.980807 -3.028852
-3.027647 -2.977939 -3.010991 -2.924196 -2.885069
-3.005868 -3.027606 -3.009077 -2.95402 -2.875785
-2.982909 -2.92656 -3.022315 -2.964343 -3.008864
-2.986135 -2.896482 -2.994683 -2.940062 -2.992257
-3.000713 -2.973128 -2.974118 -3.009497 -2.97801
-2.984532
