-2.943476 -1.986795 -2.921409 -2.874798 -2.837481
-2.827943 -2.945226 -2.864325 -2.971898 -2.92144
-2.816764 -2.932357 -2.983348 -2.913561 -2.950207
-2.918248 -2.920029 -2.884959 -2.930395 -2.96669
-2.947952 -2.911751 -2.881134 -2.965615 -2.922071
-2.946876 -2.997242 -2.931806 -2.951462 -3.001735
-2.965163 -2.930653 -2.960087 -2.942339 -2.932511
-2.917348 -2.957471 -2.934514 -2.922054 -2.933892
-2.921548 -2.965357 -2.999904 -2.937755 -2.973533
-2.933411 -2.924384 -2.959185 -2.969492 -2.914069
-2.920072 -2.967931 -2.923365 -2.913254 -2.80454
-2.921054 -2.804177 -2.955489 -2.927901 -2.84983
-2.944689 -2.939222 -2.968612 -2.935056 -2.896723
-2.983512 -2.8585 -2.946891 -2.969663 -2.875029
-2.962645 -2.926354 -2.929592 -2.942407 -2.973885
-2.944792 -3.02331 -2.915562 -2.901112 -2.73302
-2.938686 -2.875648 -2.930435 -2.942815 -2.895016
-2.977816 -2.943548 -2.938338 -2.976762 -2.921236
-2.92892 -2.917735 -2.941843 -2.908669 -2.92069
-2.9506 -2.938255 -2.900986 -2.935879 -2.917701
-2.926046 -2.984372 -2.917296 -2.938648 -2.925361
-2.919228 -2.957221 -2.961375 -2.973569 -2.921539
-2.939892 -2.996568 -2.941823 -2.959025 -2.960013
-2.891427 -2.964085 -2.902616 -2.944784 -2.964039
-2.942988 -2.882955 -2.947802 -2.936355 -2.940261
-2.945962 -2.928139 -2.967525 -2.946348 -2.962789
-2.942356 -2.911625 -2.887539 -2.972635 -2.939936
-2.929852 -2.951582 -2.93864 -2.919283 -2.945917
-2.902223 -2.980927 -2.961223 -2.906466 -2.933755
-2.973351 -2.956679 -2.923333 -2.988615 -2.880578
-2.915764 -2.95849 -2.978685 -2.979504 -2.931742
-2.944228 -2.917156 -2.908152 -2.975265 -2.840512
-2.974465 -2.881123 -2.92431 -2.951576 -2.874669
-2.882038 -2.923597 -2.915814 -2.937088 -2.833829
-2.945989 -2.78525 -2.860244 -2.947973 -2.900078
-2.985661 -2.969681 -2.89233 -2.820708 -2.922286
-2.92749 -2.844791 -2.944854 -3.001169 -2.920911
-2.914628 -2.954948 -2.976184 -2.944474 -2.951978
-2.978393 -2.929843 -2.902618 -2.962248 -2.893888
-2.940659 -2.831904 -2.922434 -2.933682 -2.914092
-2.883948
