-2.938676 -2.963052 -2.940282 -2.931333 -2.915827
-2.837744 -2.91535 -2.978468 -2.913222 -2.944325
-2.760238 -2.875418 -2.823916 -2.956108 -2.909469
-2.9297 -2.957188 -2.910713 -2.963995 -2.945941
-2.974782 -2.924768 -2.976086 -2.925083 -2.885256
-2.808696 -2.947496 -2.943417 -2.981599 -2.992924
-2.952654 -2.974918 -2.910171 -3.001652 -2.973506
-2.934778 -2.971233 -2.954129 -2.957397 -2.938688
-2.964976 -2.978429 -2.927799 -2.82492 -2.979219
-2.954365 -2.971904 -2.849662 -2.936669 -2.920586
-2.932064 -2.97008 -2.905623 -2.951989 -2.955743
-2.99496 -2.942371 -2.863253 -2.94887 -2.932008
-2.894175 -2.916963 -3.001531 -2.979099 -2.96807
-2.955766 -2.937479 -2.99274 -2.980505 -2.97586
-2.908513 -2.916001 -2.968174 -2.89173 -2.978245
-2.948861 -2.939023 -2.92375 -2.93193 -2.931243
-2.918669 -2.972975 -2.899934 -2.934388 -2.871901
-2.950606 -2.924607 -2.98517 -2.948925 -2.972324
-3.018088 -2.923501 -2.931753 -3.034218 -2.940332
-2.792273 -2.918388 -2.921409 -2.91349 -2.922964
-2.936465 -2.929646 -2.979185 -2.925776 -2.950807
-2.933453 -2.902391 -2.929268 -3.005301 -2.940923
-2.976546 -2.902609 -2.958235 -2.821015 -2.998437
-2.932279 -2.961576 -2.918692 -2.939469 -2.934112
-2.832771 -2.953444 -2.925738 -2.928407 -2.943482
-2.952184 -2.940394 -2.954412 -2.940355 -2.880927
-2.889695 -2.942317 -2.935232 -2.93695 -2.938636
-2.971071 -2.871958 -2.898166 -2.927079 -2.871745
-2.941402 -2.920251 -2.916316 -2.824487 -2.951554
-2.952226 -2.963 -2.770623 -2.953547 -2.926483
-2.973075 -2.959718 -2.973372 -2.968703 -2.956566
-2.970059 -3.057369 -2.91376 -2.949209 -2.93495
-2.970456 -2.944217 -2.983268 -2.939432 -2.996819
-2.924826 -2.959869 -2.813327 -2.941781 -2.939004
-2.935643 -2.95474 -3.006918 -2.982307 -2.950802
-2.853693 -2.944375 -3.002148 -2.899593 -2.756386
-3.032397 -2.889151 -2.909537 -2.953049 -2.962054
-2.977844 -3.05628 -2.951616 -2.976386 -2.969793
-2.999508 -2.975522 -3.025217 -2.954102 -2.90958
-2.950293 -2.968689 -2.822538 -2.933052 -2.937299
-2.901266
