-2.949943 -2.950612 -2.963154 -2.965144 -2.970562
-3.000634 -2.967995 -3.013172 -3.014793 -2.989058
-2.971719 -2.979247 -2.973542 -2.981907 -2.936583
-2.84915 -2.897471 -2.962786 -2.945457 -2.853554
-3.024519 -2.966751 -2.964463 -2.958347 -2.962729
-2.95648 -3.019146 -2.991588 -2.926937 -2.841639
-2.960691 -2.983372 -2.936942 -2.962732 -2.987286
-2.879773 -2.99158 -3.004329 -3.001994 -2.944584
-3.060331 -2.967139 -2.918967 -2.992813 -2.958705
-2.883847 -3.028497 -2.988778 -2.936641 -3.003937
-3.050415 -3.023399 -3.042188 -2.972304 -2.942624
-2.98705 -2.947298 -2.930669 -3.002081 -2.983203
-2.950279 -2.996519 -3.000556 -2.964728 -2.941185
-2.929434 -2.966803 -2.979608 -2.943686 -2.936327
-2.93803 -2.129478 -2.989721 -2.959894 -2.952698
-2.987044 -2.959496 -2.956364 -3.027052 -3.001071
-2.947797 -2.969315 -2.966801 -2.833761 -2.865958
-2.959729 -2.97772 -2.963747 -2.966117 -2.841327
-2.961434 -2.975224 -2.868208 -3.004772 -2.939213
-2.947361 -2.996027 -2.935997 -2.994145 -3.012857
-2.986632 -2.936196 -3.01164 -2.954494 -2.937407
-2.952148 -2.954822 -2.946035 -3.031417 -2.940197
-2.955228 -2.977596 -2.978917 -2.857828 -2.955832
-2.963088 -3.006366 -2.940497 -2.991441 -2.920245
-2.958035 -2.989164 -2.970911 -2.941647 -2.992933
-2.964107 -2.974545 -2.965304 -2.916338 -2.933097
-2.997684 -2.949996 -3.039904 -2.071898 -2.959915
-2.961001 -2.992283 -2.970047 -2.966213 -2.999908
-2.983136 -2.920513 -2.998215 -2.990481 -2.987289
-2.924438 -2.951803 -2.994045 -2.973907 -2.991435
-3.025882 -2.971134 -2.987493 -2.944458 -2.953651
-2.889023 -2.943578 -3.030736 -2.971036 -2.965183
-2.951696 -2.952786 -2.927099 -2.996713 -2.92047
-2.885018 -2.959709 -2.983584 -2.990279 -3.015981
-2.994991 -2.87995 -2.881432 -2.983234 -2.986741
-2.99108 -2.71283 -2.99762 -2.96056 -2.953509
-2.996664 -2.972557 -2.930759 -2.987703 -2.958163
-2.983889 -2.956922 -2.983723 -2.951329 -2.949483
-2.942356 -2.93715 -2.956461 -2.989356 -3.00245
-2.970375 -2.967393 -2.961925 -3.038937 -2.031007
-3.003744
