-2.892655 -3.070139 -2.961243 -2.97731 -2.978522
-3.070658 -2.956451 -2.939203 -3.097909 -3.016503
-3.047413 -3.005651 -2.949052 -3.008141 -2.927562
-2.990424 -3.070559 -2.795751 -3.008021 -2.803705
-3.081323 -2.956568 -3.04794 -3.040444 -2.996735
-2.920091 -2.926395 -3.046574 -3.034279 -2.957476
-2.903465 -2.991242 -3.122647 -2.930669 -3.038669
-3.043594 -3.02994 -2.892362 -2.986679 -2.965503
-3.07684 -2.900266 -2.902951 -2.943218 -2.974954
-2.886534 -2.938606 -2.994662 -2.955944 -3.079151
-3.009512 -2.877739 -2.963515 -2.981061 -2.991837
-2.897476 -2.920308 -3.017511 -2.989919 -2.988076
-3.000242 -2.927307 -3.027854 -2.962174 -3.066322
-3.130435 -3.011407 -3.01673 -3.097641 -3.046255
-2.969715 -2.97003 -3.030138 -2.99097 -3.149428
-2.985521 -3.031674 -3.147408 -3.010098 -2.978474
-3.015574 -2.981896 -2.993588 -3.140526 -3.042119
-2.89722 -2.932612 -2.90429 -2.978177 -3.17049
-2.964364 -3.007179 -2.988507 -2.980253 -2.95519
-3.027407 -2.898339 -3.002569 -2.997457 -2.996048
-3.04742 -2.97436 -2.944617 -3.140855 -2.91488
-2.95958 -3.028353 -2.897108 -2.958748 -3.05631
-3.037233 -3.007964 -2.913374 -3.099194 -2.999925
-3.000859 -3.062451 -2.90208 -3.027864 -3.09632
-3.059221 -2.942144 -2.932883 -2.863351 -2.960521
-2.899219 -2.887934 -3.048258 -2.79574 -3.100903
-3.037691 -3.025172 -2.982037 -2.949064 -3.017807
-3.070009 -2.934641 -2.943448 -3.042083 -2.994048
-3.027698 -2.968519 -2.966519 -2.904269 -2.969352
-2.913618 -2.979846 -3.117587 -3.006466 -3.127811
-3.115739 -3.139462 -3.043506 -3.038153 -3.021555
-3.003842 -2.987401 -2.969877 -3.014025 -3.035154
-2.993235 -3.02852 -2.887731 -2.95824 -2.864599
-3.047026 -3.104186 -3.069397 -2.962021 -2.960879
-2.978367 -2.972402 -3.058582 -3.175362 -2.911295
-3.006893 -2.981417 -2.957343 -3.020001 -2.998796
-2.980205 -2.952681 -3.057431 -3.024863 -3.040071
-3.092804 -3.11285 -2.916736 -3.00659 -3.128179
-3.018902 -2.981783 -2.918148 -2.910965 -2.928882
-2.999307 -2.913185 -2.883453 -3.064572 -3.05502
-2.978068
