-3.034473 -2.771061 -3.019141 -3.050675 -3.100231
-3.011613 -3.034049 -3.078946 -3.073116 -3.05958
-3.047624 -3.08571 -3.089981 -2.873968 -3.045776
-3.066351 -3.029731 -3.097523 -3.064564 -3.092527
-3.098441 -3.026279 -3.156145 -3.046836 -3.053774
-3.01624 -3.079494 -3.01862 -3.095109 -2.901362
-3.078518 -2.951807 -3.101016 -2.720706 -3.060851
-3.051382 -3.082422 -3.002539 -3.126712 -3.052433
-3.017141 -2.890492 -3.089688 -3.047347 -3.027879
-3.080616 -3.036166 -2.949768 -3.131054 -3.047542
-3.072423 -3.009571 -2.936389 -3.072161 -3.043287
-3.004648 -3.013965 -3.09215 -2.911311 -3.07956
-3.099089 -3.098726 -3.053954 -3.017652 -3.074238
-3.145655 -3.0509 -3.069412 -3.03872 -2.917392
-3.04748 -2.894056 -3.061954 -3.074584 -3.074094
-3.095178 -3.059375 -3.077958 -3.044294 -3.058784
-3.045086 -2.924405 -1.973754 -3.092778 -3.036792
-2.997475 -3.108954 -3.068822 -3.059128 -3.069866
-3.079992 -3.042084 -3.011516 -3.09564 -3.053477
-3.057079 -3.064878 -3.110609 -3.085896 -3.082105
-3.010269 -2.969455 -3.007017 -3.09946 -3.052366
-3.043355 -2.919169 -3.118143 -3.022389 -3.053611
-3.093817 -3.023525 -3.067799 -3.06103 -3.058253
-3.043356 -3.057049 -3.044531 -3.044533 -3.033215
-2.909933 -3.053076 -3.054174 -3.059061 -3.144214
-3.050323 -2.972941 -3.064965 -2.935639 -2.916921
-3.085354 -3.070497 -3.043268 -2.904965 -3.024448
-3.036893 -3.029002 -3.05758 -3.052819 -3.077713
-3.06955 -3.069736 -3.020323 -1.985909 -3.06388
-3.103577 -3.05431 -3.071289 -3.089421 -3.040434
-3.043787 -3.00877 -3.116018 -3.037497 -3.112687
-3.066638 -3.025774 -3.09152 -3.05361 -3.029753
-3.085625 -3.077294 -3.02394 -3.068166 -3.028095
-3.09378 -1.988411 -3.039666 -3.038588 -3.050381
-3.107915 -3.047103 -3.090505 -3.012828 -3.052647
-3.016307 -3.025637 -3.067951 -3.046746 -3.062211
-3.081402 -3.077148 -3.051779 -3.094375 -3.036422
-3.104064 -2.80209 -3.01614 -3.084862 -2.987171
-3.036193 -3.05896 -3.013568 -3.030781 -3.066784
-3.113615 -3.084964 -3.04758 -3.093106 -2.952416
-3.060675
