-2.945208 -2.955537 -2.931977 -2.933566 -3.00416
-2.996435 -2.935102 -2.951276 -2.807268 -3.002991
-2.892484 -2.959526 -2.926666 -2.930439 -2.94042
-2.959854 -2.983169 -2.968189 -2.938321 -2.926334
-2.956325 -2.951388 -2.97455 -2.966654 -2.96454
-2.949563 -2.991256 -2.929198 -3.008458 -2.979087
-2.92363 -2.950809 -2.98648 -2.923853 -2.958517
-2.800344 -2.950109 -2.926533 -2.926134 -2.976769
-2.929301 -2.936011 -2.960318 -2.975645 -2.944484
-2.932147 -2.930539 -2.975655 -2.959056 -2.942852
-2.934938 -2.951868 -2.990044 -2.943592 -2.925639
-2.951736 -2.937506 -2.952172 -2.964796 -2.982754
-2.927472 -2.946728 -2.985247 -2.849514 -2.90167
-2.940289 -2.938429 -2.912243 -2.945909 -2.925505
-2.94621 -2.937716 -2.94033 -2.929943 -2.952392
-2.926311 -2.987182 -2.932407 -2.924753 -3.000058
-2.928537 -2.916625 -2.951773 -2.946765 -2.930788
-2.933684 -2.943896 -2.943127 -2.948856 -2.966291
-2.95222 -2.910588 -2.95278 -2.928752 -2.947707
-2.988118 -2.936629 -2.932161 -2.934702 -2.971215
-2.91004 -2.941127 -2.967715 -2.943838 -2.915419
-2.933059 -2.959062 -2.93176 -3.010881 -2.941997
-2.968875 -2.945522 -2.919933 -3.014005 -2.976554
-2.946432 -2.97373 -2.788614 -2.959512 -2.946757
-2.967367 -2.968879 -2.947569 -2.953969 -2.919141
-2.937594 -2.934326 -2.924708 -2.865117 -2.934968
-2.978064 -2.898071 -2.942349 -2.950653 -2.942628
-2.964039 -2.94979 -2.933988 -2.991038 -2.935961
-2.95676 -2.949654 -2.958967 -2.964146 -2.941396
-2.964818 -2.96012 -2.938277 -2.901401 -2.947386
-2.918281 -2.865693 -2.97601 -2.926393 -2.924072
-2.906418 -2.939754 -2.947171 -2.940867 -2.926817
-2.931122 -2.952907 -2.946568 -2.950702 -2.951003
-2.928854 -2.917563 -2.9614 -2.935546 -2.963729
-2.991819 -2.985235 -2.943802 -2.926249 -2.96504
-2.935884 -2.919366 -2.975741 -2.97949 -2.984591
-2.915688 -2.886132 -2.915999 -2.941815 -2.931131
-2.915605 -2.909802 -2.008288 -2.962934 -2.948992
-1.973946 -2.936549 -2.992377 -2.943546 -2.970596
-2.935258 -2.917974 -2.972058 -2.893957 -3.007208
-2.960743
