-2.968685 -2.975299 -2.957664 -2.955711 -3.005552
-2.983006 -2.998494 -2.958029 -2.990815 -2.860788
-2.958039 -2.995369 -2.980759 -2.972686 -2.982849
-2.975181 -2.937581 -2.943961 -2.988299 -2.961499
-2.982843 -2.969258 -2.93264 -2.930384 -2.991656
-2.956441 -2.816053 -2.95866 -2.952495 -2.984128
-2.986576 -2.886269 -2.972368 -2.985673 -2.983972
-3.018043 -2.974412 -2.998809 -2.959639 -2.996737
-2.980047 -2.955871 -2.97358 -2.96897 -2.986405
-2.958076 -2.96795 -2.973554 -2.962349 -2.985691
-3.016702 -2.991416 -2.995484 -2.996992 -3.014054
-2.830055 -2.984479 -2.978108 -2.988454 -3.031178
-2.992539 -2.96531 -2.968397 -3.017903 -2.982809
-2.990207 -2.960405 -2.988271 -2.940065 -2.930026
-2.969992 -2.949251 -2.970129 -2.966557 -2.959055
-2.967473 -2.953784 -2.944486 -2.996495 -2.977533
-2.978805 -2.948395 -2.972237 -2.963362 -2.960241
-2.978195 -2.962652 -2.963371 -3.00573 -2.943832
-2.961997 -3.013015 -2.994606 -2.947518 -2.973925
-2.960205 -2.989653 -3.000869 -2.841982 -2.979914
-2.980139 -2.931375 -2.945912 -2.98667 -2.987427
-2.939601 -2.906849 -2.960383 -2.857319 -2.988973
-2.992108 -2.990011 -2.99179 -2.990193 -2.963433
-2.994777 -2.997063 -2.960098 -2.997516 -3.005584
-2.966889 -2.995687 -2.947453 -2.98962 -2.989702
-2.978906 -2.984383 -2.950553 -2.990653 -2.954549
-2.947394 -2.979938 -2.947274 -2.962185 -2.984155
-2.974907 -2.942678 -2.963913 -2.978585 -2.971261
-2.964121 -2.982366 -2.867179 -2.973264 -2.98579
-2.979373 -2.949909 -2.992831 -3.003938 -2.972392
-2.934171 -2.958192 -2.950366 -2.962035 -2.971374
-2.994841 -2.978717 -2.958133 -2.947304 -2.971025
-2.962445 -2.984298 -2.874711 -2.846638 -2.947364
-2.979381 -2.948856 -3.002605 -2.969184 -2.961472
-3.005388 -2.964672 -3.001769 -3.003587 -2.950913
-2.97584 -3.000824 -2.993421 -2.987218 -2.957141
-2.956432 -2.982716 -2.964805 -2.955589 -3.017688
-2.833542 -2.981808 -2.987987 -2.995437 -2.986301
-2.965585 -2.958852 -2.996701 -2.957738 -2.985829
-3.001971 -2.96784 -2.988068 -2.953405 -2.963123
-2.984015
