-3.042953 -2.882555 -3.058177 -3.081897 -3.072601
-3.046936 -3.093755 -3.015433 -3.02286 -3.060854
-3.039577 -3.041994 -3.017848 -3.048416 -3.057603
-3.053429 -3.023002 -3.019237 -3.039018 -3.07683
-3.068207 -3.039414 -3.032905 -3.017258 -3.085719
-3.029509 -2.93361 -3.092732 -3.028364 -2.997502
-3.071873 -3.040508 -3.066997 -3.004184 -3.03182
-3.057481 -3.044486 -3.008983 -2.987924 -2.978095
-3.02931 -3.02477 -3.05741 -3.077657 -3.089176
-3.04461 -3.094371 -2.966693 -3.042705 -3.020893
-3.076718 -3.07441 -3.025268 -3.080187 -3.059755
-3.044068 -3.091781 -3.008497 -3.071411 -2.971906
-3.045798 -3.082798 -2.992729 -3.031659 -3.030452
-2.987053 -3.040481 -3.039228 -3.036683 -3.039684
-3.065245 -3.042761 -3.039799 -3.045619 -3.015246
-3.025443 -3.089391 -3.006389 -3.058861 -2.941818
-3.073125 -1.985684 -3.1184 -3.023811 -3.062604
-3.054478 -3.120476 -3.044938 -3.048138 -3.026897
-3.043466 -3.047972 -3.076122 -3.067002 -3.036723
-3.091469 -3.088172 -3.041159 -3.082652 -3.079228
-3.060505 -3.0491 -3.051169 -3.066757 -3.06913
-3.057882 -3.03589 -3.091005 -3.064208 -3.093742
-2.998471 -3.057946 -3.064113 -3.070917 -3.021319
-2.970917 -3.100416 -3.055823 -3.064212 -3.055955
-3.016937 -3.060838 -3.072326 -3.062314 -3.070235
-3.074986 -3.016972 -3.083242 -3.044034 -3.031218
-2.961417 -3.063533 -3.042909 -3.031513 -3.069265
-3.07447 -3.089075 -3.055479 -3.108484 -3.06632
-3.09222 -3.129289 -3.064712 -3.049278 -3.06644
-3.058749 -3.032484 -3.062783 -3.037171 -3.041594
-3.035714 -3.052642 -3.052064 -3.108507 -3.051291
-3.068262 -3.034292 -3.060872 -3.064049 -3.082738
-3.075578 -3.091708 -3.014897 -3.089893 -3.07114
-3.059344 -3.041179 -3.049878 -3.023784 -3.048156
-3.017483 -3.054039 -2.075312 -3.0522 -3.110196
-3.072783 -3.116345 -3.079219 -3.075199 -3.057818
-3.089032 -3.08464 -2.89891 -2.922835 -3.069021
-3.018614 -3.09979 -3.02799 -3.078883 -2.937186
-2.959032 -2.999979 -3.077333 -3.044008 -3.004746
-3.053505 -2.998145 -3.027767 -2.985743 -3.097392
-3.023705
