-2.926244 -2.971964 -2.937094 -2.917296 -2.960202
-2.946038 -2.84164 -2.931568 -2.907574 -2.903204
-2.920378 -2.974131 -2.978806 -2.909158 -3.018097
-2.943153 -2.865909 -2.940218 -2.976531 -2.943998
-2.927393 -2.945083 -2.978622 -2.975274 -2.947047
-2.812017 -2.918344 -2.927466 -2.929684 -2.965583
-2.955373 -2.941964 -2.961426 -2.804264 -2.972294
-2.909863 -2.896546 -2.887417 -2.93034 -2.979624
-2.911132 -3.016565 -2.948742 -2.965276 -2.886787
-2.926063 -3.003784 -2.936672 -2.976622 -2.93516
-2.939732 -2.963142 -2.904738 -2.96096 -2.963437
-2.973202 -2.985115 -2.808332 -2.908545 -2.968925
-2.902818 -3.000915 -2.896491 -2.953979 -2.982203
-2.979411 -2.972459 -2.928644 -2.87381 -2.77502
-2.938598 -2.951391 -2.896169 -2.99968 -2.935349
-2.923757 -2.906526 -2.966659 -2.955855 -2.911716
-2.940774 -2.954084 -2.945944 -2.953815 -2.882271
-2.94275 -2.894006 -2.946869 -2.931919 -2.887932
-2.947411 -2.942799 -2.839484 -2.966318 -2.944235
-2.885304 -2.908766 -2.860414 -2.942189 -2.96491
-2.993821 -2.904654 -2.919062 -2.900042 -2.955792
-2.94525 -2.938808 -2.959683 -2.896955 -2.932675
-2.9128 -2.946941 -2.887187 -2.96458 -2.914109
-2.934592 -2.954731 -2.936358 -2.952471 -2.939749
-3.015186 -2.978402 -2.944169 -2.916027 -2.940517
-2.932315 -2.859312 -2.921318 -3.020545 -2.973438
-2.980897 -2.972569 -2.931845 -2.975686 -2.963084
-2.930016 -2.940311 -2.890061 -2.885135 -2.976624
-2.917926 -2.961245 -2.996579 -2.860031 -2.871425
-2.930073 -2.975845 -2.907958 -2.969449 -2.968059
-2.955298 -2.911387 -2.916518 -2.984974 -2.974281
-2.933426 -2.94889 -2.844738 -2.872783 -2.927942
-2.873151 -2.930084 -2.975952 -2.955692 -2.964854
-2.896526 -2.990506 -2.946068 -2.953776 -2.945823
-2.892347 -2.920166 -2.931093 -2.866795 -2.915303
-2.930358 -2.925063 -2.953484 -2.964144 -2.970232
-2.921697 -2.93991 -2.962114 -2.950096 -3.035619
-2.925483 -2.934607 -2.942473 -2.969265 -2.975258
-2.954893 -2.868949 -2.883967 -2.999935 -2.924778
-2.937157 -2.92961 -2.905468 -3.013502 -2.930092
-2.85544
