-2.981464 -2.978689 -2.968494 -2.981378 -3.012943
-2.992732 -3.00424 -2.9787 -2.954712 -2.984577
-2.989543 -2.967666 -2.943315 -2.925406 -3.006268
-2.987744 -2.850408 -2.948018 -2.987645 -3.007898
-3.003897 -2.996729 -3.018832 -3.03222 -3.034559
-2.843239 -2.998231 -3.012124 -2.981639 -3.00871
-2.975607 -2.95941 -2.828468 -3.058646 -2.964337
-3.001186 -2.972967 -2.993983 -2.980685 -3.014966
-3.04181 -3.0045 -2.991157 -2.902269 -3.002461
-2.997609 -2.999014 -2.85124 -2.968312 -2.991604
-2.798436 -3.01163 -2.963775 -3.013175 -2.972498
-3.011492 -3.00507 -2.98678 -3.002523 -2.962101
-2.8286 -2.870408 -2.975798 -2.953266 -2.996791
-2.958909 -2.980636 -3.006015 -3.013867 -2.94375
-2.990335 -2.991407 -2.996222 -2.992749 -3.057939
-3.032422 -2.859277 -2.973538 -3.00294 -2.988411
-2.967522 -2.984335 -3.031925 -2.880093 -2.955663
-2.985887 -3.033738 -3.007129 -3.033985 -2.997112
-2.977624 -2.979375 -2.928396 -2.855818 -2.985811
-2.099486 -2.973105 -3.008949 -2.999264 -2.952709
-3.017737 -2.932042 -2.994219 -2.885126 -3.010264
-2.989774 -2.940426 -2.975354 -2.968069 -3.054459
-2.99345 -2.996333 -2.931613 -3.052013 -3.002309
-2.982401 -2.988884 -3.009104 -3.02329 -3.012159
-2.989835 -2.997314 -2.970397 -2.96814 -2.96399
-2.997973 -2.963105 -3.013532 -3.025848 -3.004628
-2.979442 -2.897495 -3.036523 -2.956832 -3.073031
-2.967802 -2.986241 -3.007159 -2.976425 -2.962809
-2.953812 -3.020134 -2.954835 -3.016907 -3.006842
-2.972543 -2.958721 -2.972562 -2.947591 -2.996611
-3.016674 -2.977187 -3.027538 -3.014388 -2.896593
-2.98959 -2.949176 -2.977385 -3.002027 -2.969621
-3.001752 -3.017487 -2.96475 -2.946072 -3.019752
-2.74145 -3.017989 -2.942262 -3.01584 -2.989591
-2.956982 -3.00336 -2.972486 -3.004628 -3.019257
-2.948605 -2.981456 -2.981684 -3.009848 -3.036765
-2.980477 -3.028018 -2.942645 -3.008797 -3.05769
-2.95001 -2.993577 -2.876389 -2.9559 -2.988617
-2.964366 -2.985079 -2.937108 -2.990498 -2.972405
-2.995068 -3.035461 -2.999443 -2.988094 -3.031204
-2.992028
