-2.993808 -3.058724 -3.047598 -3.084465 -3.018323
-2.978392 -2.946136 -3.048439 -2.958068 -3.01305
-3.005447 -3.016585 -3.033109 -3.088071 -3.010605
-2.957758 -2.989036 -2.963767 -2.868001 -3.006785
-3.005296 -3.053555 -3.037288 -2.989839 -2.96665
-3.002111 -3.007192 -3.008024 -3.003553 -3.002375
-2.912927 -3.006188 -3.010076 -3.048965 -3.000307
-3.037298 -3.002826 -3.060437 -3.022726 -3.004275
-2.87752 -2.910853 -2.983944 -2.932163 -3.005979
-2.988933 -3.00856 -2.99967 -2.997393 -2.948619
-2.977428 -3.008895 -2.977743 -3.019155 -2.977971
-3.033421 -2.990596 -2.983094 -2.932084 -2.998553
-3.001974 -3.031666 -3.01466 -3.021446 -3.05418
-3.035154 -3.00648 -3.009953 -2.963609 -3.002784
-2.990011 -3.044058 -2.993918 -2.978401 -2.85025
-3.031662 -2.999383 -2.978412 -2.987118 -2.996267
-2.882716 -2.962649 -2.965964 -2.867814 -2.980805
-3.037471 -3.037131 -3.06536 -2.968976 -2.918791
-3.059676 -3.041062 -3.020216 -3.011646 -3.073756
-2.991652 -3.000336 -3.013662 -3.002894 -3.021455
-3.053479 -3.035788 -2.995107 -2.950697 -3.02879
-3.008845 -3.02668 -2.941426 -2.988394 -2.966418
-3.045445 -3.095327 -3.017449 -3.033353 -2.988118
-3.013292 -2.978863 -3.02669 -2.990974 -2.975368
-2.970093 -3.03386 -3.032766 -3.047763 -2.984741
-3.010596 -3.003144 -3.057811 -3.017418 -3.042467
-3.033981 -3.011937 -2.868529 -3.035525 -3.03504
-2.995525 -2.973399 -2.990915 -2.984385 -2.862097
-2.957265 -3.00504 -3.07527 -2.062686 -3.004062
-2.957541 -2.993283 -2.934256 -3.008848 -3.037461
-3.05459 -3.003972 -3.038183 -3.027984 -2.998573
-3.021696 -2.899786 -3.001551 -2.963817 -3.036934
-2.900797 -3.015234 -3.001394 -2.976971 -3.048396
-3.035262 -2.861936 -2.993629 -3.005897 -3.02766
-2.994899 -3.079931 -3.024681 -3.035474 -3.034952
-3.036663 -2.97332 -3.035334 -3.005294 -2.974045
-2.982561 -2.984279 -3.006779 -2.99831 -3.035751
-2.975004 -3.011631 -3.01168 -3.0185 -3.040454
-2.964046 -3.080354 -3.023364 -2.962922 -3.00719
-3.002531 -3.005099 -2.983135 -2.987101 -3.030644
-2.992131
