-2.975263 -2.971999 -2.997201 -2.88579 -3.013896
-3.013726 -2.897001 -2.987835 -2.991046 -3.042137
-2.99763 -2.9877 -3.051111 -3.023776 -2.064349
-2.99551 -3.008033 -3.012792 -2.976282 -2.986523
-3.01799 -2.996634 -3.011141 -2.968841 -3.030281
-2.973384 -2.972936 -3.020373 -2.890824 -2.997596
-3.03298 -2.975501 -3.010005 -3.008677 -2.970949
-3.006465 -2.032653 -2.952798 -3.008426 -3.009614
-2.981549 -3.052585 -3.001904 -3.005637 -2.880668
-3.05695 -2.999147 -2.985162 -2.981547 -2.972403
-2.932333 -2.991518 -3.003465 -2.991722 -2.980905
-2.98561 -2.887588 -3.009112 -2.969299 -1.998273
-2.854776 -3.015076 -2.97195 -3.021474 -3.018793
-3.006074 -3.025968 -3.046518 -2.970146 -2.854456
-2.992817 -3.006982 -3.03397 -3.018735 -3.039091
-3.031863 -2.986738 -2.841404 -2.980922 -3.029539
-3.036012 -3.004415 -3.0474 -3.049809 -2.988247
-2.974911 -2.992903 -2.95626 -2.999624 -3.037953
-3.032686 -2.949847 -3.039428 -2.999985 -2.961018
-2.973422 -3.018529 -2.97536 -2.985825 -3.004603
-2.967105 -3.035409 -2.983889 -3.032324 -2.01567
-2.879287 -2.977948 -2.992848 -3.03103 -3.035402
-3.034651 -3.003735 -2.985331 -3.012806 -3.003451
-2.988167 -2.993781 -2.834604 -2.994122 -2.997877
-2.975927 -2.999946 -3.003015 -2.996013 -3.003895
-2.979854 -3.005359 -2.945285 -3.014278 -2.998473
-2.97944 -2.987626 -2.998693 -2.076164 -3.014084
-3.011385 -2.950682 -2.98519 -3.01607 -3.040479
-2.993072 -3.021103 -3.006612 -3.034473 -2.990621
-3.012744 -2.958415 -3.000374 -3.016959 -2.965425
-2.999537 -2.974551 -3.022701 -3.009593 -2.97248
-2.97053 -2.965112 -2.959327 -2.999379 -2.985688
-2.834703 -3.018691 -2.975671 -3.002651 -2.997366
-3.039354 -2.953097 -3.023618 -3.015036 -3.031813
-2.949767 -3.022591 -2.972434 -3.007424 -2.991941
-3.036846 -2.985649 -3.011248 -2.999085 -3.04778
-3.046396 -3.009026 -3.012049 -3.042269 -2.956717
-3.012435 -2.93813 -2.990728 -3.001272 -2.880055
-2.99307 -3.017503 -2.954568 -2.989809 -2.871795
-3.009741 -2.978235 -3.045577 -2.976712 -2.094735
-3.027718
