-2.977137 -2.851872 -2.984085 -2.981005 -2.979074
-2.98336 -2.990558 -2.445771 -2.986917 -2.86718
-2.987131 -2.988454 -2.983824 -2.953765 -2.981601
-2.970347 -2.979922 -2.952848 -2.989836 -2.974412
-2.986409 -2.997487 -2.979499 -2.041762 -2.922658
-2.868936 -2.857542 -2.953455 -2.828808 -2.876632
-2.82318 -2.841326 -2.911931 -3.036891 -3.002586
-2.868841 -3.001818 -2.951543 -2.836189 -2.976282
-2.836524 -2.958993 -2.920155 -2.955675 -2.991579
-2.97686 -2.983925 -2.979447 -2.984221 -2.858219
-2.996277 -2.941898 -2.964774 -2.991908 -2.997625
-2.832034 -2.948851 -2.973408 -3.017865 -2.981444
-3.004642 -2.860931 -2.987967 -2.99497 -2.975333
-2.863495 -2.944687 -2.982555 -2.932418 -2.994059
-3.003921 -2.966497 -2.988467 -2.844616 -2.835618
-2.999954 -2.857167 -2.92812 -2.942024 -2.971503
-2.98226 -2.847164 -3.001003 -2.977939 -2.84078
-2.989359 -2.972795 -2.972567 -2.990515 -2.969054
-2.969329 -2.95055 -2.970533 -2.967608 -2.97538
-2.983359 -2.85861 -2.963494 -2.98578 -2.973896
-2.995096 -2.904336 -2.963747 -2.971506 -2.864848
-2.965173 -3.00001 -2.991277 -2.85183 -2.957356
-2.959202 -2.870585 -2.972172 -2.976648 -2.990803
-2.973716 -2.962701 -2.865709 -2.954389 -3.013278
-2.957043 -2.965805 -2.976809 -1.998742 -2.981426
-2.940476 -2.98934 -2.858025 -2.991937 -2.953022
-2.998619 -2.945202 -3.005654 -2.98565 -2.969889
-2.978433 -2.990046 -2.835059 -2.97687 -2.973413
-2.886919 -2.97166 -2.973959 -2.977747 -2.95377
-2.84973 -2.967322 -2.904471 -2.990081 -2.84455
-2.958608 -2.875562 -2.982916 -2.980015 -2.950988
-2.973892 -2.962027 -2.958004 -2.850248 -2.976707
-2.999538 -2.969006 -2.987128 -2.993652 -2.981938
-2.069243 -3.007473 -2.831023 -2.986179 -2.949901
-2.959362 -2.994183 -2.980159 -3.021491 -2.962678
-2.924895 -2.996057 -2.983375 -2.965866 -2.96688
-2.976721 -2.993199 -2.933723 -2.838228 -2.853006
-2.977469 -2.846259 -2.9632 -2.975361 -2.845419
-3.021872 -2.993096 -2.982861 -2.971478 -2.857106
-2.949189 -2.968215 -2.994911 -3.001024 -2.971792
-2.970288
