-2.959081 -2.951527 -2.931735 -2.949817 -2.984751
-2.969795 -2.983259 -3.002718 -2.967228 -2.971971
-2.970567 -3.008739 -2.970795 -2.99307 -2.960102
-2.932165 -2.988477 -2.930416 -2.910352 -2.938051
-2.963275 -2.879799 -2.965001 -2.986459 -2.884351
-2.99026 -2.973546 -3.028177 -2.983771 -2.816221
-2.998673 -2.850752 -2.855205 -2.950257 -2.990405
-2.97067 -2.971783 -2.996258 -2.968026 -2.931154
-2.929205 -2.976167 -2.97245 -2.970459 -2.948813
-2.934745 -3.032551 -2.992751 -2.945273 -2.808325
-2.940802 -2.96637 -2.9791 -2.981742 -2.973876
-2.953472 -2.956052 -2.962449 -3.005068 -2.973727
-3.010674 -2.952281 -2.969904 -2.848372 -2.97912
-2.964099 -2.965976 -2.938734 -2.949211 -2.853885
-2.960175 -2.959132 -2.93885 -2.995645 -2.974442
-2.953482 -2.940621 -2.999 -2.948971 -3.00019
-2.924473 -2.942617 -2.97839 -2.977547 -2.939916
-2.976996 -2.977605 -2.984032 -2.951688 -2.977902
-3.021677 -2.960169 -2.938733 -2.954134 -2.998736
-2.96313 -2.954072 -2.929505 -2.951876 -1.974877
-2.958424 -2.940878 -2.901256 -2.947261 -2.887849
-3.000723 -2.930509 -2.943359 -2.9623 -2.93382
-3.002684 -2.943486 -2.83084 -2.8316 -2.972425
-2.972308 -2.949283 -2.939274 -2.9894 -2.840141
-2.851251 -3.000195 -2.966532 -2.93968 -2.976338
-2.909818 -2.984628 -2.983749 -2.985495 -2.984765
-2.955807 -2.841092 -2.936814 -2.985992 -2.978445
-2.941583 -2.850515 -2.960606 -2.985362 -2.97089
-2.972164 -2.985758 -2.939345 -2.942084 -2.962379
-2.96126 -2.948642 -2.971768 -2.975972 -2.930076
-3.003243 -2.933411 -2.930397 -2.957129 -2.919795
-2.972073 -2.953441 -2.936331 -2.969398 -3.022604
-2.939654 -2.95602 -2.986007 -2.948894 -2.936855
-2.976793 -2.938412 -2.885295 -2.972612 -2.983322
-2.986876 -2.933172 -2.984287 -2.952541 -2.939894
-2.720109 -2.920746 -2.845601 -2.859212 -2.985988
-2.987944 -2.982893 -2.938954 -2.995764 -2.951239
-2.986354 -2.973148 -2.973892 -2.966583 -2.905323
-2.923578 -2.982749 -2.991976 -2.957627 -2.966798
-2.955962 -2.941413 -3.009024 -2.947811 -2.862963
-2.990958
