-3.017534 -3.023848 -3.092499 -3.079227 -2.95739
-3.012204 -3.048886 -3.007582 -2.898796 -3.097675
-2.963742 -2.987924 -3.074622 -3.062599 -3.016983
-3.010697 -3.02616 -3.053963 -3.05429 -3.040824
-3.045703 -3.06752 -2.98718 -3.147597 -3.076708
-3.044276 -2.991632 -2.974646 -3.060969 -2.965438
-3.061651 -3.043226 -3.001333 -3.040092 -3.036577
-2.908663 -2.976769 -2.965127 -3.051865 -2.924575
-3.093317 -3.031873 -3.007108 -2.958764 -2.95026
-3.004572 -3.006566 -3.049775 -2.83104 -3.005159
-1.909303 -2.974862 -3.014987 -3.080861 -3.00204
-3.06867 -2.999613 -2.92951 -3.08339 -3.023806
-3.019246 -3.059031 -3.037804 -3.078793 -3.021451
-3.030441 -3.043908 -3.099762 -3.039848 -3.003363
-3.019207 -2.983526 -2.968824 -3.014584 -2.883454
-2.985388 -2.984544 -3.068457 -3.002881 -3.037784
-3.035177 -3.013122 -3.063134 -3.056574 -3.022107
-3.04282 -2.785422 -3.014528 -3.003361 -3.035269
-3.001448 -3.036982 -3.034308 -3.088832 -3.073542
-3.020557 -2.971977 -3.039329 -3.052741 -2.98625
-3.026396 -3.04153 -2.896369 -2.960843 -3.023708
-3.069624 -3.0596 -3.09765 -2.955398 -3.100527
-3.065017 -3.051148 -2.994781 -2.81812 -3.015552
-3.016032 -3.015322 -2.943299 -3.029545 -3.078789
-3.016001 -3.04191 -3.017872 -3.080298 -2.998226
-3.044254 -3.116485 -3.063327 -3.083416 -3.044503
-3.069836 -2.953311 -2.964933 -3.013144 -3.018845
-3.055095 -2.951483 -3.101574 -3.061229 -2.928218
-3.150016 -3.016084 -3.029365 -3.02423 -3.0926
-3.063523 -3.070183 -3.028198 -2.981552 -3.061124
-3.011145 -2.992138 -2.977555 -3.031009 -2.960047
-3.013298 -2.981807 -3.030348 -2.955056 -3.012261
-3.019933 -3.06652 -3.024725 -2.910379 -2.992612
-2.998271 -3.041731 -2.912855 -3.034436 -3.039495
-3.046687 -3.034098 -3.026891 -3.032891 -3.052502
-3.027043 -3.053805 -2.997667 -2.983152 -3.073518
-3.064113 -2.970103 -3.041538 -3.073721 -3.062492
-3.06723 -2.989411 -3.018429 -3.076632 -3.107085
-3.071494 -3.060338 -2.986471 -3.070119 -3.069473
-3.043389 -2.994841 -3.058593 -3.03461 -3.031942
-1.952179
