-2.967245 -3.04557 -2.965382 -2.849989 -2.940086
-2.946597 -3.036606 -2.950969 -3.044651 -3.045974
-2.967877 -2.969407 -2.98485 -2.984013 -2.977527
-2.966596 -2.963509 -2.968033 -3.018687 -2.981534
-2.960497 -2.936245 -2.925104 -2.997436 -2.97252
-2.896099 -2.964751 -2.979892 -3.046435 -2.898829
-2.952366 -2.99327 -3.008827 -2.935033 -2.941874
-2.958459 -2.91401 -2.967277 -2.8379 -2.995411
-2.906871 -2.95571 -3.000289 -3.000375 -2.998647
-2.958076 -2.94609 -2.944891 -2.992399 -3.026255
-2.942095 -3.005564 -3.041122 -2.983624 -3.012817
-3.004546 -3.058287 -3.006722 -2.960768 -2.823713
-3.005016 -2.927649 -3.032509 -2.957443 -2.980116
-2.991923 -2.994866 -3.030119 -2.951061 -3.004004
-2.941018 -2.952286 -2.94461 -3.006898 -3.003237
-2.986338 -2.956624 -3.027438 -2.962699 -3.028239
-2.96926 -2.949032 -2.951521 -2.998431 -2.931644
-2.979561 -2.934305 -2.883592 -2.974922 -2.836158
-2.920175 -2.943211 -2.942673 -3.006737 -3.02813
-2.937923 -2.975748 -3.027158 -2.991018 -3.023054
-2.98984 -2.879588 -3.048947 -2.954348 -2.969251
-2.969322 -2.952311 -2.96901 -2.929003 -2.963983
-3.017852 -2.934626 -3.001049 -2.944154 -2.973033
-2.983425 -3.014205 -2.813177 -2.926066 -2.979674
-2.954509 -2.96029 -2.970216 -3.006802 -2.978562
-2.969915 -2.964533 -2.991803 -2.985717 -2.974597
-2.958778 -2.987315 -3.005076 -2.950038 -3.029225
-2.982998 -3.02768 -2.996451 -3.048437 -2.753521
-2.990104 -3.001458 -2.94935 -3.004116 -2.872347
-2.974548 -2.993344 -2.997275 -2.99251 -2.975744
-2.935822 -2.991546 -2.890234 -3.018209 -3.0107
-2.945107 -2.942405 -2.862979 -2.97474 -2.956226
-3.002032 -3.026605 -2.99588 -3.021972 -3.013609
-2.982736 -2.882048 -2.935985 -3.011915 -2.95841
-2.999926 -2.830663 -2.910871 -2.840655 -3.006939
-2.93625 -2.966227 -2.971438 -2.929019 -2.949586
-2.977747 -2.96476 -2.937909 -3.008421 -3.028919
-2.974605 -2.964429 -3.017696 -2.967498 -2.942767
-2.978841 -3.013306 -3.04839 -2.929507 -2.952945
-2.822348 -3.045791 -3.001611 -2.949202 -2.972173
-2.991148
