-2.921883 -2.906992 -2.23118 -2.651127 -2.651127
-2.204442 -2.249888 -2.953919 -2.156785 -2.291732
-2.197675 -2.897033 -2.172342 -2.172342 -2.925996
-2.195077 -2.20357 -2.963755 -2.17102 -2.17102
-2.933071 -2.200359 -2.200359 -2.393947 -2.157967
-2.977875 -2.287094 -2.770863 -2.191327 -2.477311
-2.254812 -2.311014 -2.207981 -2.343369 -2.222455
-2.218255 -2.513929 -2.93442 -2.282371 -2.195507
-2.951717 -2.235871 -2.235871 -2.895892 -2.166769
-2.166774 -2.325202 -2.776904 -2.243108 -2.292738
-2.9368 -2.944963 -2.734672 -2.887128 -2.57449
-2.338467 -2.431124 -2.243231 -2.248784 -2.196375
-2.907772 -2.25956 -2.25956 -2.370975 -2.227747
-2.331863 -2.99318 -2.498959 -2.381571 -2.381571
-2.61866 -2.844943 -2.272389 -2.279759 -2.97491
-2.214017 -2.47591 -2.842946 -2.985334 -2.219039
-2.896541 -2.927018 -2.36512 -2.392893 -2.17934
-2.939538 -2.939538 -2.193409 -2.143319 -2.17851
-2.627487 -2.172588 -2.754346 -2.563972 -2.907919
-2.24684 -2.865099 -2.572854 -2.195219 -2.195219
-2.236561 -2.215045 -2.661873 -2.196699 -2.214933
-2.925722 -2.939541 -2.232677 -2.340553 -2.245054
-2.553913 -2.178631 -2.888026 -2.206374 -2.206374
-2.486321 -2.460979 -2.779746 -2.779746 -2.85126
-2.994112 -2.399602 -2.19332 -2.195371 -2.932147
-2.607988 -2.319054 -2.349362 -2.231552 -2.834618
-2.536435 -2.256182 -2.933039 -2.239901 -2.771091
-2.590051 -2.640135 -2.117539 -2.939086 -2.511956
-2.511956 -2.164141 -2.805818 -2.805818 -2.173347
-2.87465 -2.188913 -2.170114 -2.170114 -2.715969
-2.968592 -2.992788 -2.237507 -2.827055 -2.827055
-2.904179 -2.32736 -2.950703 -2.905134 -2.127486
-2.215 -2.403251 -2.640701 -2.890686 -2.273102
-2.273102 -2.886101 -2.618825 -2.242137 -2.186365
-2.246001 -2.927961 -2.876348 -2.876348 -2.111249
-2.187435 -2.955553 -2.914426 -2.214621 -2.28808
-2.239131 -2.281742 -2.201403 -2.901306 -2.155634
-2.429178 -2.959653 -2.593086 -2.499689 -2.1849
-2.1849 -2.3316 -2.177952 -2.177952 -2.589291
-2.180978 -2.805054 -2.336119 -2.93993 -2.276784
-2.120977
