-2.97023 -2.981872 -3.0033 -3.015685 -2.993603
-2.981334 -2.98962 -2.995019 -2.97746 -2.982683
-2.972273 -2.974385 -2.978693 -2.949308 -2.978846
-3.010816 -2.970258 -2.963265 -2.848761 -2.969317
-2.971455 -2.94431 -2.962974 -2.822628 -2.989166
-2.998411 -3.004087 -2.976431 -2.986046 -2.949879
-2.971353 -2.989596 -2.957506 -3.002967 -2.953564
-3.020203 -2.984838 -2.956359 -2.962016 -2.970834
-2.965451 -2.996196 -2.997899 -2.915455 -2.999113
-2.89902 -2.965609 -2.97789 -2.979195 -3.010216
-3.008648 -2.984005 -2.980801 -2.981295 -2.963
-2.993309 -2.989116 -2.983177 -2.9646 -2.966538
-2.957365 -2.975063 -3.005208 -2.98951 -2.985417
-2.972957 -2.949274 -2.9747 -2.992727 -2.988052
-2.951874 -2.940964 -3.007182 -2.970859 -2.970027
-3.015129 -2.979485 -2.99721 -2.991241 -3.00618
-2.975401 -2.956442 -2.983537 -2.984274 -2.965281
-2.963255 -2.973782 -2.963985 -2.969722 -2.998369
-2.964188 -2.839876 -3.015352 -2.972338 -2.982004
-3.0227 -2.976666 -2.958468 -3.029136 -2.967042
-2.968374 -2.947168 -2.989436 -2.994423 -2.986961
-2.964621 -3.023567 -2.962266 -2.910397 -2.976637
-2.957372 -2.96452 -2.998203 -3.00322 -2.995759
-2.962153 -2.990596 -2.972175 -2.994889 -2.876372
-2.981855 -2.988356 -2.998953 -2.837748 -2.977294
-2.963113 -2.937172 -2.839715 -2.961631 -2.980017
-2.985887 -2.986693 -2.87683 -2.976325 -2.941852
-2.976516 -2.978278 -2.989525 -2.944245 -2.967087
-2.974731 -2.925811 -2.986277 -2.954565 -2.977755
-2.954192 -2.970929 -2.943015 -2.984493 -2.991082
-2.856436 -2.995567 -2.93678 -2.990106 -3.004989
-2.956128 -2.96589 -3.015332 -3.014355 -2.976186
-2.963835 -2.963578 -2.958912 -2.980502 -2.990592
-2.962857 -3.014019 -2.982834 -2.971988 -2.988676
-2.994815 -2.997893 -2.978419 -2.971157 -2.978586
-2.965919 -3.013255 -2.958824 -2.947046 -2.860047
-2.993901 -2.976936 -3.005399 -2.964612 -2.980735
-3.00455 -3.019103 -2.969446 -2.988977 -2.998282
-2.975877 -2.956979 -2.994649 -2.99189 -2.969761
-2.986554 -2.994549 -2.862917 -2.995102 -2.982102
-2.974998
