-2.996102 -2.975141 -2.890127 -2.956942 -2.972528
-3.032509 -2.981689 -2.984497 -2.959327 -3.023267
-3.022139 -2.989856 -3.024047 -18.00808 -2.971522
-2.968296 -2.905964 -2.999177 -3.003378 -2.960936
-2.986395 -2.992682 -2.994902 -2.981733 -3.023546
-2.962359 -2.989961 -2.980482 -3.015335 -2.87314
-2.994212 -2.986493 -2.991112 -2.993095 -2.995168
-3.003098 -3.028349 -2.866287 -2.989325 -3.043924
-3.016262 -2.990186 -3.002431 -2.990104 -2.976134
-2.979904 -2.097712 -3.024651 -2.984736 -3.012935
-2.997768 -2.860525 -3.029912 -2.994833 -2.984824
-2.995514 -2.994851 -3.021775 -2.996845 -2.990917
-3.066978 -3.041014 -2.998303 -1.998913 -3.031133
-2.749797 -2.998097 -2.071697 -2.999354 -2.822959
-2.991976 -3.011941 -2.98192 -2.911146 -2.872189
-2.986402 -2.97231 -3.056483 -2.999173 -2.964744
-3.013302 -3.025113 -3.007205 -3.017298 -2.999914
-3.027494 -2.902283 -2.871655 -2.986773 -2.901571
-3.002455 -2.891167 -3.012541 -3.040533 -3.026892
-2.9916 -2.986395 -3.035155 -2.994263 -3.002417
-2.885354 -3.024938 -2.989652 -3.029647 -2.992034
-2.888705 -3.003345 -2.991143 -2.998557 -1.960271
-2.966301 -3.021378 -3.005106 -2.991437 -2.928711
-3.015111 -2.989906 -2.963189 -2.942153 -3.032171
-3.022805 -2.999928 -2.892304 -2.99587 -2.998058
-2.996606 -3.002064 -3.003157 -2.998418 -3.08428
-3.013281 -2.981203 -2.97521 -3.004185 -3.017954
-2.883984 -2.983001 -3.017987 -3.008351 -3.001301
-2.98871 -2.991604 -2.897555 -3.022734 -2.993627
-3.061023 -3.001102 -2.981976 -3.01876 -2.960157
-3.028716 -2.840354 -3.002511 -2.996226 -2.898595
-2.845291 -3.059271 -2.982134 -2.820781 -3.025579
-2.993439 -2.858594 -2.986298 -2.982548 -1.965813
-2.961765 -2.981361 -2.977404 -2.947246 -3.004304
-2.975584 -3.028326 -3.026512 -2.991559 -3.013976
-2.998518 -2.859212 -2.979696 -2.872128 -3.014327
-3.009552 -3.02756 -2.970086 -2.966073 -3.011554
-3.014869 -2.973011 -3.051695 -2.528307 -2.972558
-3.004639 -1.988925 -2.893849 -2.968111 -2.981261
-2.96683 -3.003062 -2.991832 -2.988684 -3.0004
-2.866711
