-3.025786 -3.028169 -3.13759 -3.070086 -3.014059
-3.087707 -3.055924 -3.066939 -3.067878 -3.079761
-2.993962 -3.10749 -2.948558 -3.069256 -3.124788
-3.017184 -3.052491 -3.0572 -3.030698 -3.058688
-3.046088 -3.05052 -3.072651 -3.039052 -3.086158
-3.014852 -3.045872 -3.123225 -3.107652 -3.041169
-3.147922 -3.008075 -3.094661 -3.005272 -2.926087
-3.147174 -3.048219 -3.064388 -3.06267 -2.926977
-3.144516 -3.057419 -2.97518 -3.057503 -3.123283
-3.016303 -3.037556 -3.013451 -3.055027 -3.037264
-2.942241 -2.816099 -2.977871 -3.178702 -3.04523
-3.03183 -3.075439 -3.04206 -3.122261 -3.101413
-3.052395 -3.136153 -3.012087 -3.077925 -3.087803
-3.09234 -3.135418 -2.971745 -3.08043 -2.974397
-3.069455 -3.021998 -3.046119 -3.01479 -3.039081
-2.939284 -3.072423 -3.073146 -3.071327 -2.972015
-3.078326 -3.061349 -3.191685 -3.072691 -3.047439
-3.095864 -3.078281 -3.064923 -3.003253 -3.057407
-3.070902 -3.101409 -3.033682 -3.112821 -3.026146
-3.047716 -3.030497 -3.132534 -2.997988 -3.060109
-2.986209 -3.092944 -3.073014 -3.030777 -3.105586
-2.923902 -3.014365 -3.082732 -3.001562 -3.035604
-2.933028 -3.089164 -3.050202 -3.085834 -3.014101
-3.019856 -3.056178 -3.055759 -3.067156 -2.934983
-3.104026 -3.016091 -3.158076 -3.017877 -2.995877
-2.95619 -3.051414 -3.114797 -3.10537 -3.099342
-2.934236 -3.069635 -3.060084 -3.082921 -2.933893
-3.106626 -3.064796 -3.040117 -3.019135 -3.022819
-3.098846 -3.020828 -3.069174 -3.09027 -2.939594
-3.089306 -3.087651 -3.077811 -3.113428 -3.012799
-2.908178 -3.012544 -3.088085 -3.063406 -2.970901
-3.120475 -3.089769 -3.026252 -3.042026 -3.072621
-3.08738 -2.998589 -3.079804 -3.027119 -3.027614
-3.076277 -3.0484 -3.061032 -3.07087 -3.02292
-3.110844 -3.062498 -2.938575 -3.075742 -3.030543
-3.035751 -2.990469 -3.068387 -2.977246 -2.986274
-3.074623 -3.068211 -3.079648 -3.061849 -3.066916
-3.114991 -3.060176 -3.050316 -3.087969 -3.078123
-3.055039 -3.091577 -3.01674 -3.109358 -2.939302
-3.098872 -3.034992 -3.040305 -3.138758 -2.902061
-3.039384
