-2.97611 -2.961411 -3.001993 -2.961842 -2.99702
-2.949114 -2.991282 -2.993388 -3.004169 -3.0056
-3.02112 -2.989346 -2.968001 -2.975879 -2.995864
-3.025231 -2.99971 -3.001903 -2.988741 -3.021424
-2.992184 -3.019781 -2.996742 -3.040762 -2.974604
-2.967887 -2.950085 -2.848434 -2.999478 -3.023926
-3.034335 -2.965844 -2.979714 -2.985818 -2.989515
-2.941225 -2.988912 -3.008657 -2.97674 -3.036949
-2.982592 -2.954532 -2.97834 -2.998701 -2.984342
-2.988305 -2.866462 -2.969177 -2.97561 -2.980414
-2.952732 -2.978017 -2.957653 -3.022881 -3.004393
-3.02116 -2.784807 -3.014366 -3.008723 -2.951646
-3.018733 -2.986086 -3.013796 -2.994751 -2.949064
-3.016951 -2.996155 -3.00363 -2.942051 -3.034308
-3.001405 -3.010012 -3.005799 -3.002595 -2.978881
-3.009336 -3.035478 -2.955896 -2.984043 -2.999175
-3.003229 -2.956361 -2.962168 -3.027302 -3.00287
-2.913339 -2.878253 -2.989125 -2.931569 -2.95869
-2.98897 -3.007522 -2.997578 -2.968139 -2.086623
-3.019114 -3.022118 -2.995547 -3.018589 -2.911783
-2.997741 -2.964276 -2.94734 -3.030619 -2.947022
-3.025755 -2.997023 -3.003684 -2.96858 -2.995373
-2.986286 -2.953462 -3.052021 -3.032861 -3.014368
-3.022575 -2.963134 -3.039473 -2.973726 -2.887221
-2.99596 -2.989801 -3.000898 -2.943294 -2.98461
-2.969981 -2.989888 -2.970597 -3.00327 -2.979761
-3.007918 -2.97458 -3.040212 -3.046748 -3.051936
-2.986309 -2.953867 -3.017739 -3.00318 -2.906591
-3.008519 -3.044721 -3.051782 -3.00653 -3.011392
-2.943427 -2.978314 -3.008055 -3.029022 -2.962235
-3.059738 -2.954559 -3.040877 -3.018762 -2.950854
-3.006589 -2.922666 -3.000185 -2.962577 -3.008756
-2.999253 -3.001655 -3.030123 -3.004044 -3.000175
-2.979089 -2.986895 -2.95425 -2.992381 -2.962009
-2.995093 -3.01448 -2.991878 -3.019426 -2.989821
-2.998266 -2.937973 -3.014131 -2.97698 -3.028974
-2.990515 -2.997909 -2.970298 -2.946503 -2.94992
-2.964051 -2.94938 -2.961369 -3.003061 -2.968909
-3.026888 -2.996482 -2.956019 -2.975616 -2.958749
-2.978824 -2.958813 -3.036053 -2.996061 -2.932602
-3.012646
