-2.979834 -3.009191 -2.967552 -3.025007 -2.974046
-3.015365 -3.004996 -2.982446 -2.991207 -3.005435
-2.963953 -3.00588 -2.971098 -2.954394 -2.981505
-2.980024 -2.999249 -2.968284 -3.031523 -2.969316
-3.004489 -2.991383 -2.999857 -2.911786 -2.978934
-3.002995 -3.000343 -2.964191 -3.02874 -2.989481
-3.029294 -2.960041 -2.828671 -3.022698 -2.988692
-3.000539 -3.007014 -3.012289 -3.006924 -3.001913
-2.989574 -2.967966 -3.035736 -2.090936 -3.000004
-3.015875 -2.978125 -3.012331 -3.030572 -2.847052
-2.987591 -2.997338 -2.869273 -3.004941 -2.994052
-2.957983 -2.979299 -2.999173 -2.86487 -2.97942
-2.980103 -2.997365 -2.872312 -2.988075 -2.97638
-2.967591 -2.993253 -2.003129 -3.000801 -3.036163
-3.004088 -2.988507 -2.994385 -2.994851 -2.971482
-2.960344 -2.955973 -2.992249 -2.992795 -3.006916
-3.003937 -2.989391 -3.03029 -3.012103 -3.00743
-2.998926 -3.001029 -3.029923 -3.019744 -3.028453
-2.962555 -2.981834 -2.977826 -2.99648 -3.027127
-2.998866 -2.982816 -3.019768 -2.999646 -2.987934
-2.979121 -2.986175 -2.965663 -2.947886 -3.025934
-2.977368 -3.014062 -2.988293 -2.99761 -3.018584
-2.977155 -2.997788 -2.997533 -2.972263 -2.998379
-2.969029 -2.98796 -2.975 -2.97773 -2.983833
-2.979631 -2.974289 -2.973135 -2.997381 -3.014872
-3.019091 -2.990646 -3.016015 -3.017769 -2.97385
-2.99541 -2.729554 -2.983248 -2.991245 -2.973768
-2.972112 -2.975762 -3.00536 -2.992207 -2.997599
-2.975183 -2.989848 -3.000086 -2.964234 -3.005113
-3.00022 -2.969829 -2.990024 -2.975548 -3.031764
-2.982788 -2.982267 -3.010772 -3.023255 -3.000699
-3.010752 -2.88092 -3.017589 -2.865388 -2.985464
-2.99586 -2.986061 -2.959962 -2.967649 -2.981237
-3.005852 -3.00359 -2.987085 -2.977506 -3.004186
-2.997785 -3.000109 -2.994615 -2.969282 -2.99584
-2.973698 -2.975885 -3.003861 -2.967061 -2.981531
-2.882328 -2.9799 -2.972822 -2.998431 -2.899066
-2.977687 -2.974253 -2.847171 -2.991499 -2.97768
-3.004091 -2.879712 -2.960618 -2.986591 -3.024954
-2.991922 -3.008865 -3.017304 -3.000827 -2.998747
-2.918054
