-2.975645 -2.988839 -2.982295 -2.893677 -3.036969
-2.941419 -2.94793 -2.990609 -2.919172 -2.969323
-2.953534 -2.991202 -2.997176 -2.889047 -2.929871
-2.989688 -2.97106 -2.995137 -3.01671 -3.017402
-3.027385 -2.986016 -3.004958 -2.992191 -2.961313
-2.973483 -2.981885 -2.919595 -3.002699 -2.913484
-3.017592 -2.970357 -2.95559 -2.944609 -2.953988
-3.010229 -3.005494 -2.999789 -2.858192 -2.986825
-1.952901 -3.00535 -2.974192 -2.997275 -2.955738
-3.001435 -3.026853 -2.98711 -2.992268 -3.001301
-2.947855 -2.973452 -2.974479 -3.021044 -3.006323
-2.988523 -2.968862 -2.982401 -2.945894 -3.008478
-2.963158 -2.917125 -2.986997 -2.98791 -3.028524
-2.973144 -2.969169 -2.998808 -2.989417 -2.983129
-2.934186 -2.974429 -2.869285 -2.935128 -2.970518
-2.972049 -2.976199 -3.007921 -2.990793 -2.989893
-2.964278 -2.984314 -2.95395 -2.87715 -2.995868
-3.0094 -2.963658 -3.015202 -2.935492 -3.047421
-2.996353 -2.951515 -2.997077 -2.967175 -2.909166
-2.953048 -2.957387 -2.974782 -2.967697 -2.861477
-2.949198 -3.007199 -2.980002 -3.009955 -2.958089
-2.961395 -2.99119 -2.951418 -2.981432 -2.964154
-2.998399 -2.965842 -3.031043 -2.902863 -2.983142
-2.911109 -2.936265 -2.946896 -3.002049 -3.009383
-2.978796 -2.967137 -3.040205 -2.960879 -3.026693
-2.986114 -3.005195 -2.993395 -2.947975 -2.955956
-2.96056 -3.01602 -2.823933 -2.993879 -2.943365
-2.993245 -3.01121 -3.018131 -2.988489 -3.023047
-2.969975 -2.965748 -2.997548 -2.959174 -2.881261
-2.967597 -3.019001 -2.994449 -3.042119 -3.022312
-2.939118 -3.019286 -2.966247 -2.970751 -2.080377
-2.829146 -2.967927 -2.97099 -2.981509 -2.957842
-2.95022 -2.977854 -2.92266 -2.946391 -2.983498
-2.918996 -2.890486 -2.987586 -2.977419 -2.995108
-2.984667 -2.986028 -2.943504 -2.982331 -2.98006
-2.967542 -3.023663 -2.989636 -2.923262 -2.987697
-3.001737 -2.973611 -2.978774 -2.084561 -3.009694
-2.832208 -3.047381 -2.971029 -3.009527 -2.959444
-2.974126 -2.983124 -2.999832 -3.010179 -2.938623
-2.962907 -3.000011 -2.943554 -2.960997 -2.981228
-2.964369
