-2.981859 -2.985616 -2.991934 -2.937679 -3.002765
-3.060971 -3.034181 -2.840747 -2.983348 -3.027431
-3.028125 -2.994166 -2.969603 -2.997413 -2.943949
-3.004702 -3.000327 -3.004628 -2.997797 -2.826512
-2.984437 -2.996972 -3.023872 -2.954675 -3.042455
-3.017258 -2.989938 -2.968823 -3.02383 -3.013362
-2.97771 -3.006603 -2.981191 -2.973562 -2.98519
-2.965352 -2.986843 -3.006014 -3.026586 -2.974077
-3.005155 -2.981583 -2.970839 -3.021611 -2.993375
-3.061215 -2.995493 -2.989558 -2.985319 -2.983028
-3.023815 -2.881441 -3.003844 -3.00597 -2.03681
-2.983603 -2.966478 -3.007341 -1.996482 -2.994599
-2.984256 -3.033701 -2.998023 -2.986297 -3.050093
-2.975115 -3.005756 -2.952445 -3.001599 -2.926334
-3.027925 -2.983961 -3.006953 -2.965312 -3.002284
-3.024353 -2.996482 -2.97223 -2.995542 -2.953
-2.989579 -3.035601 -3.021144 -2.989153 -3.002293
-2.945261 -3.032094 -2.973178 -2.999102 -3.006171
-2.988716 -2.967906 -3.000922 -2.967742 -2.990581
-3.02136 -2.998686 -3.012817 -3.026747 -2.878783
-2.948266 -2.011458 -3.009127 -2.988833 -2.854658
-3.032742 -2.989686 -3.027276 -2.988212 -2.983599
-2.956084 -3.033141 -2.976768 -3.023151 -3.001948
-1.999116 -2.935163 -3.026302 -3.049103 -2.940189
-2.995057 -3.034155 -2.985199 -3.005514 -3.003069
-2.986362 -2.960608 -3.01059 -3.000153 -2.992143
-3.027477 -3.013297 -2.944694 -2.977221 -2.981564
-2.884934 -2.964572 -3.001187 -3.020585 -3.002369
-2.966444 -2.965784 -3.005966 -2.878279 -3.069657
-3.032265 -3.032457 -2.994638 -2.970491 -2.997229
-2.94376 -2.968108 -3.008356 -2.947795 -3.021274
-3.031467 -2.985398 -2.982368 -3.031648 -2.992367
-2.988912 -3.058889 -2.96708 -2.979143 -2.974501
-3.003519 -2.935179 -2.95426 -2.962934 -2.980518
-2.950212 -3.011872 -2.974507 -2.979203 -2.98667
-3.00741 -2.971482 -2.893979 -2.970113 -3.001457
-2.970789 -2.883233 -2.905604 -2.983793 -2.965239
-2.883095 -2.872858 -2.971777 -2.976296 -2.979353
-2.993913 -2.979614 -2.997205 -2.962276 -3.010319
-3.006721 -2.971652 -2.989581 -2.995495 -2.903478
-2.993852
