-3.019843 -2.969122 -2.906289 -2.858132 -3.005726
-2.900708 -3.051991 -2.999222 -3.037333 -3.019134
-3.037081 -3.018165 -2.981468 -3.053339 -3.035152
-3.00169 -3.016018 -3.012773 -3.02242 -3.008619
-2.890442 -3.020862 -3.035273 -3.012745 -3.049354
-3.031241 -3.0279 -3.011023 -3.018451 -3.030704
-3.023856 -3.050195 -3.048164 -3.019191 -3.016304
-3.02617 -3.090419 -3.047976 -1.994357 -3.028021
-2.997525 -3.011089 -3.023325 -2.993631 -2.976076
-2.000097 -3.021276 -3.048696 -2.90593 -3.063046
-3.070921 -3.01654 -3.016748 -3.06686 -2.99877
-3.035612 -2.876974 -3.011451 -3.037972 -3.01197
-3.022307 -3.004509 -2.9921 -2.981612 -2.987933
-3.003487 -3.031737 -3.007778 -3.045934 -3.040468
-3.01818 -2.980678 -3.000183 -3.010237 -3.028617
-3.028418 -3.011841 -2.999235 -3.019055 -3.002279
-3.04803 -3.059433 -3.069924 -3.069515 -3.038587
-3.025354 -3.031185 -3.00332 -2.993698 -3.058581
-2.879574 -3.034307 -3.028992 -3.028277 -3.004247
-3.038514 -2.899822 -3.01627 -2.992791 -3.016315
-3.032745 -3.039464 -2.894969 -2.871865 -3.051392
-3.026954 -3.032652 -3.017437 -3.040252 -3.017945
-3.018142 -3.031493 -3.05234 -3.045278 -3.027035
-3.006891 -3.042533 -3.036364 -3.016103 -3.048578
-3.012932 -2.993863 -3.003868 -3.025408 -3.00371
-3.02913 -3.017674 -3.041283 -2.999267 -2.982291
-2.002176 -2.867545 -3.035948 -3.015193 -3.001878
-3.00492 -3.028421 -3.021361 -3.031306 -3.029573
-3.017204 -2.996838 -3.014915 -3.058098 -3.056112
-3.042773 -3.027159 -3.033217 -3.040767 -2.878065
-2.960706 -3.024741 -3.036568 -2.899289 -3.020091
-3.024214 -2.900368 -3.047968 -3.02839 -2.91655
-3.028999 -3.00388 -3.044015 -3.015614 -3.034035
-3.009933 -2.98952 -3.026625 -3.019537 -3.020444
-3.020743 -3.050193 -3.01579 -3.0274 -3.000212
-3.063661 -3.000507 -3.011914 -3.047532 -2.052068
-3.021926 -2.918288 -3.004891 -3.01426 -3.030586
-3.076253 -3.031128 -3.027906 -3.008939 -3.054579
-3.032511 -3.064634 -3.007692 -2.890499 -3.066711
-3.009593 -2.971634 -3.015299 -3.033892 -3.046077
-3.031844
