-3.005133 -2.986514 -2.985475 -3.056177 -3.056692
-3.01318 -2.991254 -3.01794 -3.06949 -2.995597
-2.896674 -3.05887 -3.014422 -3.00127 -2.993447
-3.024544 -3.021323 -2.862885 -3.025546 -3.028267
-2.981716 -2.96113 -3.006695 -3.03078 -3.037139
-2.992987 -2.979196 -2.903127 -2.841839 -3.029931
-3.008254 -3.047499 -3.061934 -3.018204 -3.010068
-2.88955 -3.081597 -3.003155 -3.044423 -2.930803
-3.014569 -3.021078 -2.989856 -3.018072 -3.029601
-2.974816 -2.89193 -2.981542 -2.978583 -3.03432
-3.020458 -3.035799 -3.035976 -2.975975 -3.010953
-2.968436 -3.002959 -2.957138 -3.045407 -2.879059
-2.986488 -3.039175 -2.88791 -3.042416 -2.988681
-3.044866 -3.003596 -2.93743 -2.927218 -3.032859
-3.036292 -3.06255 -3.049224 -3.014147 -3.004062
-3.045753 -2.984778 -3.022182 -3.01624 -3.008319
-3.031639 -3.052659 -2.998329 -3.036468 -3.060921
-3.024251 -3.018595 -2.953011 -3.017419 -3.04943
-2.988858 -3.043623 -3.0652 -3.026752 -3.046238
-3.059217 -3.032999 -3.025634 -2.976208 -2.900529
-2.979873 -3.04344 -3.014867 -2.894125 -2.98248
-2.971296 -2.900874 -3.012115 -3.013567 -3.002537
-2.995151 -3.011869 -3.034515 -2.996307 -3.041187
-3.032729 -2.879102 -2.997738 -2.999449 -2.974533
-3.014792 -2.961125 -3.056155 -3.022237 -3.014326
-3.005004 -2.99622 -3.014991 -3.042553 -3.039982
-3.067592 -2.959862 -2.984879 -3.072075 -2.987142
-3.052683 -3.025818 -3.047029 -1.967157 -2.963016
-3.019815 -3.023687 -3.001274 -2.945863 -3.036129
-3.074986 -3.04645 -2.960076 -2.998363 -3.026557
-2.987319 -3.075403 -3.019057 -2.991668 -3.024552
-3.046928 -3.025368 -3.045208 -3.020623 -3.034592
-2.999231 -2.85869 -3.008088 -3.011865 -2.983397
-3.021631 -3.018093 -3.068146 -2.876395 -2.993426
-3.045904 -3.024802 -2.985993 -3.050635 -2.946635
-3.005677 -3.028306 -3.00866 -3.043683 -3.020487
-3.026628 -3.00514 -3.059551 -3.020445 -2.975843
-3.00633 -3.000842 -3.007361 -3.042778 -3.015835
-2.881215 -3.023724 -3.02576 -3.010695 -3.084733
-3.016729 -3.005222 -2.892818 -3.047455 -2.956741
-3.109894
