-3.014959 -3.083629 -3.048962 -3.063556 -3.066432
-2.882924 -3.082831 -3.052941 -3.049363 -3.050526
-3.028691 -3.011646 -3.023872 -3.030695 -3.037631
-3.066142 -3.052348 -3.055681 -3.033696 -3.01355
-3.008768 -3.01103 -3.009305 -2.884351 -3.006906
-3.004026 -3.042852 -2.98784 -3.052156 -3.047759
-3.019649 -3.044355 -3.073482 -3.022556 -2.916264
-2.884341 -3.048813 -2.891992 -3.046327 -3.031636
-3.010566 -3.072259 -2.972846 -3.039609 -3.059048
-2.913082 -2.922151 -3.09523 -3.044014 -2.989085
-3.083749 -3.03584 -3.026865 -2.922413 -3.023935
-3.019133 -3.038184 -3.019813 -3.025658 -3.035764
-3.028904 -3.044639 -3.054407 -3.010701 -3.056653
-3.091632 -3.021623 -3.022443 -3.02178 -3.059867
-3.041206 -3.067182 -3.048363 -3.037426 -3.017916
-3.066231 -3.020215 -3.061226 -3.070675 -2.940821
-3.012947 -3.041754 -3.055951 -3.043902 -3.037653
-3.027384 -3.0252 -3.032966 -3.065741 -2.891417
-3.060799 -3.067061 -2.889389 -3.040877 -3.053354
-3.059755 -2.915422 -3.015033 -2.875373 -3.039542
-3.05679 -3.046246 -2.933093 -3.030744 -2.915602
-3.042338 -3.072692 -3.099945 -3.017631 -3.007925
-3.045865 -3.049811 -3.050797 -2.893279 -3.032433
-2.869859 -3.032194 -2.995972 -3.060456 -3.009483
-3.019952 -2.02299 -3.040089 -3.037994 -3.040745
-3.046827 -3.062044 -2.907171 -3.047223 -3.06761
-3.027786 -3.014629 -3.029619 -3.077638 -3.042669
-3.005942 -3.047667 -2.980026 -2.973333 -2.989457
-3.040181 -3.077254 -3.072437 -3.044532 -3.004042
-3.03781 -3.034568 -3.08727 -3.008347 -3.057573
-3.054948 -3.036847 -3.041595 -3.056969 -3.045079
-3.039844 -3.053937 -3.040835 -2.9213 -3.002364
-2.997842 -3.093276 -3.074166 -3.041274 -3.034501
-2.915217 -3.060033 -2.910075 -2.949135 -3.055532
-3.027326 -3.037159 -2.936717 -3.034143 -3.019504
-3.047158 -3.038219 -2.911926 -3.023397 -3.068491
-3.033403 -3.044792 -3.02405 -3.039074 -3.032796
-3.013627 -2.015413 -1.958515 -3.004133 -2.941367
-2.917492 -3.05931 -3.037141 -3.057129 -3.02868
-3.019844 -3.075064 -3.07367 -3.0278 -3.025712
-3.017148
