-2.957977 -2.98413 -2.954221 -2.87317 -2.960295
-2.949284 -2.980421 -2.975303 -2.956746 -2.950829
-3.010477 -2.949225 -2.981275 -2.962209 -2.986328
-2.910677 -2.946098 -2.991964 -2.976938 -2.967267
-2.932779 -2.979643 -2.933529 -2.977224 -2.965697
-2.969332 -2.943775 -2.909735 -2.938052 -2.843496
-2.944788 -2.954228 -2.940821 -2.978661 -2.972444
-2.943889 -2.951132 -2.928475 -2.961243 -2.954737
-2.957704 -2.974409 -2.976091 -2.94384 -2.962241
-2.963175 -2.98695 -2.977878 -2.989905 -2.945127
-2.98126 -2.940485 -2.897552 -2.96459 -2.978345
-2.975574 -2.992782 -2.931561 -2.994714 -2.944931
-2.953894 -2.996651 -2.968492 -2.999815 -2.940383
-2.978386 -2.98057 -3.002916 -2.941807 -2.994702
-2.927051 -2.991461 -2.963319 -2.971825 -2.963696
-2.985513 -2.970558 -2.966228 -2.958413 -2.973741
-2.970132 -2.965224 -2.908969 -2.952165 -2.958349
-2.994408 -2.99677 -2.947625 -3.001317 -2.943763
-2.929664 -2.86029 -2.963258 -2.976034 -2.958174
-2.967252 -2.956993 -2.896706 -2.957747 -2.976588
-2.935771 -2.965015 -2.992802 -2.962775 -2.943909
-2.95822 -2.96165 -2.993604 -2.969833 -2.918552
-3.008527 -2.977368 -2.948396 -2.957615 -2.946298
-2.966218 -3.004662 -3.00878 -2.970946 -2.981944
-2.969554 -3.026091 -2.995861 -2.985534 -2.959233
-2.921346 -3.004462 -2.942535 -2.989021 -2.833308
-2.949486 -2.972746 -2.979849 -1.937623 -2.970408
-2.98127 -3.022621 -2.977049 -2.951598 -3.007082
-2.952433 -2.935003 -3.01849 -2.955867 -2.94857
-2.994239 -2.971094 -2.974297 -2.966408 -2.95024
-2.954486 -2.973341 -2.946221 -2.967474 -2.986925
-2.960393 -2.978672 -2.954265 -2.971942 -2.962981
-2.945623 -2.96968 -2.981749 -2.973699 -2.911343
-2.970257 -2.966671 -2.974644 -2.956181 -2.980631
-3.014564 -2.987024 -2.958501 -2.96355 -2.962833
-2.97493 -3.001589 -2.939312 -2.940058 -2.941316
-3.011056 -2.971607 -2.996708 -2.952931 -2.944871
-2.963277 -2.974772 -2.926539 -2.980469 -2.961079
-2.99136 -2.979595 -3.008626 -2.95455 -2.99857
-2.971864 -2.992353 -2.956756 -3.013901 -2.964707
-2.983016
