-3.004246 -3.033864 -2.992126 -3.035083 -3.0053
-3.030758 -2.981131 -2.855776 -3.030521 -2.975937
-3.039081 -3.080012 -3.04472 -3.050981 -3.018044
-3.006463 -3.028982 -3.058309 -3.043962 -3.007061
-3.038435 -3.022381 -2.999939 -2.984039 -2.956479
-3.030647 -2.977267 -3.009982 -2.926229 -3.024971
-2.994417 -2.978066 -2.993904 -3.004473 -3.037991
-2.988627 -2.865185 -2.968721 -3.016846 -3.019737
-2.992552 -3.019884 -3.006421 -2.996399 -3.0366
-3.003981 -2.935555 -2.990423 -3.001205 -3.038262
-2.965015 -2.99895 -2.957911 -3.00712 -3.029286
-3.020685 -2.986337 -3.025639 -3.007622 -2.985188
-2.996822 -2.978205 -2.851804 -3.046504 -3.041804
-3.014268 -2.995368 -3.001517 -3.000773 -3.011056
-2.921654 -2.977123 -3.002759 -1.919314 -2.951177
-2.963398 -3.047742 -3.018915 -3.001501 -3.021858
-3.084157 -3.013489 -2.962428 -2.901825 -3.006199
-2.968781 -3.007165 -2.99656 -2.875637 -3.047654
-3.021764 -3.015307 -2.96785 -2.952797 -2.979281
-3.004198 -3.015598 -3.032033 -2.98378 -3.035568
-2.930155 -2.97724 -3.039311 -3.009038 -3.03973
-2.897396 -3.046213 -3.021108 -3.03636 -3.02661
-2.99278 -3.065366 -3.038044 -3.062767 -3.016875
-3.062766 -2.982456 -3.023544 -3.11746 -3.05518
-3.023324 -2.966929 -3.010885 -2.972632 -3.007568
-3.006217 -2.989926 -3.022654 -2.984283 -3.056523
-3.00836 -2.910917 -3.041532 -3.018265 -3.017816
-3.025747 -3.002562 -3.043226 -2.983107 -2.999216
-3.02784 -2.890549 -3.082937 -3.027457 -3.006752
-3.033786 -2.980251 -2.998174 -3.041258 -2.989953
-3.004228 -3.075267 -3.017068 -3.030753 -3.036679
-3.020308 -3.005219 -2.989371 -3.001188 -2.998542
-2.983116 -3.029678 -3.010736 -3.001354 -2.857988
-3.017884 -3.038881 -2.994997 -2.9822 -3.014138
-2.982013 -3.026001 -3.002933 -3.070098 -2.968037
-3.011152 -2.917399 -3.030444 -3.026728 -3.004495
-3.023506 -3.025749 -3.013635 -2.894504 -2.992617
-3.054263 -3.006385 -3.068488 -3.052433 -2.978077
-3.001142 -3.036769 -3.006513 -3.041307 -3.018216
-3.035218 -2.988222 -2.951835 -2.862338 -2.984175
-3.063626
