-2.760398 -2.875602 -2.842048 -2.892966 -3.034112
-3.164476 -2.840589 -2.91915 -2.993913 -2.788396
-2.839158 -2.926935 -3.124896 -2.869806 -2.993556
-2.915834 -3.126952 -2.945177 -2.906722 -2.900766
-2.915998 -2.91398 -2.972992 -2.896744 -2.885557
-2.822178 -2.796336 -3.008773 -2.986046 -2.892545
-2.861936 -3.036993 -2.997204 -3.006948 -2.859877
-2.822952 -3.059318 -2.910718 -3.139903 -2.917288
-2.92322 -2.949376 -2.912287 -3.100271 -2.802403
-2.798261 -2.884647 -2.833421 -2.921814 -3.091677
-3.010864 -2.818335 -3.046952 -2.978452 -3.053284
-2.772075 -2.966485 -2.904957 -2.888422 -2.909222
-2.939459 -2.8551 -2.926867 -2.887979 -3.091653
-3.094525 -2.846826 -2.933116 -2.966303 -2.916885
-2.911885 -2.914093 -2.747217 -3.042286 -2.931656
-2.940616 -2.967241 -2.99285 -2.798094 -2.914356
-2.853961 -2.979118 -2.96295 -2.945391 -2.919237
-3.04435 -2.940528 -2.81159 -3.022209 -2.863578
-3.044796 -3.046437 -3.065558 -2.757764 -3.001715
-3.004835 -3.057016 -2.978929 -2.887503 -2.972633
-2.866591 -2.769619 -2.864516 -2.873616 -2.984468
-2.883381 -3.009969 -2.924945 -2.952636 -2.898046
-2.929742 -3.147009 -3.010233 -2.923683 -2.836628
-2.972452 -2.911824 -2.857732 -2.891508 -2.896142
-3.109798 -3.029736 -3.077405 -2.947208 -2.856477
-2.952528 -2.958061 -2.959494 -2.869978 -2.98393
-2.980152 -2.934013 -2.843876 -3.033302 -2.981026
-2.877963 -2.834796 -2.91744 -2.830512 -2.900936
-3.04544 -2.921371 -2.844726 -2.972334 -2.858011
-3.029783 -2.936417 -2.989772 -2.720097 -2.908184
-2.987549 -2.968264 -2.84216 -2.972525 -2.905039
-2.805569 -2.817446 -2.808233 -2.950329 -2.997403
-2.897234 -2.927553 -2.865967 -2.857467 -3.027121
-2.884758 -2.891583 -2.886686 -2.871448 -2.961496
-2.751982 -2.930834 -2.798357 -2.942623 -2.822009
-2.911949 -2.958526 -2.846888 -3.049987 -2.854978
-3.009333 -2.888743 -2.945887 -3.011497 -2.797588
-2.880609 -2.982726 -3.024672 -2.913252 -2.896877
-2.875123 -2.98914 -2.846757 -2.825625 -3.003428
-2.947421 -2.997045 -2.869978 -2.887852 -3.15295
-3.009528
