-2.970887 -3.006827 -2.967956 -2.956489 -2.986267
-2.886401 -2.991581 -2.979006 -2.99639 -2.98406
-2.991632 -2.97108 -2.9853 -2.973764 -3.002892
-2.995421 -3.017438 -2.870447 -2.995931 -2.993813
-2.978015 -2.845962 -2.995238 -2.978337 -2.976796
-2.975031 -2.870995 -2.993396 -2.944828 -2.982129
-2.985389 -2.980153 -2.988289 -2.970651 -2.985002
-2.966344 -3.009207 -2.961515 -3.008064 -2.974
-2.970675 -2.990782 -2.992593 -2.980573 -3.01412
-2.979817 -2.991806 -2.981558 -2.982261 -2.870537
-2.979098 -2.985352 -2.983099 -2.987966 -2.977173
-2.996696 -2.976297 -2.973056 -2.970618 -2.809517
-2.965732 -2.987606 -2.994441 -2.983525 -2.980695
-2.969594 -2.992026 -2.978528 -2.966105 -2.988568
-2.979051 -2.825621 -2.983283 -2.976164 -2.856478
-2.996178 -3.016696 -2.994819 -2.992208 -2.971748
-2.971167 -2.953657 -3.007077 -2.972063 -2.98032
-2.99015 -2.983454 -2.967058 -2.985128 -3.001355
-2.989366 -2.998392 -2.973194 -2.988178 -2.97461
-3.006081 -2.953476 -2.965258 -2.977413 -2.980895
-2.851747 -2.971672 -2.84532 -2.99106 -2.993442
-2.978682 -2.974146 -2.990185 -3.004933 -2.857825
-2.976028 -2.982847 -2.975937 -3.00098 -2.961896
-2.97891 -2.995879 -2.980066 -2.848869 -3.003646
-2.972942 -2.983353 -2.98094 -2.98424 -2.957826
-3.005791 -2.993624 -2.976093 -2.96284 -2.988723
-3.00951 -2.962411 -2.955678 -2.955188 -2.957704
-2.987406 -2.98954 -2.973639 -2.971076 -2.980752
-2.978955 -2.97425 -2.986917 -2.97106 -2.998675
-2.976752 -2.987991 -2.995567 -2.994459 -2.957052
-2.982747 -2.98508 -2.97551 -2.975177 -2.996738
-2.965438 -2.837373 -2.978243 -3.004551 -2.991601
-2.989368 -2.981174 -2.959533 -2.968081 -2.950548
-2.898527 -2.967021 -2.999686 -2.982599 -2.979305
-2.987087 -3.003729 -2.98855 -2.971433 -2.995812
-3.010337 -3.008153 -2.988418 -2.95099 -2.901289
-2.990853 -2.997393 -2.987185 -2.980497 -2.989104
-2.974375 -2.967492 -3.002757 -2.94596 -2.981666
-2.979356 -2.97451 -1.933101 -2.961915 -2.971016
-3.005429 -2.982366 -3.009007 -2.949717 -3.003268
-2.96148
