-2.986663 -3.024623 -2.973619 -3.050941 -3.016127
-3.016475 -2.968631 -3.020097 -2.975378 -3.029824
-3.01982 -3.017209 -3.008919 -3.06617 -2.900118
-3.01177 -3.008691 -3.00205 -2.876687 -2.866015
-3.045752 -2.906027 -2.855697 -3.031544 -2.92521
-3.007467 -3.000283 -3.059907 -2.999452 -3.018022
-3.04508 -3.017122 -3.010914 -3.047525 -3.042384
-2.977671 -3.031874 -2.063304 -3.037262 -2.985623
-3.048837 -2.981286 -2.977699 -2.970549 -2.993096
-3.026671 -2.965516 -2.98405 -3.042139 -3.033832
-3.010919 -3.027686 -2.979482 -3.016445 -3.026009
-3.0254 -2.959787 -3.010104 -3.005217 -3.010598
-2.980566 -3.061043 -3.052735 -3.032372 -3.037482
-2.99007 -2.995022 -3.033722 -3.005662 -3.000747
-3.050906 -3.018351 -2.999093 -3.027783 -3.048727
-3.033195 -2.986688 -3.018362 -3.033357 -3.026088
-3.063513 -3.065973 -3.053649 -3.026876 -3.056867
-3.000258 -2.915141 -3.000023 -2.888027 -3.011755
-3.019265 -2.986451 -3.029711 -2.986887 -3.034508
-2.913854 -3.048103 -3.037622 -2.96653 -3.027842
-3.044735 -3.032476 -3.012926 -2.97323 -2.985107
-2.996658 -3.014654 -2.981467 -3.012113 -2.993225
-3.007142 -2.982462 -3.069726 -3.002503 -2.992976
-3.035112 -3.004361 -3.010902 -2.990801 -2.897498
-3.021821 -2.985849 -3.008364 -3.058009 -2.938564
-3.034664 -2.989382 -3.001807 -3.027435 -2.880655
-3.0133 -3.071962 -2.94872 -3.031112 -3.027948
-2.971864 -3.009407 -2.979426 -3.033766 -3.028874
-2.999887 -2.004288 -2.952853 -3.028177 -3.01585
-2.974521 -3.030772 -3.028111 -2.998371 -3.01367
-3.000864 -2.947338 -2.931117 -2.991267 -3.03562
-3.028713 -3.047219 -3.015021 -3.056185 -3.005617
-3.015263 -3.001969 -3.009655 -3.000164 -3.011677
-3.015137 -3.012638 -3.004043 -3.035301 -3.046533
-3.049201 -2.967951 -3.022632 -2.995478 -2.980468
-2.983843 -3.0312 -3.020528 -3.024738 -3.01204
-3.008732 -3.027539 -3.024126 -2.98243 -3.01999
-2.976518 -3.040652 -3.03778 -3.019237 -3.018031
-2.983258 -2.990864 -3.023018 -3.042003 -3.025292
-3.042543 -3.040148 -3.039132 -3.022203 -3.029019
-2.963952
