-2.972442 -2.992265 -2.956133 -2.979653 -2.977609
-2.964123 -1.961195 -2.951609 -2.972715 -2.968357
-2.98544 -2.966088 -2.972097 -2.967434 -2.990521
-2.948336 -2.978445 -2.963976 -2.976062 -2.990824
-2.983705 -2.942145 -3.028447 -2.98505 -2.980275
-2.938062 -3.017066 -2.993392 -2.942735 -2.975644
-2.976395 -2.943239 -2.977196 -2.967032 -2.984637
-2.972361 -2.981376 -2.952788 -2.957706 -2.983811
-2.981818 -3.019013 -2.960292 -2.964178 -2.979086
-1.963078 -2.893693 -3.02103 -2.968653 -2.933425
-2.974533 -2.956231 -2.971425 -2.998949 -3.001655
-2.940145 -2.829005 -2.969215 -2.994901 -2.966664
-2.983769 -3.016222 -2.949174 -2.980738 -2.963664
-2.958967 -2.861165 -2.967453 -2.882908 -3.006191
-3.017605 -2.965281 -2.965578 -2.964256 -2.984534
-2.990637 -2.927307 -3.009523 -2.964568 -2.977317
-2.952218 -2.984905 -2.979245 -2.973978 -2.976389
-2.939757 -2.949161 -3.02825 -2.858942 -2.968899
-2.954671 -2.882679 -2.952753 -2.979013 -2.984357
-2.996449 -2.989759 -2.929072 -3.005829 -2.962651
-2.951239 -2.940539 -2.978786 -2.968768 -2.929342
-2.987167 -2.977972 -2.956857 -2.943058 -2.987865
-2.958852 -2.98626 -2.97026 -3.006278 -2.98654
-2.966413 -2.932474 -2.963473 -2.947482 -2.94779
-2.931773 -2.970586 -2.999033 -2.960525 -2.994989
-2.987744 -2.962259 -2.95385 -2.975472 -2.959765
-2.932467 -2.884676 -3.009181 -2.967318 -2.979469
-3.004441 -2.910829 -2.96385 -2.954825 -2.84688
-3.004022 -2.964688 -2.999045 -2.959236 -2.971226
-2.95682 -2.962745 -2.860348 -2.951358 -2.975809
-2.96059 -2.962287 -2.965951 -2.901971 -2.967957
-2.979921 -2.999723 -2.808111 -2.97075 -3.001308
-2.984631 -2.996561 -2.991311 -2.986727 -2.965615
-2.95818 -3.030891 -2.966681 -2.969762 -2.948873
-2.968172 -2.963139 -2.958253 -2.972479 -2.886367
-2.972134 -2.934215 -2.966897 -2.973496 -2.967311
-3.004996 -2.982349 -2.982394 -2.983379 -2.939322
-3.014748 -2.956278 -2.902595 -2.930938 -3.00673
-2.064155 -2.970683 -3.009045 -2.979979 -2.966246
-2.993597 -2.955826 -2.999206 -2.968748 -3.003292
-3.005689
