-2.978515 -3.010702 -3.00865 -2.989268 -3.014506
-2.9655 -2.991444 -2.966629 -3.020026 -3.009742
-3.057449 -2.999232 -2.954792 -2.980216 -2.953487
-2.979612 -2.991211 -2.997965 -2.939594 -3.06336
-2.990321 -2.973186 -3.055074 -2.993042 -2.973433
-2.942576 -3.026075 -2.895507 -3.038092 -2.984102
-2.99811 -3.000492 -3.016089 -2.999968 -2.983666
-3.029609 -3.045393 -3.023544 -2.996188 -3.04776
-3.021189 -3.046736 -2.938797 -2.996221 -2.917386
-2.944003 -3.010338 -3.021893 -3.050576 -3.040624
-3.011531 -2.945805 -2.975952 -2.918099 -3.003766
-3.029588 -2.987164 -2.954768 -3.000606 -2.941975
-2.952414 -2.984276 -3.022717 -3.063427 -2.959843
-2.962253 -2.973114 -2.952833 -2.961932 -3.010325
-3.031791 -2.969281 -2.992322 -2.967609 -3.027027
-3.02003 -3.046797 -2.987886 -3.031784 -2.949096
-3.028565 -3.007385 -3.001836 -3.011301 -3.014728
-2.98289 -2.877295 -3.011172 -3.001851 -2.993607
-3.022884 -3.006892 -2.977176 -2.933863 -2.902581
-2.910194 -2.959019 -3.011026 -2.946557 -2.955161
-3.004785 -2.956443 -3.003838 -2.989571 -2.886453
-2.898672 -3.0296 -2.964193 -3.026324 -3.019142
-3.01101 -3.079646 -3.010754 -2.980698 -3.049458
-3.055372 -2.986561 -2.975976 -2.972786 -3.083157
-3.053955 -3.026936 -3.045912 -2.903946 -3.021403
-2.986268 -2.998692 -3.022649 -3.005925 -3.05972
-3.020724 -2.920401 -3.014221 -3.011028 -3.015254
-2.967348 -3.012366 -3.056853 -2.997986 -3.012629
-3.005504 -2.89332 -2.971447 -3.043138 -3.001166
-3.006796 -3.019546 -3.058773 -3.014197 -2.977397
-2.990785 -3.052844 -3.001758 -2.961286 -2.929222
-2.941266 -3.014821 -2.934629 -2.986213 -2.476399
-2.971535 -3.022594 -3.004575 -2.977502 -3.021917
-2.965766 -2.949649 -2.962192 -2.721647 -2.987319
-3.020801 -2.997162 -2.961651 -2.970838 -3.003441
-3.050305 -2.880454 -3.025157 -2.987397 -2.983425
-3.000525 -3.026429 -3.003903 -2.965896 -2.984845
-2.986415 -3.067074 -2.985145 -2.947639 -3.051537
-2.976305 -2.989797 -3.007888 -3.001461 -3.026024
-2.961708 -2.978573 -2.996508 -3.018797 -3.03476
-3.052242
