-2.974952 -2.965501 -2.89487 -2.953175 -2.982317
-2.838663 -3.026814 -3.062705 -2.971647 -3.016522
-3.019768 -2.977111 -2.999997 -2.95644 -3.017784
-3.033161 -3.012673 -2.996113 -2.867534 -2.966137
-3.03961 -2.983439 -2.997829 -2.954625 -2.949941
-2.946002 -2.972256 -2.927097 -2.994955 -3.003316
-2.91889 -2.887953 -2.982105 -2.966968 -3.00931
-3.018902 -2.838614 -2.951117 -3.05772 -3.000949
-2.984812 -2.973915 -3.001882 -2.953617 -3.017377
-2.941662 -2.958084 -2.956066 -2.99748 -2.977682
-2.97953 -2.968746 -3.00365 -2.970987 -3.022094
-2.964916 -2.958496 -2.919576 -2.853756 -3.026704
-3.001967 -2.97328 -2.959639 -3.035034 -2.807564
-3.027561 -2.986932 -2.845415 -2.996151 -3.047804
-3.028099 -2.963007 -2.984601 -3.0224 -3.040883
-2.969649 -3.009931 -2.966903 -2.978886 -3.010195
-3.022062 -3.019316 -2.968759 -2.972344 -3.034413
-2.963644 -2.805753 -2.968786 -2.991157 -2.953201
-2.995285 -2.994626 -3.030723 -3.031202 -2.984253
-2.942106 -3.002209 -2.999843 -3.032907 -3.02589
-2.978489 -3.03101 -2.967616 -2.972007 -2.9817
-2.963187 -2.993551 -2.978156 -2.988068 -2.874011
-3.003758 -3.023513 -3.005109 -2.928713 -2.927371
-2.978886 -2.972993 -2.987709 -2.939966 -2.97061
-2.994543 -3.04646 -2.996469 -2.952993 -2.921807
-3.039902 -2.976245 -3.004201 -2.975994 -2.996812
-3.000347 -2.943732 -2.983513 -2.748773 -3.034519
-3.010282 -2.974403 -2.93802 -3.005411 -3.002949
-3.064103 -2.936661 -2.957778 -3.006559 -2.872627
-2.930184 -2.992505 -2.966438 -2.984316 -3.010353
-2.86451 -3.004067 -2.994969 -2.973296 -2.990113
-3.02574 -3.016663 -2.965698 -3.008438 -2.844519
-2.981989 -3.016402 -2.972108 -2.980945 -2.980579
-2.958046 -3.024469 -2.970233 -2.988167 -3.017817
-2.990512 -2.9546 -2.933817 -2.969068 -2.968429
-3.001878 -2.990497 -2.988613 -2.956133 -2.934172
-3.011736 -2.996034 -2.987298 -2.990744 -3.016044
-3.065202 -3.024005 -2.999372 -2.788604 -2.998795
-2.974314 -2.998752 -3.00885 -2.969089 -3.007081
-2.870859 -2.972617 -2.975066 -3.004141 -2.988618
-2.956623
