-2.97847 -3.066017 -2.992031 -3.026622 -2.980959
-2.965747 -3.045986 -3.000707 -3.056848 -3.066074
-3.030512 -3.009311 -3.062429 -2.964431 -3.01251
-2.957162 -2.992609 -3.025477 -3.023763 -2.983135
-2.988069 -2.992008 -3.053621 -2.959325 -2.973188
-3.014052 -3.00815 -3.032815 -3.030563 -3.00501
-2.988164 -3.018984 -3.053308 -3.037895 -3.013171
-3.023129 -3.064063 -2.979249 -2.945356 -3.020848
-3.02485 -2.984903 -3.022805 -2.983646 -2.984946
-2.994272 -2.986218 -3.01597 -3.03883 -3.031405
-2.98045 -3.005631 -3.023521 -3.013834 -3.032232
-2.990017 -3.000078 -2.894532 -3.000747 -3.013938
-2.991692 -3.002385 -3.018354 -2.994538 -3.015443
-2.997288 -2.989574 -3.051595 -2.992314 -2.98637
-3.005344 -3.006138 -3.037091 -2.996361 -2.99056
-3.041439 -3.026948 -2.964656 -3.039399 -2.984712
-2.9807 -3.04982 -2.974325 -3.012731 -2.978729
-2.974316 -3.012137 -3.003233 -3.049825 -2.97915
-3.009771 -3.007285 -2.982403 -3.004505 -3.001212
-2.94488 -2.993997 -2.999195 -3.006302 -3.021819
-2.977887 -3.085082 -3.006954 -2.957066 -3.006076
-3.009904 -3.023447 -2.961594 -2.121128 -3.016548
-2.999948 -2.998267 -2.9976 -3.019967 -2.94851
-3.000017 -3.041735 -2.970152 -3.002097 -3.021125
-2.989048 -3.034196 -2.98306 -3.067099 -2.926461
-3.025724 -3.033289 -2.97273 -3.075298 -3.016545
-3.005888 -2.952018 -3.110322 -2.995521 -2.936692
-2.965629 -3.019469 -3.008074 -2.975467 -3.002554
-3.017792 -3.015532 -2.862336 -2.961974 -3.000411
-3.036344 -2.982546 -2.981344 -3.023825 -3.028894
-2.983198 -2.975652 -2.977602 -2.993062 -3.045902
-2.993699 -3.008439 -3.011729 -3.011264 -3.042891
-3.035648 -2.979836 -2.991145 -3.047148 -2.961457
-3.041052 -3.02386 -3.054883 -3.001038 -2.988305
-3.047719 -3.049221 -2.989964 -3.023279 -2.968343
-2.988838 -2.982456 -3.031185 -3.020152 -3.04104
-3.020308 -2.950476 -3.047328 -3.003614 -3.014169
-2.868394 -3.018507 -2.965835 -3.041531 -3.01575
-3.037933 -2.996714 -2.84624 -3.001952 -3.017314
-3.018073 -3.020801 -3.006132 -2.860943 -2.895138
-3.010234
