-2.992232 -3.022707 -2.99474 -3.038528 -3.036308
-3.045255 -3.006861 -3.077901 -1.895941 -3.020719
-3.051293 -3.035423 -3.051005 -3.028823 -3.034116
-3.023399 -2.993906 -3.005554 -3.088351 -2.991482
-2.89999 -3.056918 -3.00485 -3.032953 -3.049421
-3.021314 -2.985091 -3.010584 -3.013588 -3.008293
-3.036538 -2.907563 -3.039265 -2.977614 -3.003164
-2.89451 -2.994449 -2.994034 -3.04099 -3.013105
-3.033502 -2.924091 -3.090927 -2.992564 -3.076809
-3.077398 -2.982288 -3.042214 -3.02848 -3.031958
-3.016348 -3.005496 -3.021153 -3.069312 -3.009577
-3.010147 -2.997617 -2.964795 -3.032587 -2.976257
-3.018382 -3.065503 -2.99669 -3.006431 -2.885405
-3.047463 -1.968623 -3.055032 -2.966687 -3.035548
-3.008018 -3.073051 -3.06063 -3.080269 -3.035586
-3.01152 -3.056769 -2.975237 -3.019491 -3.097459
-2.95125 -3.040668 -2.978342 -2.999505 -3.001198
-3.017109 -3.037716 -2.982298 -3.008031 -3.007234
-3.035335 -2.98037 -3.030337 -3.033562 -2.988076
-2.952945 -3.003615 -3.040509 -3.014097 -2.993851
-3.01784 -3.054128 -3.015931 -3.07743 -2.989291
-3.015319 -3.074482 -3.031322 -3.033476 -3.025774
-2.984574 -3.037593 -3.047931 -2.992634 -3.052949
-3.020291 -3.015052 -3.054777 -3.066765 -2.834219
-2.974779 -3.023053 -3.004689 -2.999764 -2.961774
-3.069815 -2.906602 -3.057241 -3.013982 -3.047565
-3.049327 -3.013929 -2.956382 -3.016358 -3.039148
-3.087869 -3.054231 -3.039374 -3.095861 -2.987287
-2.992411 -3.033641 -3.024839 -3.049871 -3.085952
-3.054385 -3.020481 -3.026199 -2.996988 -2.991728
-3.048722 -3.020867 -3.04854 -2.927788 -3.058248
-3.051709 -2.978609 -3.049154 -2.887588 -2.879849
-3.034606 -3.022052 -3.010207 -3.06324 -3.044425
-3.014425 -3.020563 -3.042632 -3.042201 -3.024824
-2.964923 -3.024416 -3.026231 -2.968742 -3.097358
-3.033725 -2.96138 -3.00002 -3.040009 -3.027068
-3.082154 -3.004281 -2.968009 -3.013337 -3.045539
-3.062504 -2.978604 -3.010345 -3.04391 -3.025474
-2.956579 -3.030237 -3.004518 -2.988335 -2.828802
-3.053352 -3.069924 -2.989061 -3.046358 -2.997384
-2.903119
