-2.96256 -2.960204 -2.958412 -2.963422 -2.985881
-2.914773 -2.995638 -3.002072 -2.941979 -2.955028
-2.934653 -3.016865 -2.94724 -2.910249 -3.019246
-2.992514 -2.968183 -3.012841 -2.968263 -2.97937
-2.943843 -2.973319 -2.891156 -3.025802 -3.067287
-2.980931 -2.926617 -2.970726 -2.960562 -2.944608
-2.97419 -3.041617 -3.026424 -2.999225 -3.027176
-2.959339 -2.985473 -3.016308 -2.982806 -2.998118
-2.864874 -2.946187 -2.915188 -2.959009 -2.987644
-3.009202 -2.960161 -2.96439 -2.896637 -2.780909
-2.974518 -2.976536 -2.870852 -2.989154 -2.913906
-3.006056 -3.015558 -2.972714 -2.943412 -2.950273
-2.945095 -3.009939 -2.943349 -2.986562 -2.996297
-2.993676 -2.909263 -2.949371 -2.8796 -2.994394
-2.970997 -2.970891 -2.957101 -3.069753 -3.007965
-3.01138 -2.944604 -2.996926 -2.957401 -2.979255
-2.859835 -2.956375 -3.010621 -2.98068 -3.016187
-2.996957 -2.929065 -2.986371 -3.024101 -2.983553
-2.861968 -2.950628 -2.978515 -3.039781 -3.008952
-2.879491 -2.927347 -2.987278 -2.978786 -2.988745
-2.981414 -2.969737 -3.042025 -2.959368 -3.011609
-3.027651 -2.955403 -3.000524 -3.040297 -2.989295
-3.018871 -2.980024 -2.979345 -2.990774 -3.071948
-2.985687 -3.021862 -3.021109 -3.019061 -3.005181
-3.000922 -2.984109 -2.98093 -3.007634 -2.992406
-2.932844 -2.940506 -3.022162 -2.9893 -3.060003
-3.066546 -3.019285 -2.956782 -2.931389 -2.963695
-2.943923 -3.004921 -3.013248 -2.982783 -2.962691
-2.953654 -2.949945 -3.029818 -3.049984 -3.058992
-2.942274 -3.008778 -2.994371 -2.956814 -2.932474
-3.025722 -3.031087 -3.00461 -2.948995 -3.011785
-3.018663 -3.024445 -2.997365 -3.034021 -2.983027
-2.745175 -2.99629 -3.065547 -2.944208 -2.926234
-3.000186 -3.013696 -2.862964 -3.010882 -2.926241
-2.958707 -3.028305 -3.026896 -2.978826 -2.963594
-2.995978 -2.966406 -2.908537 -2.95027 -2.977841
-3.001802 -2.92857 -3.016311 -3.057056 -2.994118
-3.012667 -2.946685 -2.990049 -2.942441 -2.954196
-2.978816 -3.051379 -2.965194 -3.008669 -2.993235
-2.944227 -3.021252 -2.96763 -2.965411 -2.945018
-2.987599
