-2.942351 -2.900295 -2.973157 -2.999509 -2.966962
-2.920176 -2.827544 -2.93515 -2.965247 -3.035627
-2.995284 -2.99656 -2.995392 -2.991309 -2.922466
-2.955358 -2.969658 -2.940308 -2.939599 -2.986425
-2.957537 -2.829827 -2.987603 -2.919886 -2.942835
-2.961003 -2.943797 -2.993245 -2.978217 -2.993015
-2.976909 -2.977095 -2.980951 -2.980378 -2.955602
-2.961825 -2.940307 -2.994124 -2.938737 -2.981286
-2.971951 -2.936705 -2.968525 -2.953318 -2.936627
-2.94224 -3.001653 -2.935459 -3.00173 -2.943892
-2.934314 -2.946282 -2.968231 -2.986486 -2.974696
-2.97958 -2.949117 -2.985543 -2.991438 -2.995163
-2.957984 -2.969541 -2.864136 -2.799888 -2.975555
-2.978892 -3.016866 -2.991204 -2.807707 -2.975482
-2.983229 -2.974151 -2.972756 -2.952111 -2.989915
-2.943407 -2.942049 -2.967483 -2.985294 -2.966315
-2.976076 -2.878169 -3.000087 -2.989785 -2.957083
-2.936201 -2.93584 -2.983347 -2.983707 -2.985509
-2.987485 -2.946187 -2.971117 -2.945853 -2.981984
-3.019341 -2.988417 -2.949514 -2.959063 -2.981782
-2.955372 -2.994588 -2.972042 -2.972321 -3.004279
-2.937215 -2.952432 -2.843726 -2.945418 -2.951946
-2.959504 -2.935981 -2.97287 -2.999016 -2.995252
-2.996576 -2.973569 -2.973357 -2.862273 -2.938826
-2.967907 -2.954603 -2.955815 -2.957136 -2.864782
-2.968871 -2.996635 -3.00148 -3.007887 -2.989455
-2.968627 -2.964201 -2.99881 -2.980374 -2.974489
-2.97889 -2.946376 -2.958575 -2.987422 -2.962447
-2.923188 -2.865214 -2.950859 -2.929663 -3.036409
-2.976429 -2.959753 -2.826704 -2.990889 -2.978859
-2.957537 -2.961244 -2.976611 -3.014864 -2.842465
-2.99836 -2.956531 -2.86096 -2.985032 -2.964619
-2.945773 -2.925755 -2.948365 -2.986651 -2.964022
-2.850819 -2.958038 -2.983389 -2.994842 -2.889115
-2.978516 -2.965045 -3.011168 -2.979091 -2.989161
-2.955667 -2.969024 -2.966597 -2.977724 -2.822088
-2.951076 -2.992672 -2.960981 -2.942257 -2.973328
-2.962536 -2.960228 -2.95928 -2.756656 -2.973038
-2.837748 -2.933217 -2.977503 -2.952372 -2.957067
-2.983086 -2.938789 -2.982496 -2.950633 -2.948692
-2.994515
