-2.986286 -2.999953 -3.012824 -2.975862 -2.9761
-3.030542 -2.955797 -3.014536 -2.984718 -2.948651
-2.960041 -3.027049 -2.991596 -3.015707 -2.993199
-3.034918 -3.014484 -3.004756 -2.952263 -3.044654
-2.959461 -3.000695 -2.932978 -2.99503 -3.014582
-2.987379 -3.014696 -3.024923 -3.01946 -3.006048
-3.029208 -3.041926 -3.028801 -2.947813 -2.953967
-3.007149 -2.996805 -3.031958 -2.993683 -2.985615
-3.017853 -3.01575 -3.023753 -2.986499 -3.006421
-2.950352 -3.041822 -3.02875 -3.002421 -3.028603
-2.994041 -3.02094 -3.019657 -2.940937 -3.070339
-3.006319 -2.996502 -2.98916 -3.0134 -3.054434
-2.97215 -2.950073 -2.983278 -2.985806 -2.978994
-3.007507 -3.014921 -3.004854 -2.835623 -2.934901
-2.946381 -2.941571 -2.988301 -2.9822 -2.943216
-2.979839 -3.007049 -2.964442 -3.048156 -3.046422
-2.959687 -1.973077 -2.986643 -2.892565 -3.012074
-3.02298 -3.007494 -2.986495 -3.046779 -3.041495
-3.035961 -3.032677 -2.965234 -3.023274 -2.947961
-2.981235 -2.99804 -2.926992 -3.013176 -3.018257
-2.961627 -2.849987 -2.899873 -3.028708 -2.952311
-3.021761 -3.006477 -3.011249 -3.026229 -3.03181
-2.983007 -3.014688 -2.91727 -3.021062 -2.960734
-3.025601 -3.028969 -3.025741 -3.004832 -3.013009
-3.019846 -2.995383 -2.962455 -2.989842 -2.899419
-2.953074 -2.999322 -3.02742 -2.976519 -2.980162
-2.921046 -3.057542 -2.965555 -2.877976 -2.950778
-3.000991 -2.989304 -2.991369 -3.030238 -2.959666
-2.961735 -3.007191 -3.003801 -3.007349 -2.943353
-3.011969 -3.014316 -3.010809 -3.005473 -3.038978
-2.98783 -2.933004 -3.003444 -2.978693 -2.958951
-2.962619 -3.002982 -2.995653 -2.992414 -2.985945
-2.989039 -3.049368 -3.023294 -3.022944 -2.977211
-2.962278 -2.887447 -3.02575 -3.002086 -2.991067
-2.988833 -2.000747 -3.02251 -2.952776 -2.961894
-2.993702 -2.995715 -3.022696 -2.987046 -2.920623
-3.019214 -3.099584 -2.985922 -2.998734 -3.02666
-2.995231 -3.027854 -2.95881 -2.97763 -2.992722
-2.995846 -3.023022 -2.888964 -2.862808 -3.00073
-2.962643 -3.000504 -3.013958 -3.083745 -3.002126
-2.940803
