-3.040455 -3.094919 -3.062038 -3.019048 -3.0914
-3.081313 -3.058986 -3.088628 -3.047677 -3.061054
-3.04222 -3.074475 -3.037035 -3.02864 -3.027044
-3.031237 -3.055484 -3.053035 -3.088747 -3.05726
-3.074598 -3.036406 -3.042893 -3.076203 -3.069899
-3.025511 -3.038052 -2.912406 -3.060223 -3.058693
-3.007897 -3.077405 -2.928935 -3.057388 -3.02057
-3.074212 -3.089707 -3.086682 -3.046616 -3.038485
-3.035203 -3.018068 -3.035144 -3.039372 -3.01074
-3.025847 -3.0267 -3.055525 -1.988917 -3.050927
-3.042269 -3.072296 -3.041256 -3.062208 -3.040288
-3.021706 -3.100604 -2.976266 -3.046785 -3.007363
-2.971654 -3.014046 -3.04127 -3.030625 -2.927681
-3.054488 -3.043541 -3.040742 -3.034438 -3.062405
-3.058508 -3.050937 -3.085477 -3.032824 -3.02409
-3.045751 -2.925639 -3.045247 -3.025391 -3.044333
-3.042436 -3.01285 -3.015703 -2.899518 -3.064318
-3.046741 -3.006793 -3.04715 -3.090157 -2.958453
-3.047253 -3.042264 -3.063325 -3.01766 -3.020441
-2.900866 -3.039145 -3.060478 -3.030351 -3.009846
-3.076389 -3.092822 -2.914352 -3.014079 -3.033895
-3.057266 -3.080231 -2.881638 -3.037622 -3.044056
-3.025818 -3.058781 -3.03561 -3.062719 -3.020953
-3.023934 -3.058708 -3.083291 -3.077247 -3.081652
-3.059069 -3.067987 -3.032233 -3.064796 -3.032839
-2.924181 -3.040733 -3.08612 -3.063219 -3.030968
-3.009114 -3.029935 -3.044847 -3.024848 -3.055041
-3.015044 -3.032957 -3.074203 -3.071025 -3.027645
-3.054326 -3.015833 -2.980876 -2.953827 -3.060741
-3.088868 -3.002887 -3.05914 -3.066282 -3.0568
-3.046745 -3.063902 -3.046786 -3.058172 -3.046034
-3.035944 -3.03987 -3.046001 -3.009883 -3.056509
-3.025504 -3.046232 -3.050142 -3.07734 -3.032973
-3.034881 -3.076697 -3.031785 -3.04366 -3.035475
-3.090497 -3.047845 -2.957497 -3.051396 -3.02961
-3.039447 -3.01667 -3.043705 -3.062403 -3.059631
-3.009232 -3.10289 -3.015012 -3.081262 -2.931481
-3.050725 -3.056788 -3.042016 -3.02321 -3.049634
-3.084337 -2.808527 -3.053957 -3.052515 -3.056443
-3.050554 -3.051455 -3.040924 -3.048514 -3.019044
-3.039446
