-2.974378 -3.004841 -2.934097 -3.05192 -3.004454
-2.981343 -3.007592 -2.983611 -2.983331 -2.997566
-2.990771 -2.99105 -3.034198 -2.960859 -3.029039
-3.008534 -3.018622 -2.986285 -3.023308 -3.006526
-3.003323 -2.82272 -2.968836 -2.977659 -2.996593
-2.874001 -2.935859 -2.995458 -2.993694 -2.964418
-3.024754 -2.997382 -2.988616 -2.970638 -2.985384
-2.997601 -3.010484 -2.847655 -2.886279 -2.959728
-2.994843 -3.039104 -2.968566 -2.952227 -2.950687
-2.880449 -3.020964 -2.996794 -2.999783 -2.977107
-3.017239 -2.977139 -3.009149 -2.974795 -2.993746
-2.977069 -2.999412 -2.944184 -3.038647 -3.008586
-2.970446 -2.973479 -2.993449 -2.944745 -2.944859
-3.030606 -3.008408 -3.003333 -3.000706 -2.976225
-3.000327 -2.840168 -2.993709 -3.008102 -2.978451
-2.995869 -2.968788 -3.018719 -2.970558 -3.02791
-2.983799 -3.042832 -3.014435 -2.988464 -3.051268
-2.960278 -3.02038 -3.020372 -2.985478 -3.019426
-2.981083 -2.987287 -3.01625 -2.942575 -2.933315
-3.042259 -2.97307 -3.030876 -2.819424 -2.992125
-2.977224 -2.972605 -2.984364 -2.964541 -2.990522
-2.976343 -2.976807 -3.013999 -2.990913 -2.973257
-3.023956 -2.955934 -2.96406 -2.978061 -2.999183
-3.004062 -2.974379 -3.024046 -2.956043 -2.876563
-2.996019 -2.977063 -2.93665 -2.970047 -2.972171
-3.004402 -3.010721 -2.989581 -2.994675 -3.001242
-3.00046 -2.777439 -2.995449 -2.972578 -3.004826
-2.996812 -2.979831 -2.990462 -2.971155 -2.989904
-3.001637 -3.003056 -2.8186 -2.968875 -2.993665
-2.996117 -3.034426 -2.96818 -2.967711 -2.979124
-2.978749 -2.97113 -3.005319 -2.988408 -2.969086
-3.030447 -2.9729 -2.961117 -2.966537 -3.006493
-2.872231 -2.871402 -2.978875 -2.966742 -2.873431
-2.828435 -3.018075 -3.018914 -3.068044 -3.012194
-3.005176 -3.013999 -2.993284 -3.006147 -2.932737
-3.002602 -2.992857 -3.009147 -3.000521 -3.012282
-3.005298 -2.994343 -2.970793 -2.933677 -2.976586
-3.003863 -2.979883 -3.019432 -3.003029 -2.977735
-2.94293 -2.993797 -2.984437 -3.000911 -2.987202
-2.983814 -2.996079 -2.897578 -2.875112 -3.000049
-2.992092
