-2.669419 -2.923942 -3.259673 -3.039899 -2.878332
-2.963044 -3.27025 -3.073954 -3.028494 -2.889349
-3.146529 -3.099105 -2.997735 -3.127467 -3.010765
-3.265987 -3.048352 -2.693885 -3.13403 -3.056022
-2.990559 -2.993314 -3.329045 -3.196679 -3.492923
-2.964786 -3.247112 -2.69843 -3.242899 -3.456046
-3.151321 -2.952566 -2.870262 -2.907712 -2.917082
-2.988626 -2.996402 -3.120884 -2.998834 -3.121211
-2.959965 -3.075335 -3.181418 -3.130565 -2.929283
-3.211402 -2.906447 -3.177247 -3.093271 -3.094884
-3.074265 -3.257296 -2.884678 -2.972907 -2.843701
-3.06598 -3.00721 -3.375323 -2.970314 -2.85181
-2.948043 -2.99297 -2.852526 -3.129728 -2.924575
-3.314224 -2.804224 -2.964997 -2.883421 -2.862149
-2.930319 -3.027915 -2.860382 -2.957356 -2.96295
-3.049122 -3.329487 -3.274275 -3.170785 -3.270815
-3.161295 -3.158153 -3.006811 -3.204478 -2.516472
-3.572508 -3.22451 -2.800697 -2.702786 -3.176773
-2.9932 -3.109535 -3.232047 -3.007768 -2.88645
-3.007105 -3.468016 -3.274912 -2.993951 -2.910274
-3.006844 -2.991181 -2.90282 -3.027787 -2.818075
-2.971444 -2.838904 -3.098677 -3.00908 -2.950151
-3.015713 -3.179709 -3.151904 -3.065283 -2.973893
-3.181245 -3.003409 -3.134372 -3.191811 -3.284039
-2.931007 -3.080966 -2.996734 -3.147286 -3.020818
-3.166909 -3.104195 -2.90811 -2.994548 -2.937428
-2.94709 -2.979001 -3.391763 -3.159196 -2.946136
-3.069198 -2.944542 -3.029429 -2.770043 -3.096329
-2.965985 -2.892247 -3.253177 -3.133421 -3.355463
-3.013924 -2.900571 -3.071161 -2.829523 -3.274353
-3.35805 -3.003109 -3.123607 -3.259336 -2.860591
-3.030413 -2.91081 -3.545792 -3.192834 -3.025561
-3.029751 -3.05786 -2.902311 -3.052782 -3.166162
-2.896858 -3.057884 -2.996922 -2.986597 -3.017292
-3.0999 -3.079234 -2.818618 -3.268914 -2.962505
-3.029619 -2.861294 -3.161319 -2.887739 -3.098657
-3.069973 -2.963774 -2.979102 -2.93303 -2.959835
-2.905544 -2.96702 -2.959106 -3.204833 -3.006264
-3.251755 -3.375956 -3.057906 -3.153531 -3.097494
-3.420942 -2.839179 -2.91973 -3.016206 -2.884748
-3.085495
