-2.943909 -2.977389 -2.941387 -2.928645 -2.95784
-2.969353 -2.947072 -2.932386 -2.966993 -2.873765
-2.966636 -2.807545 -2.914557 -2.968955 -2.938925
-2.959828 -3.017079 -2.903288 -2.823682 -2.94198
-2.921181 -2.898467 -2.940846 -2.940756 -2.969688
-2.932875 -2.990718 -2.904996 -2.957616 -2.961036
-2.969471 -2.935589 -2.978065 -2.941263 -2.907551
-2.974349 -2.973591 -2.953238 -2.936398 -2.932641
-2.948322 -2.957694 -2.91843 -2.92852 -2.927595
-2.939792 -2.946656 -2.963541 -2.952217 -2.982026
-2.913921 -2.943316 -2.935561 -2.928459 -2.961702
-2.985795 -2.957045 -2.987503 -2.929301 -2.997792
-2.910496 -2.946407 -2.953652 -2.961459 -2.95482
-2.858742 -2.900456 -2.948351 -2.953148 -2.94413
-2.944712 -2.96065 -2.969478 -2.936825 -2.925469
-2.946248 -2.930832 -2.968064 -2.934592 -2.939955
-2.900183 -2.918001 -2.949303 -2.905858 -2.962721
-2.924335 -2.919678 -2.92017 -2.928869 -2.816785
-2.944326 -2.925916 -2.916185 -2.921366 -2.985168
-3.009975 -2.942185 -2.964726 -2.933532 -2.992091
-2.956454 -2.944526 -2.935098 -2.969421 -2.833569
-2.906447 -2.935792 -2.942997 -2.9304 -2.968894
-2.937936 -2.950277 -2.910661 -2.958033 -2.941906
-2.943512 -2.937098 -2.88713 -2.924481 -2.929878
-2.97249 -2.938705 -2.976937 -2.959124 -2.97071
-2.935281 -2.9502 -2.999905 -2.851119 -2.990149
-2.928901 -2.937918 -2.978434 -2.94604 -2.947581
-2.990048 -2.948825 -2.933529 -2.9661 -2.964706
-2.958718 -2.901333 -2.948968 -2.938452 -2.964641
-2.83287 -2.958254 -2.95472 -2.970185 -2.997196
-2.970849 -2.719532 -2.94038 -2.925623 -2.977577
-2.969641 -2.949419 -2.948925 -2.973218 -2.965885
-2.959767 -2.983755 -2.901793 -2.99522 -2.930324
-2.937051 -2.822435 -2.972844 -2.942807 -2.967622
-2.965114 -2.946625 -2.914738 -2.94129 -2.941963
-2.942448 -2.948626 -2.955573 -2.935027 -2.987532
-2.952828 -2.949405 -2.908918 -2.929834 -2.940004
-2.946641 -2.975712 -2.934139 -2.923306 -2.964945
-2.931913 -2.951092 -2.953313 -2.984784 -2.95881
-2.973931 -2.93021 -2.770833 -2.954223 -2.918177
-2.950297
