-3.002413 -2.894019 -3.037297 -3.050171 -3.033949
-3.034742 -3.005209 -2.99231 -2.998641 -2.993915
-1.993213 -3.018788 -2.981158 -3.014687 -3.010951
-3.097236 -3.044355 -3.022283 -2.885364 -3.013167
-3.031302 -3.032263 -2.995613 -3.035674 -3.045892
-3.010648 -3.009943 -3.044269 -3.008768 -2.957706
-2.990515 -3.021093 -2.999513 -2.94144 -3.013164
-3.044256 -2.920074 -3.00143 -3.012682 -2.986995
-3.046556 -3.03996 -3.006758 -3.052216 -3.039205
-3.024193 -3.030618 -3.027892 -3.002361 -3.015601
-2.915218 -3.00565 -3.042374 -2.998209 -3.016542
-2.940442 -3.048627 -3.029014 -3.015545 -3.018071
-3.029037 -3.056477 -3.028978 -3.071582 -2.997483
-3.045963 -3.034863 -2.870313 -3.008089 -3.003186
-3.029608 -2.984494 -2.966619 -3.027776 -2.995913
-3.007357 -3.016472 -3.023743 -3.030478 -3.023331
-3.028523 -2.994629 -2.999059 -3.037365 -3.047072
-2.898882 -3.046682 -3.004101 -3.007959 -3.027614
-3.026179 -2.828911 -3.012821 -3.010837 -3.030513
-3.019085 -3.004689 -2.886163 -3.018627 -3.022193
-3.000622 -3.030746 -3.045448 -3.017754 -2.988214
-3.026801 -3.027508 -3.029869 -2.910864 -3.014065
-3.044206 -2.894463 -3.010936 -2.958027 -3.027018
-3.006569 -3.01194 -3.029953 -3.011594 -3.027163
-3.011743 -2.992918 -3.030494 -3.01687 -3.040859
-2.980806 -3.024947 -3.027288 -2.894041 -3.021908
-2.757193 -2.903978 -2.886654 -3.002631 -3.021356
-2.982055 -2.994746 -2.999668 -3.060838 -3.046033
-3.016993 -3.01 -3.016148 -3.001403 -3.021273
-3.023675 -3.051578 -2.917266 -3.014226 -3.054635
-3.003888 -3.003098 -2.927274 -3.027825 -3.058589
-3.017487 -3.051147 -2.914503 -3.029027 -3.029268
-3.090284 -3.048509 -3.023772 -2.91065 -3.053697
-3.064848 -3.040286 -2.989095 -3.051398 -3.002114
-3.033562 -3.006446 -3.013064 -3.140874 -3.033786
-3.056879 -3.020309 -3.027155 -3.035627 -3.032558
-3.001678 -3.013612 -3.024004 -3.02732 -2.051137
-2.997778 -2.898146 -3.002736 -3.031379 -3.007681
-3.032223 -2.966267 -2.985269 -2.89259 -3.027191
-2.962778 -3.009614 -2.978233 -3.023138 -3.05244
-3.012578
