-2.96469 -2.971381 -3.009592 -2.976673 -2.841137
-2.967035 -2.975264 -2.99934 -2.959667 -2.988686
-2.879483 -2.930049 -2.955093 -2.962952 -2.949525
-2.965521 -2.984599 -3.018139 -3.015048 -1.995014
-2.941356 -2.975227 -2.935894 -2.994854 -2.988196
-2.950981 -2.95709 -2.961755 -2.944652 -3.018686
-2.985493 -2.956163 -2.969866 -2.928324 -2.975971
-2.971537 -2.979921 -3.014654 -2.975054 -2.942404
-2.951229 -2.80797 -2.940142 -2.97891 -2.864519
-2.987827 -2.943712 -2.937373 -2.997813 -2.955326
-2.919809 -2.966502 -2.953464 -2.970199 -2.978228
-2.951765 -2.960825 -2.976402 -2.94363 -2.969743
-2.947705 -2.971755 -2.863721 -2.84979 -2.841207
-2.852739 -2.984185 -2.954876 -2.96013 -2.977622
-3.00015 -2.862904 -2.982595 -2.943278 -2.998521
-2.991235 -2.944611 -2.999825 -2.980662 -2.988113
-3.006707 -2.955273 -2.983223 -2.96237 -2.952415
-2.979084 -2.980418 -2.993719 -2.982007 -2.936512
-3.02129 -2.980197 -2.963991 -2.97597 -2.984084
-2.975935 -2.929958 -3.006177 -2.973476 -2.858545
-3.026713 -2.939901 -2.982832 -3.028118 -2.935769
-2.024281 -2.972363 -2.944298 -2.979952 -2.982495
-2.977335 -2.917405 -2.841505 -2.939281 -2.952827
-2.980555 -2.976589 -2.943292 -2.956253 -3.005049
-2.986244 -2.969508 -3.006982 -2.992379 -2.990565
-2.954395 -2.986111 -3.017402 -2.956849 -3.004615
-2.759704 -2.943478 -2.844647 -2.965169 -2.958265
-2.971887 -2.969862 -3.035366 -2.985653 -2.987008
-2.935866 -2.966395 -2.982967 -2.966125 -2.889063
-2.971878 -2.962578 -2.95174 -2.997183 -2.952353
-2.991709 -2.957297 -2.989133 -2.961669 -3.028152
-2.859139 -2.951954 -2.935333 -2.979674 -2.953634
-2.942437 -2.859058 -2.950283 -3.000931 -2.999051
-2.948458 -3.014102 -2.85047 -2.987872 -3.00617
-2.995854 -2.03745 -2.951754 -2.968219 -2.983181
-2.990062 -2.971016 -2.947645 -2.996492 -2.853748
-2.992071 -2.963881 -3.014174 -2.917876 -3.015546
-2.936371 -2.953895 -2.997783 -2.993383 -2.993767
-3.02075 -2.962136 -2.951173 -2.83962 -2.982582
-2.94273 -3.0449 -2.918784 -2.973523 -2.964614
-2.970479
