-2.971526 -3.00007 -2.97724 -2.97496 -2.987284
-3.008857 -2.980911 -2.82945 -3.000429 -2.96144
-3.006556 -2.956737 -2.981166 -2.880391 -2.956173
-2.983384 -2.981505 -2.962636 -3.020598 -2.995181
-2.988598 -3.008307 -3.010949 -2.879043 -2.954085
-2.980801 -2.981656 -2.845299 -2.98942 -2.981924
-2.984857 -2.955739 -2.991425 -2.97983 -2.959216
-2.996131 -2.949463 -3.040785 -2.973674 -2.974717
-2.950972 -2.953604 -2.969259 -2.985117 -2.947191
-3.035546 -3.001888 -2.90281 -2.995713 -2.985993
-2.851556 -3.029933 -2.998358 -2.975424 -2.976352
-3.013929 -2.959568 -2.98987 -2.984606 -2.950646
-2.937217 -3.015435 -2.970766 -3.00104 -2.977347
-3.024779 -2.96308 -2.844251 -2.960588 -2.980899
-2.973721 -2.989332 -2.988828 -2.942907 -2.97921
-2.967776 -2.968185 -3.007816 -2.952395 -3.018537
-2.970848 -2.989731 -2.988275 -2.999699 -2.978877
-2.930107 -2.949345 -3.02825 -2.98095 -2.989676
-2.986824 -3.016946 -2.952696 -2.987595 -2.963033
-2.959505 -2.988392 -2.990603 -2.946306 -2.943936
-2.946916 -2.992053 -2.984023 -2.976782 -2.966387
-2.966062 -2.940897 -2.96547 -3.018928 -3.006926
-2.958731 -2.935797 -2.990204 -2.984684 -3.019354
-2.984556 -2.977034 -2.969658 -2.980416 -2.957514
-2.95718 -3.015196 -3.016698 -2.953892 -2.969745
-2.857288 -2.976835 -2.995668 -3.016516 -2.844183
-2.956168 -2.998441 -2.970755 -2.975877 -2.94738
-2.989562 -2.962965 -2.970724 -2.98368 -2.971802
-2.98871 -2.966266 -2.962436 -2.969587 -3.003948
-3.006238 -2.980766 -3.044106 -2.953014 -3.008958
-3.01986 -2.9644 -2.972477 -2.974052 -2.83405
-2.945177 -2.958286 -2.969082 -2.983684 -2.956539
-1.974876 -2.964362 -2.976542 -2.961831 -2.996877
-2.963264 -2.9421 -2.962934 -2.852855 -2.96968
-2.982633 -2.969184 -2.989937 -2.94746 -2.983291
-2.92839 -2.971789 -2.881799 -3.014377 -2.97524
-2.975832 -2.983179 -2.957122 -2.946641 -2.992665
-2.954011 -2.966362 -2.998113 -2.974738 -2.943363
-2.882215 -3.005635 -2.969146 -2.929506 -2.967993
-2.984119 -3.010525 -2.939536 -2.989684 -2.996306
-2.979305
