-2.966869 -3.011055 -2.972212 -2.954796 -3.013422
-2.998817 -2.94369 -2.960896 -2.994621 -2.980712
-3.026339 -3.001097 -3.001781 -2.843598 -3.00753
-2.944094 -2.963243 -2.959968 -2.93467 -2.977902
-2.964126 -2.88193 -2.98041 -3.004987 -2.977901
-2.983226 -2.989182 -2.985265 -2.997056 -2.989236
-2.971358 -2.848248 -3.013641 -2.973062 -2.964686
-2.920786 -3.012749 -3.006153 -2.990833 -2.944356
-3.003158 -3.012895 -1.964407 -1.965682 -2.893514
-2.955852 -2.907668 -2.95567 -2.97836 -2.964834
-2.982985 -2.947511 -3.021094 -2.976823 -2.853509
-2.990304 -2.973405 -2.999411 -2.977184 -3.00617
-2.932724 -2.997847 -2.971154 -2.824085 -3.015992
-2.987946 -2.825654 -2.936376 -2.98689 -2.975875
-3.003057 -2.998027 -2.982943 -3.000776 -3.001557
-3.019626 -2.972956 -2.982213 -2.960223 -2.966598
-3.012283 -2.992296 -2.981876 -2.980896 -2.975001
-2.981447 -2.044063 -2.992902 -2.965581 -2.95828
-2.971884 -2.844936 -2.963197 -2.966545 -2.971192
-2.995178 -2.976753 -3.015439 -3.002043 -2.966787
-2.974169 -3.019112 -2.968216 -2.085396 -2.971476
-3.007214 -2.990173 -2.978832 -2.839015 -2.84753
-2.949496 -3.002696 -2.997085 -2.967872 -3.02173
-2.988727 -3.022998 -2.986395 -2.976068 -2.96039
-3.015185 -2.94314 -2.956769 -2.990016 -2.984993
-2.963627 -2.982462 -3.031512 -2.980014 -2.983345
-1.979076 -2.979447 -2.972498 -3.021918 -2.996899
-2.993229 -2.984853 -2.980675 -2.958085 -2.987462
-2.96696 -3.011018 -2.970211 -3.004963 -3.004994
-2.985847 -2.990693 -3.001114 -3.013428 -2.996379
-3.035901 -2.987488 -2.890988 -2.984959 -2.982143
-2.994715 -2.980262 -2.982375 -2.988452 -2.989544
-2.980462 -2.973586 -2.989984 -3.013337 -2.877155
-3.012183 -3.018793 -3.015489 -2.986539 -2.948911
-2.955076 -2.971559 -2.988322 -2.818093 -3.00392
-3.005461 -2.999866 -3.005344 -2.872497 -2.972391
-2.973975 -3.02009 -2.969504 -2.983409 -2.923636
-2.994931 -2.982715 -2.992934 -2.849378 -3.006447
-2.977749 -3.012619 -2.997548 -3.017745 -2.946527
-3.003756 -2.890684 -2.979734 -2.854327 -2.956624
-2.97897
