-2.884267 -3.016673 -2.894329 -2.878014 -2.914119
-3.041677 -3.031401 -3.070099 -3.001114 -2.827764
-2.942266 -3.177122 -2.949639 -2.876099 -3.215266
-2.919106 -2.868123 -3.097623 -3.267842 -2.930851
-3.001089 -2.924219 -2.97 -2.906035 -2.894674
-3.077103 -2.906396 -2.994693 -3.154059 -2.908279
-3.182467 -2.996574 -3.039555 -2.940476 -2.872748
-2.912159 -2.875499 -3.008847 -2.923867 -2.944369
-2.997626 -2.860265 -3.003293 -2.928006 -3.172383
-2.920611 -2.954797 -3.008919 -2.918569 -2.917573
-2.896528 -2.878563 -2.785526 -2.888183 -3.084704
-2.840938 -3.065405 -2.994465 -2.974868 -2.988812
-2.74418 -2.921174 -3.046953 -2.979596 -2.947078
-3.098898 -3.087808 -2.916027 -3.076882 -3.098631
-3.234004 -2.92238 -2.901252 -3.073628 -2.871933
-2.766226 -3.035961 -2.894744 -3.234535 -3.117161
-2.818098 -2.795825 -2.973884 -2.948926 -2.83002
-2.96963 -2.964537 -2.911768 -3.004802 -2.980675
-2.944401 -3.161447 -2.725939 -2.888831 -2.936415
-2.8849 -2.769369 -3.118296 -2.780092 -2.932065
-3.090111 -2.816686 -2.810077 -3.115532 -3.01865
-3.038169 -2.768969 -2.842376 -3.129939 -2.835008
-3.072634 -3.131596 -2.837764 -2.939961 -3.123406
-2.993792 -2.918737 -2.943825 -2.977033 -2.823487
-3.052738 -3.030952 -3.018151 -3.082517 -3.030542
-2.766203 -2.981471 -2.856589 -2.823326 -2.993156
-2.919016 -2.921602 -2.994189 -3.030826 -3.291214
-3.005446 -2.942838 -3.126043 -2.996012 -2.929903
-3.149556 -2.890525 -3.021456 -3.063829 -2.777419
-2.862436 -2.991933 -2.96259 -2.885314 -3.075715
-2.948324 -2.805494 -2.882743 -2.910509 -3.09845
-2.831193 -3.043691 -2.986846 -2.977544 -2.93296
-2.988834 -2.769738 -2.837428 -3.049742 -2.920495
-2.867769 -3.14282 -3.101616 -2.900756 -2.856594
-3.119048 -2.927596 -2.996332 -3.167193 -2.995992
-2.952692 -2.955772 -3.134904 -2.905111 -3.039771
-3.031612 -3.170189 -2.92333 -3.130641 -2.837291
-2.976029 -2.911907 -3.037818 -2.90851 -3.153925
-2.817721 -2.943335 -3.074418 -2.962252 -3.117326
-2.989026 -3.093347 -3.006852 -3.030135 -2.879883
-2.966477
