-3.010315 -3.022187 -3.048622 -2.989937 -2.689149
-3.02164 -3.004633 -3.057783 -3.065914 -2.990031
-3.038128 -2.990283 -3.021829 -3.013497 -2.962974
-3.043586 -3.007484 -2.987049 -3.06757 -3.018882
-3.00004 -3.015121 -2.994561 -3.056848 -2.995148
-3.010582 -3.008176 -2.865357 -3.031403 -3.049614
-3.009767 -2.994209 -3.015313 -3.035025 -3.030565
-3.042068 -3.026056 -3.030867 -3.034633 -3.005164
-2.987121 -3.065763 -3.049837 -2.856251 -2.958725
-2.782953 -2.949421 -2.894662 -3.019933 -3.001669
-3.011959 -3.027341 -3.004023 -3.013237 -3.001293
-3.025317 -2.984381 -2.989287 -2.981996 -3.047619
-3.005993 -3.047772 -2.804261 -3.010258 -3.019582
-3.014601 -2.893419 -2.865139 -3.003055 -3.015578
-3.00351 -3.069814 -2.067166 -3.021534 -2.975335
-3.017621 -3.06256 -3.040753 -2.850772 -3.019542
-3.019275 -3.023866 -3.008909 -2.855561 -2.982501
-2.89216 -3.050292 -3.049243 -3.045785 -3.00873
-3.008781 -2.889858 -3.020767 -3.057884 -3.001458
-3.010195 -2.995073 -3.011245 -3.002496 -2.980926
-3.025341 -3.01054 -2.041838 -3.010564 -2.991189
-2.990391 -2.994167 -3.100017 -2.09524 -2.987152
-3.056712 -3.035805 -3.03984 -2.985318 -2.997928
-3.013246 -3.030711 -2.926762 -2.983457 -3.007844
-3.050712 -3.026637 -2.974424 -2.027329 -2.91809
-3.001698 -2.99722 -2.977509 -3.039233 -3.011262
-2.810303 -3.011488 -3.019847 -3.039822 -2.986465
-3.053593 -2.972925 -3.058461 -3.03292 -3.067349
-3.013615 -2.982759 -3.018228 -2.027501 -2.891733
-2.026844 -2.990719 -3.007351 -2.999719 -2.979221
-3.057922 -3.045213 -3.023018 -2.88891 -3.03272
-3.016672 -3.011074 -3.001676 -2.885723 -3.005845
-3.04052 -3.052475 -3.049638 -3.022183 -2.940814
-3.064497 -3.031017 -3.042725 -3.007328 -2.98892
-3.048666 -3.048193 -3.004198 -3.026535 -2.904418
-3.035032 -3.000851 -3.027068 -2.999166 -2.916055
-3.00508 -2.998585 -2.994679 -3.025946 -2.889877
-2.992673 -3.046227 -3.005114 -3.027678 -2.963386
-3.023513 -3.022606 -2.11092 -2.92 -3.007871
-3.001223 -2.989837 -3.011654 -2.991406 -3.014786
-2.955554
