-2.97675 -3.026953 -3.023268 -3.01924 -2.997649
-2.989002 -3.037543 -2.981358 -2.998676 -3.05578
-3.015166 -2.972093 -2.991927 -2.991276 -3.009736
-2.975556 -2.995006 -2.991692 -3.004507 -2.997771
-2.968939 -2.98884 -2.93692 -3.005244 -2.953902
-2.966824 -2.985581 -3.016202 -2.973666 -2.999823
-2.986794 -2.99602 -3.003733 -3.004165 -2.990496
-2.984049 -2.993912 -3.021456 -2.943142 -3.018061
-2.868105 -2.994087 -2.994858 -2.954675 -3.014565
-2.971078 -2.983318 -3.059654 -2.84179 -2.947262
-3.032502 -2.980694 -3.054424 -2.87271 -3.022637
-2.990819 -2.991482 -2.863881 -2.961355 -3.005267
-3.009856 -2.976895 -3.001399 -3.007631 -3.054581
-3.001173 -2.989158 -2.875876 -3.001132 -3.026693
-3.010407 -2.974202 -3.006393 -3.006859 -2.976586
-3.014662 -3.002308 -3.008273 -3.001066 -3.000836
-2.957039 -2.988862 -2.918282 -2.850596 -3.000154
-2.945662 -2.878802 -3.010595 -2.987726 -2.981755
-2.839413 -3.023002 -3.003763 -2.964273 -3.017231
-2.979977 -3.015046 -2.964217 -3.019387 -3.01709
-3.022816 -2.999354 -2.985675 -2.988242 -2.93933
-2.97829 -2.962918 -2.985626 -2.992989 -2.983079
-3.009434 -3.006633 -3.00574 -3.004066 -3.000393
-3.010834 -2.964092 -3.015151 -2.988508 -3.009685
-2.940247 -2.976574 -3.004737 -3.006066 -3.035525
-3.021433 -2.970728 -2.986085 -2.995718 -2.95302
-2.98076 -2.867518 -3.009273 -3.005807 -3.047657
-3.007028 -2.872568 -3.003994 -2.975132 -2.988688
-3.013257 -2.909027 -2.946154 -3.032615 -2.974904
-3.018851 -2.988966 -3.001069 -2.991935 -2.984147
-2.977563 -2.963952 -2.931689 -2.991278 -2.870574
-2.982296 -2.968772 -2.975359 -2.980762 -2.964265
-3.018185 -2.98586 -2.972093 -2.951244 -2.984566
-2.965953 -2.997469 -2.999242 -2.967393 -3.004266
-2.917831 -3.024538 -2.919732 -3.033522 -2.998195
-2.997052 -2.996546 -3.016486 -2.985884 -2.985345
-2.981825 -2.984181 -2.985629 -3.030934 -2.989504
-2.844724 -3.008662 -3.009347 -3.012609 -3.000548
-3.023521 -2.988802 -2.926345 -2.956644 -2.965343
-3.010616 -2.97423 -2.977522 -3.018533 -2.970886
-2.891006
