-2.973421 -2.951769 -2.994549 -2.997629 -3.033224
-2.945566 -3.004697 -3.040712 -3.020449 -2.998984
-2.992311 -2.979391 -2.971573 -3.056945 -3.008674
-3.025663 -3.028794 -2.930764 -3.064966 -3.003541
-3.026627 -3.03602 -3.004645 -2.998021 -3.018683
-2.959945 -2.936723 -3.001031 -2.998062 -3.013641
-2.852684 -3.066502 -3.017576 -2.999528 -3.019683
-2.995212 -2.94735 -2.994908 -2.987307 -3.058162
-3.032184 -3.025816 -2.999489 -2.876759 -2.983069
-3.029588 -2.992049 -2.98995 -3.037029 -2.830331
-2.956202 -2.967223 -2.978189 -2.960186 -3.013135
-3.033525 -3.009032 -3.023476 -3.026845 -2.980771
-3.019485 -2.892215 -3.036945 -2.885958 -3.050201
-3.01347 -2.975798 -2.952026 -3.051551 -2.877284
-2.983644 -2.9255 -3.082379 -3.009435 -2.99121
-3.015495 -3.022607 -2.894553 -2.91148 -3.020351
-2.997926 -3.028377 -3.03376 -3.021986 -3.048892
-2.991233 -3.047663 -2.987324 -3.013709 -2.958767
-2.999955 -3.00768 -2.987307 -3.033519 -3.024237
-3.011189 -2.989352 -2.96809 -3.003786 -2.989646
-2.999184 -3.046883 -2.978979 -3.003314 -2.950533
-2.986316 -3.018643 -3.07632 -2.910409 -2.983954
-2.968279 -3.002771 -2.878706 -2.976745 -2.99488
-3.038325 -3.009531 -2.941233 -2.972848 -3.015476
-3.041047 -3.038053 -3.028259 -3.086896 -2.983287
-2.9844 -3.016867 -2.98893 -2.973034 -3.020304
-3.009701 -3.019327 -2.997957 -3.033764 -2.991924
-2.989126 -2.952548 -3.008384 -3.062392 -2.986127
-2.827888 -2.987992 -3.040842 -3.067231 -2.861741
-3.021911 -2.956634 -2.985897 -3.025107 -3.004307
-2.985062 -2.961576 -3.02726 -3.01492 -2.919641
-3.053977 -3.05271 -3.007073 -2.977197 -2.987162
-3.027758 -3.026439 -3.038955 -3.023649 -2.89912
-3.007819 -2.978427 -2.851078 -3.051201 -2.931857
-3.010955 -3.054965 -3.002598 -3.000115 -2.90762
-2.997394 -2.988161 -2.932557 -2.966117 -2.96144
-3.012701 -3.005738 -2.991249 -2.992942 -2.986737
-2.954353 -3.00532 -3.087825 -2.87479 -3.0204
-2.992657 -3.054963 -3.011172 -2.939561 -3.05003
-2.979544 -2.878241 -2.978629 -3.006882 -3.050042
-3.03066
