-2.925345 -2.868014 -3.003805 -2.940768 -2.840667
-2.907245 -2.898621 -2.953798 -2.93446 -2.816711
-2.905551 -2.861345 -2.977574 -2.989114 -2.954986
-2.903346 -2.929885 -2.989605 -2.927511 -2.908181
-2.990553 -2.942667 -2.814085 -2.832912 -2.958923
-2.967583 -3.010997 -2.959137 -2.817943 -2.940005
-2.850506 -2.905599 -2.947128 -3.008887 -2.958451
-2.907502 -2.94064 -2.956774 -2.937338 -2.937564
-2.993011 -3.02103 -2.95799 -2.881755 -2.79706
-2.978544 -2.8671 -2.867021 -2.932873 -2.934256
-2.905953 -2.968977 -2.95856 -2.856647 -2.938595
-2.925434 -2.958497 -2.900401 -2.968708 -2.928657
-2.980608 -2.917881 -2.964245 -2.898345 -2.930576
-2.874455 -2.879691 -2.914013 -2.936214 -2.958213
-2.952289 -2.952301 -2.914344 -2.966954 -2.952131
-2.906058 -2.968833 -2.942853 -2.949155 -2.985147
-2.948375 -2.80798 -2.937127 -3.001466 -2.99272
-2.909017 -2.90414 -2.934087 -2.947595 -2.961333
-2.908126 -2.935277 -2.874874 -2.901466 -2.898273
-2.95711 -2.910957 -2.952273 -2.962013 -2.932784
-2.950829 -2.802409 -2.886397 -2.91807 -2.986514
-3.009971 -2.928529 -2.775876 -2.954025 -3.009795
-2.877228 -2.928302 -2.922838 -2.93626 -2.918193
-2.964668 -2.93978 -2.900094 -2.966125 -2.95908
-2.918726 -2.999474 -2.997579 -2.910096 -2.964835
-2.938642 -2.908912 -2.965154 -2.946798 -2.908041
-2.867352 -2.782605 -2.954926 -2.907344 -2.938319
-2.946354 -2.964102 -2.947444 -2.921065 -2.922557
-2.879751 -2.020055 -2.892563 -2.948889 -2.942915
-2.788773 -2.935057 -2.926042 -2.942661 -2.898208
-2.975129 -2.982458 -2.922829 -2.951706 -2.973092
-2.950168 -2.960541 -2.900149 -2.95153 -2.922538
-2.96095 -2.977931 -3.001147 -2.854091 -2.932429
-2.978458 -2.944849 -2.931565 -2.955002 -2.932928
-2.915128 -2.907782 -2.963271 -2.909424 -2.951291
-2.905303 -2.978681 -2.916725 -2.935208 -2.989268
-2.983821 -2.962353 -3.015167 -2.846727 -2.964567
-2.929344 -2.98406 -2.946718 -2.891608 -2.975821
-2.93322 -2.911815 -2.989252 -2.926302 -2.999104
-2.933595 -2.935739 -2.964258 -2.990949 -2.938924
-2.953059
