-2.943212 -2.97111 -2.926908 -2.810273 -2.80594
-2.953027 -2.990177 -2.793873 -2.907674 -2.854429
-2.955235 -2.896143 -2.922102 -2.933126 -2.921631
-1.9258 -2.963806 -2.796378 -2.922387 -2.933369
-2.954458 -2.900315 -2.987829 -2.920527 -2.958357
-2.874019 -2.95277 -2.743268 -2.826955 -2.974227
-3.005528 -2.771808 -2.922319 -2.698029 -2.880608
-2.909627 -2.838771 -2.873406 -2.944366 -2.983279
-2.949366 -2.911926 -2.920659 -2.937813 -2.893339
-2.828451 -2.932581 -2.942418 -2.945742 -2.960809
-2.729439 -2.909465 -2.939086 -2.951224 -2.957087
-2.993532 -2.946426 -2.755662 -2.992888 -2.948192
-2.933396 -2.958609 -2.959211 -2.922165 -2.936307
-2.89671 -2.910123 -2.898957 -2.937071 -2.820529
-2.921882 -2.917956 -2.917308 -2.82886 -2.902426
-2.964818 -2.956506 -2.950868 -2.873341 -2.931647
-2.980151 -2.999068 -2.9853 -2.909662 -2.899257
-2.953151 -2.985655 -2.932167 -2.910643 -2.99699
-2.951413 -2.953502 -2.907882 -2.928172 -2.95559
-2.957826 -2.835561 -2.831382 -2.848084 -2.947715
-2.872839 -2.963789 -2.935633 -2.815337 -2.995493
-2.9242 -2.779468 -2.959607 -2.945729 -2.855226
-2.921186 -2.96587 -2.804206 -2.822776 -2.768362
-2.947595 -2.845006 -2.92663 -2.836843 -2.933628
-2.953942 -2.778335 -2.83013 -2.832572 -2.911794
-2.973059 -2.970735 -2.810823 -2.894297 -2.876523
-3.001082 -2.952697 -2.964826 -2.838881 -2.803913
-2.968921 -2.972845 -2.916289 -2.943966 -2.947021
-2.80753 -2.891474 -2.924827 -3.013643 -2.837585
-2.854906 -2.92572 -2.836956 -2.929274 -2.821829
-2.920609 -2.942257 -2.865259 -2.938393 -2.954868
-2.908446 -2.956248 -2.882238 -2.91878 -2.943655
-2.949219 -2.717343 -2.934669 -2.964976 -2.936436
-2.804025 -2.848954 -2.944252 -2.950631 -2.765342
-2.890436 -2.957607 -2.984328 -2.921892 -2.905271
-2.968736 -2.97462 -2.920732 -2.992603 -2.920907
-2.91853 -2.980856 -2.948609 -2.986211 -3.005694
-2.927926 -2.93303 -2.922883 -2.813233 -2.889975
-2.926405 -2.8038 -2.952805 -2.925179 -2.871759
-2.959783 -2.956302 -2.920929 -2.883413 -2.937628
-2.972604
