-2.960775 -2.983858 -2.976385 -2.963352 -2.987981
-2.986814 -2.981868 -2.895708 -2.99549 -3.018601
-3.006015 -2.949995 -2.988555 -2.998241 -2.943891
-2.975748 -3.018123 -2.985236 -2.999776 -2.979014
-2.970175 -2.951159 -3.00082 -2.935095 -2.910219
-2.97396 -2.982365 -2.981827 -2.954418 -2.946531
-2.985308 -2.955255 -2.983596 -2.97933 -2.970414
-2.974182 -2.970318 -2.98925 -2.983081 -2.971609
-3.022695 -2.963862 -2.952999 -2.99774 -2.968896
-2.996208 -2.984224 -2.981187 -2.971569 -3.008154
-3.018009 -3.023739 -2.981098 -2.919486 -2.983229
-3.008652 -2.998147 -2.962347 -3.003509 -2.934442
-2.850513 -2.956068 -2.974419 -2.958147 -2.981637
-2.994083 -2.977407 -2.969369 -2.978392 -2.862314
-2.973422 -2.935571 -2.847313 -2.951326 -2.936171
-2.991637 -2.971742 -3.002479 -2.976801 -2.964264
-2.960038 -2.94048 -3.005512 -2.992911 -2.941299
-3.011785 -3.005438 -2.877752 -2.954537 -2.957062
-2.97817 -2.976963 -2.986664 -2.959319 -2.876037
-2.970221 -2.989864 -2.97266 -2.984341 -2.998483
-2.954142 -2.997365 -2.963071 -2.996932 -3.009046
-2.978484 -2.920053 -2.978394 -3.010722 -2.86509
-2.967356 -2.962192 -2.976763 -3.007072 -2.970167
-2.965527 -2.98288 -2.936306 -2.986368 -2.974607
-2.993424 -3.002572 -2.986928 -2.949189 -3.009346
-2.986884 -2.98337 -2.838931 -2.945993 -2.986091
-2.953492 -2.948448 -2.969153 -2.990561 -2.985451
-2.962853 -2.941159 -2.999832 -2.9911 -2.966014
-2.949469 -2.949352 -3.003085 -2.944762 -2.98464
-2.955922 -2.998183 -2.980365 -2.977204 -3.024471
-3.003107 -2.94826 -2.864562 -2.973966 -2.894962
-2.947756 -2.977993 -2.951028 -2.970479 -2.996627
-3.01196 -2.962007 -2.969759 -3.030842 -2.944927
-3.004016 -3.000863 -2.976469 -2.989533 -3.00008
-2.955668 -2.867106 -2.945242 -2.826943 -2.96068
-2.985809 -2.973288 -2.950789 -2.969571 -2.974844
-2.980234 -2.979414 -2.9944 -2.95948 -2.955631
-2.938819 -2.963738 -2.995923 -2.959792 -2.947195
-2.829224 -2.963495 -2.982992 -2.941311 -2.98345
-2.967508 -2.949938 -2.891666 -2.879849 -2.985744
-2.989306
