-2.977763 -3.029146 -2.968461 -2.946648 -3.035661
-2.996718 -1.988659 -2.931787 -3.004156 -2.99254
-3.005108 -3.036123 -3.010896 -3.006518 -3.02217
-3.023262 -2.898505 -2.974213 -2.993001 -2.949215
-2.94278 -2.964501 -2.950104 -2.993005 -2.977756
-2.998797 -3.029051 -3.022632 -2.989562 -2.995507
-2.971559 -2.998521 -2.989691 -3.005296 -2.999882
-1.99854 -2.969007 -2.984275 -3.033263 -2.959195
-2.976601 -2.977165 -3.013365 -3.00124 -2.973871
-2.851453 -2.856694 -2.994618 -2.956336 -3.015053
-3.011406 -3.029507 -2.97884 -2.935657 -2.981513
-3.00742 -3.024925 -2.999542 -2.845172 -3.010552
-3.034101 -2.975833 -2.960193 -2.853065 -2.983568
-2.981267 -3.018324 -2.909258 -2.883733 -2.873658
-3.005963 -3.009869 -2.986135 -2.867449 -2.978721
-2.962981 -3.011335 -2.992216 -3.019444 -3.040381
-3.018932 -3.007505 -2.909804 -2.995451 -2.978259
-3.024928 -2.976945 -3.010913 -2.996865 -3.018596
-2.986701 -3.009807 -2.988253 -2.955029 -2.999983
-2.976952 -3.002251 -3.046728 -2.992019 -3.031679
-3.028731 -2.997651 -2.865034 -2.985378 -3.009173
-3.007783 -3.01577 -2.97329 -2.879321 -2.925805
-2.982354 -2.964479 -3.030037 -2.906986 -3.000298
-2.984836 -3.042141 -3.001528 -2.978871 -2.964619
-2.979977 -3.024442 -2.944461 -2.993337 -3.028413
-3.009802 -3.012789 -2.914183 -3.002704 -2.837323
-3.000244 -2.893658 -2.994004 -3.028715 -2.946969
-2.989834 -3.002992 -2.983725 -2.94969 -2.99366
-3.001199 -3.006048 -3.026367 -3.036332 -3.013143
-2.994419 -3.032997 -2.946374 -2.979587 -3.030814
-3.018121 -3.0682 -3.020847 -2.979691 -2.977441
-2.980167 -2.956668 -2.957656 -3.0579 -3.009488
-2.836651 -3.008021 -3.008716 -2.995611 -2.970375
-2.959198 -3.003935 -2.992601 -2.9739 -3.014927
-2.996557 -2.887024 -2.964438 -2.974775 -3.025991
-3.008552 -2.966491 -2.969865 -2.986305 -2.999029
-3.048423 -3.0172 -2.961759 -2.935926 -2.861934
-2.989879 -2.97866 -2.90122 -2.992013 -3.023884
-2.988546 -2.961063 -2.996375 -2.956685 -2.890655
-2.994902 -3.04303 -1.876231 -3.000373 -3.066757
-2.990407
