-2.989088 -3.003519 -3.054599 -3.042855 -3.030831
-3.027268 -2.979954 -3.048595 -3.042449 -3.019391
-3.053563 -2.98412 -3.02157 -2.996562 -2.990094
-3.0624 -2.997114 -2.993055 -3.025855 -2.871099
-3.085755 -3.047236 -3.014561 -3.024683 -3.000018
-2.954712 -3.03433 -3.001131 -3.034425 -2.996178
-3.040182 -2.969568 -2.995764 -2.987404 -3.028391
-3.020188 -3.027951 -2.974243 -3.025124 -3.067941
-2.99212 -2.958603 -2.998159 -2.987894 -2.921088
-2.945896 -3.008221 -3.01374 -3.016388 -2.969949
-2.895689 -3.030018 -2.936874 -3.060812 -3.048793
-3.018519 -3.021294 -3.031693 -2.953909 -3.049397
-2.986719 -2.991683 -3.044488 -3.016527 -3.049564
-3.088838 -2.99689 -3.013322 -3.048641 -2.986892
-3.02105 -3.031384 -2.994771 -2.990184 -2.983067
-2.97853 -2.969136 -2.996895 -2.981629 -3.044038
-2.998797 -3.040479 -3.006519 -3.011744 -3.029925
-3.073638 -3.018814 -2.998055 -3.045438 -2.997018
-2.973996 -2.988702 -3.032535 -3.022089 -3.004229
-3.016641 -3.007318 -2.919185 -3.009265 -3.020184
-3.01331 -3.038217 -2.987982 -3.017808 -3.030196
-3.015272 -3.066192 -3.056239 -2.995982 -2.976491
-3.004768 -3.080086 -3.029049 -3.002146 -2.995112
-2.981951 -3.057406 -3.00019 -2.959341 -3.032411
-3.029883 -3.060482 -2.977416 -3.009978 -3.045532
-2.056015 -3.066809 -3.024052 -2.890463 -3.024181
-3.052539 -2.947764 -3.001362 -3.013971 -2.996366
-3.029064 -3.041571 -3.000986 -3.046371 -3.058179
-3.014351 -3.000385 -3.033809 -3.006318 -2.990183
-3.095472 -2.984363 -2.987961 -3.062126 -2.969466
-3.063009 -3.049002 -3.085271 -2.997916 -2.985195
-3.027571 -3.04468 -3.004019 -2.977495 -2.965666
-3.012001 -3.022085 -3.044805 -3.039073 -3.006545
-3.015596 -3.059425 -2.969682 -3.029842 -3.065742
-3.006823 -3.041985 -3.045278 -3.02086 -3.024858
-3.041687 -3.035994 -3.024505 -2.969418 -2.917464
-2.982786 -2.995222 -2.964671 -2.99751 -2.998231
-3.012254 -3.017904 -2.989672 -2.979086 -3.032879
-2.999903 -2.898845 -3.027483 -3.025362 -3.007312
-2.992601 -2.992189 -3.062768 -2.956971 -3.011786
-3.031444
