-2.95374 -3.017755 -2.931756 -2.953373 -2.987823
-2.979356 -2.945159 -2.989754 -2.970728 -2.81435
-2.977132 -2.890373 -2.730346 -2.952288 -2.875573
-2.968267 -2.838283 -2.950503 -2.866469 -2.981628
-2.955053 -2.851788 -2.804423 -2.94358 -2.9498
-2.97512 -2.97212 -2.967428 -2.997572 -2.984247
-2.965359 -2.78139 -2.885459 -2.952596 -2.985637
-2.96698 -2.992502 -2.970668 -2.923689 -3.008425
-2.963572 -2.933262 -2.979552 -2.965406 -2.954274
-2.93285 -2.939026 -2.931322 -2.945501 -2.923045
-3.035756 -2.989752 -3.010746 -2.972479 -2.963087
-2.864025 -2.969249 -2.954986 -3.030933 -2.954565
-2.981417 -2.946657 -2.982003 -2.960322 -2.93913
-2.973915 -2.919518 -2.845671 -2.999051 -2.964625
-2.98401 -2.96433 -2.938662 -2.954006 -2.955223
-2.955535 -2.935983 -2.928889 -3.001557 -2.928769
-2.95024 -2.972223 -2.994646 -2.911771 -2.930296
-2.95604 -2.96234 -3.041144 -2.957564 -2.950182
-2.948404 -2.950686 -2.992029 -2.87165 -2.987396
-2.834614 -2.992093 -2.960694 -2.936974 -2.938345
-2.989698 -2.99679 -2.977659 -2.992111 -2.982178
-2.981132 -2.959567 -2.951158 -2.979027 -2.983688
-2.985809 -2.965977 -3.001426 -2.823 -2.995091
-2.965889 -3.000176 -2.964735 -2.94309 -2.986857
-2.932605 -2.964451 -2.961327 -2.945876 -2.93028
-2.989498 -2.943834 -2.964071 -3.004073 -3.006583
-2.964269 -2.954398 -2.990897 -2.911457 -2.966631
-2.873965 -2.940604 -2.919536 -2.980926 -2.957142
-2.945026 -2.954265 -3.010656 -2.959042 -2.960534
-2.955313 -2.930351 -2.934884 -2.932451 -2.949011
-2.964997 -2.935984 -2.948031 -3.014398 -2.985435
-2.999915 -2.969552 -2.981435 -3.020565 -2.964275
-2.973093 -2.983489 -2.965218 -2.951404 -2.972835
-2.964686 -2.977741 -2.99911 -2.907994 -2.872242
-2.94697 -2.960412 -2.963202 -2.993739 -3.010535
-2.953675 -2.952662 -2.95454 -2.988416 -2.969402
-2.934083 -2.967222 -2.949347 -2.904417 -2.964963
-2.929438 -2.953761 -2.942624 -2.970755 -2.977764
-2.956809 -2.972256 -2.979878 -2.933706 -2.981711
-2.951999 -2.889147 -2.884566 -2.981713 -2.9769
-2.972579
