-2.950334 -3.058368 -2.956708 -3.022209 -2.996619
-2.960849 -2.903417 -2.98416 -2.972714 -2.980633
-3.067815 -2.901635 -2.973123 -2.926213 -3.025952
-3.008695 -2.951764 -3.003135 -2.936112 -3.021
-3.005738 -2.996863 -2.999363 -2.950782 -2.884891
-2.954666 -3.013153 -2.958764 -2.907883 -2.956285
-2.948541 -2.972378 -2.975345 -2.977615 -3.074471
-2.957424 -2.954461 -2.959364 -2.932924 -2.923988
-2.991614 -3.029826 -3.051205 -2.997608 -2.991667
-2.941858 -2.974859 -2.92194 -2.84842 -2.977951
-2.941297 -3.031946 -2.969083 -2.928321 -2.975662
-3.024426 -2.913813 -2.981107 -3.002985 -2.966289
-2.992464 -2.995307 -2.895617 -2.973397 -3.044115
-2.980334 -2.835451 -2.96963 -2.991983 -2.944347
-3.017353 -3.012198 -2.981148 -2.942971 -2.951179
-2.931119 -2.947132 -2.966069 -2.945757 -2.937922
-2.998767 -2.953093 -2.839388 -3.020919 -2.938474
-2.936486 -3.001217 -2.997354 -2.989686 -2.939651
-2.895137 -2.968886 -3.012854 -2.990343 -2.978665
-2.948707 -2.979031 -2.995853 -2.887156 -3.033867
-3.023431 -2.973938 -3.035901 -2.906102 -3.000317
-2.972233 -2.998978 -2.987509 -2.966442 -2.957318
-2.960069 -2.935386 -2.95283 -2.987227 -2.894777
-2.922935 -2.898638 -2.95393 -2.967405 -3.026206
-3.003756 -2.961455 -2.979537 -3.001942 -3.026196
-2.957929 -3.035147 -2.977795 -2.984201 -2.965284
-3.020834 -2.956463 -3.004878 -2.926843 -2.889367
-2.987256 -2.898443 -2.951844 -2.990713 -2.954939
-3.058588 -2.883654 -2.987039 -3.054696 -2.940768
-2.924172 -2.908833 -3.005862 -2.970708 -3.00179
-2.953789 -3.023276 -2.996357 -2.97909 -2.934831
-3.017942 -2.993622 -2.971758 -2.994033 -2.894726
-2.901798 -2.920216 -3.00197 -2.956262 -3.024046
-3.025158 -3.030859 -2.928999 -3.028379 -3.008871
-3.021774 -2.963185 -2.933387 -2.963431 -3.003021
-2.980677 -2.989556 -2.889914 -2.973316 -2.963251
-3.030023 -3.065326 -2.992953 -2.981015 -3.045023
-3.014736 -2.958299 -2.901864 -2.912705 -2.904742
-2.862893 -2.883397 -2.94119 -2.973151 -2.956643
-1.945597 -2.987562 -3.02976 -3.005997 -2.983511
-2.977661
