-2.838605 -2.919194 -2.857063 -2.97851 -2.894293
-2.937236 -3.002922 -2.960741 -3.023239 -3.021983
-2.845634 -2.919451 -3.019251 -2.948415 -2.990802
-2.879493 -2.958109 -2.989222 -2.893245 -3.053528
-2.958072 -2.877091 -3.065058 -2.874796 -3.080891
-2.938212 -2.976581 -2.975784 -2.96659 -2.985977
-2.949376 -2.995254 -3.039038 -2.989759 -3.076825
-3.012397 -3.049902 -3.084142 -2.887136 -2.923031
-3.006448 -3.022118 -3.034295 -2.801319 -2.835735
-2.959662 -2.829602 -2.835789 -3.003855 -2.975086
-2.817947 -2.95491 -2.939144 -2.794411 -2.953424
-2.977654 -3.007203 -2.960562 -2.958375 -3.037649
-3.066277 -2.934768 -3.068566 -2.979775 -2.935675
-3.050321 -2.998315 -3.00222 -3.109945 -2.999569
-2.822459 -3.0041 -2.965086 -2.995452 -2.862888
-2.908237 -3.041914 -2.995723 -2.913743 -2.899387
-3.005417 -2.932926 -3.033809 -3.064471 -2.984548
-2.980028 -2.950868 -2.956118 -2.894353 -2.997233
-2.941784 -2.822089 -2.889424 -3.172357 -2.903178
-2.770555 -2.855901 -3.071079 -3.028162 -2.862511
-3.107917 -2.969282 -2.954276 -2.896481 -2.828738
-2.96098 -2.885959 -3.000326 -3.082434 -2.831974
-2.922768 -3.003867 -2.949466 -3.04809 -3.130452
-2.753845 -2.899422 -3.044434 -3.067598 -2.905872
-3.074655 -2.901442 -3.063019 -2.934528 -3.055677
-2.935969 -3.017512 -2.929515 -2.973273 -3.006218
-2.843201 -2.961708 -2.899997 -2.954475 -2.890938
-2.817825 -2.902074 -3.001452 -2.842747 -2.905571
-2.921032 -2.895721 -2.994257 -2.949395 -3.065238
-2.903675 -2.948741 -2.984585 -2.935803 -3.010471
-2.963832 -2.867772 -3.049659 -2.960032 -2.843818
-2.914573 -2.866364 -2.889103 -2.826117 -2.926877
-2.926979 -2.923659 -2.841706 -3.038862 -3.123481
-2.956569 -2.938461 -2.977695 -2.885806 -2.884655
-3.033106 -2.927956 -3.099736 -2.928559 -3.004887
-2.883229 -2.978845 -2.84591 -2.93868 -2.953983
-3.045565 -2.912715 -2.787604 -2.90623 -3.17615
-2.995122 -2.866053 -3.04016 -3.037833 -2.965857
-2.823489 -3.166988 -3.084195 -2.94944 -3.009361
-2.93248 -2.947246 -3.060337 -2.884222 -2.965676
-2.961811
