-2.981342 -2.978254 -2.998381 -2.98555 -2.978259
-3.007965 -2.991834 -2.837569 -2.827175 -3.000791
-2.801401 -2.982566 -2.883608 -3.008152 -2.732724
-2.952425 -2.665097 -2.965566 -2.784024 -2.879335
-2.906288 -2.995807 -2.952623 -2.911758 -3.012354
-2.800008 -2.872136 -3.013817 -2.981795 -3.020458
-2.980882 -2.972934 -2.506939 -2.775634 -2.834931
-2.977975 -2.99716 -2.90206 -2.811266 -2.04991
-3.007778 -2.71969 -2.585834 -2.981556 -2.941026
-2.965483 -2.878688 -3.001124 -2.9828 -2.988698
-2.837582 -3.009677 -2.959005 -2.819984 -2.787908
-2.934905 -2.857766 -2.998325 -2.976296 -3.009422
-3.008182 -2.997189 -2.938622 -2.891806 -2.977403
-2.992296 -2.498619 -3.005011 -2.465229 -2.664149
-2.827594 -2.877158 -2.702189 -2.979095 -2.063042
-2.971341 -2.999145 -3.004685 -2.942905 -2.974755
-2.827923 -2.737815 -2.804171 -2.971182 -2.977886
-2.982166 -2.498918 -2.802057 -3.010016 -3.022667
-2.953622 -2.877681 -2.917767 -2.97465 -3.007092
-2.877268 -2.990242 -2.951961 -2.981672 -3.020494
-2.96567 -2.965484 -2.980252 -2.854996 -2.919616
-2.957067 -2.685401 -2.983243 -2.859369 -2.736537
-2.980261 -2.790631 -2.096459 -2.843472 -2.728264
-2.96932 -3.002047 -2.966742 -2.792953 -2.967233
-2.663558 -3.01785 -2.964722 -2.874457 -2.756488
-2.849751 -2.73485 -3.0248 -2.95598 -2.993527
-2.845022 -2.754079 -2.976235 -2.955232 -2.522076
-2.695468 -2.708128 -2.623686 -2.911652 -2.784597
-2.956351 -2.865282 -2.997333 -2.565585 -2.793885
-2.950638 -2.847206 -2.983856 -2.746382 -2.97976
-2.898018 -2.931466 -2.893554 -2.849054 -2.587364
-2.905405 -2.989559 -3.015227 -2.988072 -2.683543
-3.001149 -3.014807 -2.957444 -2.556411 -2.864937
-2.87563 -2.684731 -2.75382 -3.017434 -2.836165
-2.861921 -2.99417 -2.701512 -2.674661 -2.752474
-2.996063 -2.920584 -2.965579 -2.988773 -2.992416
-3.00773 -2.711444 -3.002992 -2.974455 -3.002125
-2.848113 -2.886529 -2.938396 -2.592428 -2.852894
-2.702507 -2.983726 -2.941956 -2.976112 -3.029613
-2.86945 -2.7957 -3.010315 -2.865115 -2.860713
-2.948744
