-3.002778 -3.043008 -3.03978 -3.124001 -2.101066
-2.880481 -3.038646 -3.069763 -3.036595 -2.756186
-2.913021 -3.059011 -3.011509 -3.037197 -2.964673
-3.07013 -3.048223 -3.020901 -3.067895 -3.01356
-3.021507 -3.024276 -3.00624 -3.017176 -3.104452
-3.021323 -3.014617 -3.058392 -2.99674 -3.00395
-3.054317 -3.021019 -3.049805 -2.951007 -3.00917
-3.025642 -2.944563 -3.045793 -3.066851 -3.046506
-3.053314 -2.917563 -3.034345 -3.004084 -3.023895
-2.994621 -3.028974 -3.050489 -2.882238 -3.02052
-3.035068 -3.068055 -3.054661 -3.046227 -3.039378
-2.87986 -3.044972 -2.872234 -3.020802 -3.006606
-3.016841 -3.119857 -3.013604 -3.01649 -2.899061
-3.03165 -3.019758 -3.005999 -3.024437 -3.007464
-2.980877 -3.063331 -3.079688 -3.03175 -3.049831
-3.034135 -2.956675 -3.039701 -3.026865 -3.010917
-2.86479 -3.028147 -2.976249 -3.024687 -2.973535
-2.909881 -2.837354 -2.941859 -3.008731 -3.103905
-3.028558 -3.010873 -3.072254 -2.974836 -3.053569
-3.027277 -3.019842 -3.029513 -3.008102 -3.030856
-3.028247 -3.018492 -3.03065 -2.812277 -3.05529
-3.01008 -3.057717 -3.077179 -3.021005 -3.060444
-3.030731 -3.020748 -3.070977 -3.072714 -3.058201
-3.101958 -2.886282 -3.030912 -3.005317 -3.031191
-2.998632 -3.015871 -3.020874 -3.027907 -3.035447
-3.088804 -3.003738 -3.064549 -3.054974 -3.017249
-2.928815 -3.042082 -2.99027 -3.013737 -3.032046
-2.973336 -2.922378 -3.024618 -3.014826 -2.977706
-3.084781 -3.003757 -3.034732 -3.049395 -3.023875
-3.108437 -3.062995 -3.01617 -3.05155 -3.054881
-2.969933 -3.008363 -3.023958 -3.01427 -3.019431
-3.034984 -3.038979 -3.080008 -3.066372 -2.86465
-3.005836 -3.020017 -3.070173 -3.046857 -3.115393
-3.011303 -2.842252 -3.041806 -3.017325 -3.052549
-2.677971 -3.043739 -3.009315 -3.064791 -3.028845
-3.01436 -2.994083 -3.000553 -2.935343 -3.044493
-3.02073 -2.966169 -3.083351 -3.052337 -3.065684
-3.046048 -3.009048 -3.041199 -2.999902 -3.060199
-3.014319 -3.101868 -3.033181 -3.019063 -2.936762
-2.956756 -2.947581 -3.020809 -3.031438 -2.914572
-3.053181
