-2.959335 -2.859887 -2.991978 -3.012035 -2.922347
-2.980884 -2.979578 -2.985754 -3.01863 -2.985827
-2.973499 -3.003967 -2.935988 -2.993308 -2.96937
-2.969924 -2.952277 -2.969207 -2.988528 -2.974845
-2.931451 -2.969401 -2.996999 -2.985062 -2.948631
-2.969366 -2.941069 -3.057026 -2.932131 -2.981261
-2.928156 -2.999895 -2.950177 -2.992337 -2.93867
-2.992525 -2.997287 -2.958707 -2.919761 -2.963355
-3.059056 -3.002501 -2.988998 -2.955673 -2.948911
-3.018566 -2.985466 -2.98219 -3.014253 -2.95546
-2.849926 -2.989306 -2.937166 -3.016315 -3.067126
-3.001144 -3.03062 -2.95344 -2.858084 -2.930055
-2.961999 -2.984038 -2.987175 -2.988949 -2.933704
-2.96468 -2.983585 -2.973311 -2.947712 -3.039421
-2.99236 -2.931693 -2.955339 -2.983146 -2.968688
-2.97356 -2.954808 -2.982897 -2.966819 -2.968777
-2.958203 -2.965866 -3.044014 -2.94362 -2.963243
-2.033207 -2.970642 -2.981295 -2.99542 -3.036253
-2.967677 -2.991142 -2.947111 -2.853596 -2.933116
-2.977405 -3.014441 -2.933427 -2.967653 -2.973326
-2.940593 -3.008677 -2.993406 -2.968343 -2.9515
-2.931209 -3.000571 -3.038603 -2.98858 -2.951228
-3.014271 -2.996994 -3.023519 -2.963894 -2.975501
-3.020178 -2.98628 -2.944261 -2.99669 -2.96062
-2.988828 -2.983565 -2.991551 -2.968914 -2.959691
-2.96505 -2.980423 -2.987807 -2.991889 -2.963787
-1.958975 -2.746193 -2.939994 -2.925986 -2.965905
-2.932526 -2.986585 -2.964783 -2.859746 -2.950575
-2.988485 -2.997479 -2.864364 -2.941534 -2.956976
-3.012209 -2.929611 -3.011883 -2.956809 -2.955533
-2.980454 -2.972902 -2.973279 -2.968759 -2.896536
-2.962616 -2.988393 -3.006987 -2.934146 -2.946863
-2.903432 -3.033989 -2.897635 -2.982582 -2.97089
-3.008329 -3.007766 -2.979149 -2.98967 -2.996635
-3.03234 -2.982331 -3.005265 -3.022132 -2.952326
-2.959419 -2.956491 -3.034232 -2.936242 -2.974537
-2.984155 -2.918365 -3.031623 -2.908973 -2.966053
-2.962178 -2.981063 -2.994466 -2.937647 -2.857848
-2.982505 -2.968803 -2.986411 -2.964166 -3.023317
-3.043371 -3.061045 -2.960131 -2.940401 -3.043437
-2.989886
