-2.994206 -3.013771 -2.970055 -2.990687 -2.919248
-2.956432 -2.94378 -2.967506 -2.917164 -2.989449
-2.980155 -2.996284 -3.035785 -3.012933 -2.061258
-3.014402 -2.904993 -2.993732 -3.040585 -2.894167
-1.998645 -3.010935 -3.005728 -3.002546 -3.002229
-2.907328 -3.00211 -2.968356 -2.971676 -2.964854
-2.972167 -2.99372 -3.007241 -3.034592 -3.007321
-3.011535 -3.046549 -3.010257 -3.070626 -2.879229
-3.001811 -3.004641 -3.018391 -2.990398 -3.024003
-3.002793 -3.004398 -3.026662 -2.994521 -1.959288
-2.991132 -3.032972 -3.013924 -2.984594 -2.857772
-2.776563 -2.890841 -3.00815 -3.005129 -3.008241
-2.993151 -3.024612 -3.003434 -3.010063 -2.902387
-3.041048 -3.012961 -3.025112 -2.990232 -3.013297
-2.977387 -3.005938 -3.007581 -2.992103 -3.029495
-2.995057 -2.980463 -2.991961 -3.02524 -2.974836
-2.997787 -3.036018 -3.015663 -3.032573 -2.877073
-3.032874 -2.979625 -3.015711 -3.031479 -3.040659
-3.009296 -2.993329 -3.010717 -2.999528 -3.062985
-3.016953 -2.976018 -3.007549 -3.033386 -3.040245
-2.982022 -3.007491 -3.015075 -3.010726 -2.995197
-3.006437 -3.014951 -3.033529 -3.033843 -3.005751
-2.880075 -3.049737 -3.058228 -2.945519 -3.019038
-3.007951 -3.043283 -3.010015 -3.070027 -3.000613
-3.004293 -3.019372 -3.023923 -3.052122 -3.057376
-3.021133 -2.983742 -3.000391 -3.010701 -3.024288
-3.002977 -3.006512 -3.001145 -2.989391 -2.997627
-2.992983 -2.999566 -3.024899 -2.987824 -2.997648
-2.985592 -3.013477 -3.00105 -2.998016 -3.028563
-3.000399 -3.018326 -2.977551 -2.99918 -3.018703
-3.018236 -2.046481 -2.981522 -3.018978 -2.996367
-2.999535 -3.018937 -3.047507 -3.033412 -3.009664
-3.018975 -2.867916 -2.998881 -3.007673 -2.994557
-1.9798 -3.061539 -2.971834 -2.98611 -2.021925
-2.989035 -3.012317 -3.014113 -3.048728 -3.03239
-2.984358 -3.005109 -3.020529 -3.005066 -2.993092
-3.011671 -2.884957 -1.994481 -2.984702 -2.978804
-3.026838 -2.873916 -3.006583 -3.039347 -2.942574
-2.858527 -3.027651 -3.004632 -3.068018 -3.073707
-3.031355 -3.009028 -3.010947 -1.963752 -3.016596
-3.027004
