-2.999839 -2.922683 -3.016963 -3.028717 -3.006488
-2.961736 -2.992861 -3.032221 -2.991661 -3.00763
-3.012886 -2.880918 -3.026908 -3.00006 -2.98619
-2.993916 -2.977681 -2.995516 -2.98297 -3.008266
-3.010801 -2.999612 -2.958779 -2.870718 -2.993973
-3.005752 -3.015321 -2.997223 -2.980639 -2.965431
-2.785645 -2.869168 -3.001022 -3.009852 -3.006226
-3.013655 -2.996084 -3.002574 -3.000563 -2.018333
-3.009332 -3.002756 -2.998731 -3.012393 -2.925153
-3.021386 -3.001274 -2.999266 -2.86542 -2.980574
-2.944726 -3.034532 -2.904834 -2.888297 -2.994296
-2.999285 -2.985066 -2.983459 -2.958759 -3.040158
-2.983361 -3.012295 -2.990874 -2.129761 -2.983458
-3.010052 -3.028176 -3.028665 -3.008094 -3.024785
-2.930377 -3.000245 -2.991728 -3.007282 -2.993971
-2.98746 -2.999395 -2.990669 -3.019769 -2.881529
-2.993124 -3.004601 -2.99741 -3.01975 -2.869809
-2.996108 -3.013035 -3.027678 -2.979488 -2.997818
-3.005297 -2.767625 -3.05208 -3.011755 -3.031201
-2.986766 -2.987994 -3.041052 -2.966821 -3.001552
-3.005679 -3.006355 -2.960291 -2.98925 -3.008825
-2.986417 -2.985115 -2.044238 -3.001939 -3.020895
-3.010164 -3.018785 -3.033026 -2.992583 -3.016861
-3.016649 -3.001521 -3.016197 -3.018859 -2.917605
-3.020739 -3.01943 -2.997405 -3.017743 -3.004081
-2.97773 -3.020155 -2.986808 -2.983108 -2.952534
-2.988306 -3.006905 -3.000355 -3.028602 -3.017596
-3.015836 -3.008127 -2.956396 -3.03284 -2.990453
-3.020163 -2.987816 -3.003974 -3.024051 -2.985779
-2.980349 -2.985058 -2.99003 -3.023481 -2.879675
-2.01275 -2.94063 -3.002534 -3.040477 -3.024863
-2.997729 -2.995451 -2.977675 -2.998535 -2.996396
-2.976568 -2.874601 -3.009109 -2.995791 -2.964064
-3.034764 -3.008911 -2.893427 -3.018029 -2.992475
-3.019096 -3.03038 -3.03836 -2.85757 -2.997102
-2.99433 -2.05791 -3.018386 -2.890808 -2.946249
-3.015216 -3.014801 -3.01387 -2.998429 -2.992433
-3.001333 -3.041248 -2.996696 -3.013494 -2.965896
-3.004537 -2.873981 -3.008952 -2.969396 -2.99354
-2.999775 -3.000571 -3.000296 -2.989632 -2.992576
-3.01833
