-3.008449 -3.023847 -2.960523 -3.02804 -3.001601
-2.887867 -2.877571 -2.144513 -2.97276 -2.99613
-3.046659 -2.985138 -3.066536 -2.969953 -2.847021
-3.011829 -3.042879 -2.965048 -2.993666 -3.003086
-3.018906 -2.885888 -2.989098 -3.019968 -2.886255
-2.874742 -3.01202 -3.010121 -2.99369 -2.942074
-3.024444 -3.041062 -3.021945 -3.036376 -3.002749
-2.848083 -3.017578 -3.033393 -2.055789 -2.895391
-3.010157 -2.970249 -2.991164 -3.024317 -2.949322
-2.111619 -3.033061 -3.010679 -26.89622 -2.996903
-3.034389 -2.993453 -3.027346 -2.862497 -2.979474
-2.884443 -3.021807 -2.865996 -2.907645 -3.031017
-2.986239 -2.853487 -3.011219 -3.005505 -2.955437
-3.04223 -3.024703 -2.895693 -2.938435 -2.998547
-3.010404 -2.986428 -3.008935 -3.004617 -3.004435
-3.021643 -2.987661 -2.872368 -3.019351 -3.017065
-2.988245 -2.038279 -3.01924 -2.906477 -2.966195
-3.061319 -3.033943 -3.033746 -2.05094 -3.046112
-2.898905 -3.013124 -3.072306 -2.98405 -2.994121
-3.043986 -3.012508 -3.023218 -2.899116 -2.973883
-2.98228 -2.861921 -3.024779 -3.01109 -3.029771
-3.028016 -3.032962 -3.008974 -3.031399 -3.017372
-2.991392 -3.033474 -3.028726 -2.969184 -3.012516
-3.007471 -3.025151 -2.799097 -2.995555 -2.989187
-2.696996 -3.01397 -2.99152 -2.831152 -2.98694
-2.99668 -3.01999 -3.051062 -2.959279 -2.98325
-3.009331 -3.038332 -2.965732 -3.011946 -2.746308
-2.961635 -3.022025 -3.03303 -2.971565 -2.904899
-3.025269 -2.889439 -2.998214 -2.954932 -2.985328
-3.013873 -3.019381 -2.851713 -3.018118 -2.891333
-3.023926 -3.033453 -2.080387 -3.012647 -2.888003
-3.022891 -3.07236 -2.930237 -3.049113 -3.031793
-3.007872 -2.994042 -3.029094 -3.031826 -2.995419
-2.970938 -2.978018 -2.975603 -2.887336 -2.993949
-3.035488 -3.040234 -2.991383 -2.965021 -3.002592
-2.993131 -3.052853 -2.943237 -2.995109 -3.021937
-3.033411 -2.999394 -2.704923 -3.010621 -3.041325
-2.988554 -3.042444 -3.008796 -3.018149 -2.97001
-3.031406 -3.039283 -2.909262 -2.988786 -2.994591
-3.021669 -3.017777 -2.989633 -3.025473 -3.00154
-2.978224
