-3.017039 -2.878881 -2.966087 -2.92712 -2.810042
-2.845373 -3.03283 -3.012014 -2.873946 -2.982472
-3.007563 -2.982533 -2.968019 -2.884684 -2.852608
-3.020829 -2.997022 -2.984163 -2.826656 -2.883684
-3.0212 -2.937213 -2.973724 -2.986689 -2.93239
-2.928263 -2.968694 -1.989938 -3.001437 -3.007288
-2.981591 -3.006357 -3.007185 -3.017272 -2.990396
-3.063634 -2.917222 -2.921807 -2.970842 -2.871014
-3.028713 -2.981497 -2.950572 -3.031448 -2.99222
-2.94907 -3.025135 -3.027278 -2.790049 -2.867401
-3.025651 -2.867917 -2.906795 -2.919299 -2.985605
-3.04163 -2.91413 -2.977735 -2.992167 -2.952032
-2.883169 -2.904873 -2.913913 -2.859608 -2.987785
-2.995307 -2.975882 -2.955113 -2.753876 -3.00744
-2.976565 -2.925824 -3.037868 -3.019525 -2.945601
-2.867021 -3.014889 -2.797702 -2.986265 -2.947508
-2.924846 -3.005827 -3.008411 -2.808336 -2.9682
-2.930588 -3.00231 -2.917841 -2.936556 -2.967444
-2.982811 -2.972062 -2.987098 -3.045276 -2.992849
-3.022713 -3.065281 -2.955725 -3.008016 -2.981427
-2.925267 -3.011065 -2.91804 -2.933589 -3.024686
-2.725911 -3.055585 -2.909637 -3.040828 -2.921364
-2.958718 -2.833097 -3.000289 -2.95224 -2.87686
-2.921406 -2.985261 -2.99319 -2.962605 -2.9528
-2.942768 -2.988325 -2.993478 -3.023382 -2.979497
-2.9663 -2.975469 -3.020123 -3.041677 -2.981785
-2.733282 -2.890509 -3.056072 -2.98159 -3.045821
-3.014813 -2.846353 -2.985473 -3.044514 -2.944816
-3.006852 -2.873841 -2.854802 -2.968508 -2.999545
-3.018508 -2.99822 -2.980296 -3.00964 -2.830966
-2.981114 -2.918273 -2.9916 -2.994088 -2.947406
-2.998639 -3.002366 -2.899608 -3.089314 -3.029636
-3.033554 -3.04467 -2.993347 -2.966863 -2.936044
-2.883157 -3.013981 -2.933304 -2.986396 -3.020001
-2.835971 -2.946143 -3.018744 -2.894012 -3.029404
-2.995439 -2.842176 -3.005235 -2.956054 -3.020091
-2.922256 -3.000276 -2.919175 -3.046196 -3.015847
-3.023804 -2.931789 -3.020961 -2.768679 -3.004397
-2.906878 -3.010735 -2.870353 -3.026415 -3.009431
-3.020825 -2.945534 -3.021747 -3.064938 -2.943389
-2.977402
