-2.816132 -2.965462 -3.086914 -3.000837 -3.123801
-3.066113 -3.238279 -3.067706 -2.938853 -2.991907
-3.127616 -3.154024 -3.134731 -3.103807 -3.01864
-2.917446 -3.148892 -3.079294 -3.226563 -3.100528
-3.110615 -3.158366 -2.951463 -3.132181 -3.072414
-3.118824 -3.099414 -3.227365 -2.965799 -3.099002
-3.075453 -2.978283 -3.268034 -2.962838 -2.935779
-2.90478 -3.030659 -3.079826 -3.061671 -3.34641
-3.181766 -3.26186 -2.923598 -3.237211 -3.21192
-2.959126 -3.013058 -3.081283 -3.196298 -3.162175
-3.169675 -2.950241 -2.961407 -3.03091 -3.130724
-3.067774 -3.500979 -2.964002 -2.974004 -3.07567
-3.071275 -2.950854 -3.206301 -3.068708 -3.088599
-3.11378 -3.134141 -3.12254 -3.141905 -3.158149
-3.108476 -2.932992 -2.947183 -3.049782 -3.075818
-3.191593 -3.019713 -2.911756 -3.33598 -2.960479
-2.885241 -3.040562 -3.142641 -3.150181 -3.032486
-3.148985 -3.069077 -3.216616 -3.104085 -3.067258
-3.061365 -3.079054 -2.960192 -3.120707 -3.041216
-3.090405 -3.126623 -3.172304 -2.881536 -3.07397
-3.042461 -3.130724 -2.951918 -3.191693 -3.107146
-3.085699 -3.120639 -3.163516 -3.080787 -3.033966
-3.373455 -3.35369 -3.040111 -3.264829 -3.367093
-3.066367 -3.060193 -3.088171 -3.172459 -3.124923
-3.198219 -3.076594 -3.040997 -3.206087 -3.156684
-3.152724 -3.004203 -3.141068 -3.056837 -3.242952
-2.955708 -3.108722 -3.023721 -3.147972 -3.032229
-2.985507 -3.057858 -3.126633 -2.930512 -2.995398
-3.219827 -3.006253 -3.227914 -2.907993 -3.051552
-3.03154 -3.034799 -3.152994 -2.969962 -3.079317
-3.049609 -2.987477 -3.157738 -3.203835 -3.134379
-3.148298 -3.055536 -3.065884 -2.946027 -3.056346
-2.934069 -3.050086 -3.0197 -2.937721 -3.125193
-3.075059 -3.197357 -3.081236 -2.998211 -3.071272
-2.970293 -3.107354 -3.131368 -2.992626 -3.112176
-3.189608 -3.046207 -3.030866 -3.230792 -3.13942
-3.275572 -3.135641 -3.040265 -3.184707 -3.178561
-3.139943 -3.125331 -3.155442 -3.093547 -3.027225
-3.055101 -3.224319 -2.871948 -3.163649 -3.060267
-3.197975 -3.078393 -3.000515 -2.998023 -3.173064
-2.91714
