-2.951298 -2.974283 -2.9934 -2.988089 -2.922114
-2.951277 -3.002883 -2.9344 -2.996643 -2.946567
-2.95754 -2.946941 -2.951997 -2.978973 -2.90698
-3.014885 -2.998613 -2.971203 -2.973542 -2.888553
-2.980955 -2.94855 -2.953871 -2.966928 -2.8907
-2.98981 -2.987436 -2.988774 -2.979781 -2.942581
-2.952491 -2.968914 -3.018667 -2.969165 -3.009693
-2.948865 -3.017701 -2.964331 -2.956381 -2.987073
-3.037643 -2.969019 -2.971614 -2.947496 -2.970849
-2.974495 -2.962651 -3.008938 -2.924328 -2.932085
-2.735103 -2.967835 -2.995714 -2.982169 -2.937052
-2.83991 -2.997474 -2.962621 -2.956391 -2.983069
-2.833914 -2.969174 -3.006127 -2.945175 -2.936427
-2.986898 -2.945302 -2.98102 -2.89736 -2.93984
-2.978517 -2.987533 -2.966246 -2.956134 -2.974751
-2.938026 -3.000815 -3.017012 -2.95356 -2.994497
-2.979004 -2.970995 -2.944433 -2.971851 -2.942003
-2.94604 -2.987082 -2.999941 -2.976 -2.928323
-3.012322 -2.951806 -2.973549 -2.972601 -3.014997
-2.989489 -2.924963 -2.982237 -2.931892 -2.989297
-3.00088 -2.961534 -2.876694 -2.944767 -2.959769
-2.982464 -2.937682 -2.989247 -2.938218 -2.854367
-2.956471 -2.97745 -2.916039 -2.056801 -2.993793
-3.000092 -3.01322 -2.985359 -2.998538 -3.012779
-2.955695 -2.980879 -3.010387 -3.005337 -2.994913
-3.013058 -2.950278 -3.00325 -2.949465 -2.938348
-2.950879 -2.974821 -3.020612 -2.97 -2.995589
-2.967376 -2.948086 -2.961959 -2.978687 -2.993469
-2.948057 -2.952161 -2.861494 -2.929186 -2.946406
-3.024646 -2.982095 -2.979908 -3.009543 -2.965595
-2.959923 -2.969508 -3.010216 -2.992484 -2.960227
-2.993459 -2.999419 -2.982705 -2.975915 -2.942535
-2.853514 -3.009519 -2.969111 -2.986233 -2.919543
-2.941738 -2.949268 -2.960842 -2.9616 -2.944103
-2.988051 -3.013275 -2.929159 -2.929188 -2.923558
-2.958109 -2.941295 -2.976616 -2.949355 -2.958923
-2.979799 -2.959564 -2.953881 -2.991263 -2.93771
-2.97835 -2.99407 -2.958899 -2.966691 -2.976228
-2.988433 -2.971006 -2.978069 -2.973002 -3.013027
-2.858438 -2.998843 -2.984598 -2.938766 -3.005461
-2.939998
