-2.939916 -2.923731 -2.91899 -2.963032 -2.935464
-2.933676 -2.992011 -2.959881 -2.952293 -2.955093
-2.950038 -2.927066 -2.982077 -2.924167 -2.940659
-2.961784 -2.981651 -2.894403 -2.881448 -2.916426
-2.928573 -2.949342 -2.972543 -2.952231 -2.925271
-2.932903 -2.912702 -2.929411 -2.923438 -2.93165
-2.979781 -2.953236 -2.916445 -2.948505 -2.911066
-2.937242 -2.971934 -2.942371 -2.95401 -2.942558
-2.928885 -2.952773 -2.89363 -2.983002 -2.975449
-2.938471 -2.94605 -2.923521 -2.962907 -2.944952
-2.936625 -2.970872 -2.935237 -2.921853 -2.950513
-2.977687 -2.923363 -2.962545 -2.939772 -2.990165
-2.94488 -2.921712 -2.96374 -2.935712 -2.941872
-2.950504 -2.949696 -2.933899 -2.947508 -2.818566
-2.951357 -2.962354 -2.967022 -2.953041 -2.967169
-2.965154 -2.948047 -2.941213 -2.938321 -2.959
-2.974293 -2.933095 -2.967576 -2.950197 -2.973808
-2.937953 -2.957944 -2.897305 -2.976079 -2.961263
-2.942984 -2.977046 -2.910439 -2.960969 -2.916704
-2.953276 -2.983186 -2.954821 -2.982153 -2.947819
-2.911837 -2.982856 -2.851946 -2.935566 -2.966298
-2.931374 -2.955124 -2.972442 -2.943692 -3.005711
-2.919248 -2.926025 -3.047273 -2.941234 -2.962916
-2.92698 -2.917236 -2.938398 -2.945958 -2.813391
-2.933036 -2.95009 -2.986032 -2.928708 -2.918844
-2.986782 -2.972284 -2.977523 -2.958159 -2.941072
-2.990633 -2.961244 -2.960589 -2.934166 -2.957635
-2.936112 -2.873811 -2.938894 -2.931306 -2.988353
-2.94875 -2.916251 -2.941584 -2.896869 -2.99384
-2.945455 -2.951105 -2.992058 -2.960442 -2.976083
-2.972985 -2.942476 -2.935775 -2.930217 -2.992564
-2.970111 -2.913109 -2.915015 -2.9557 -2.991947
-2.944352 -2.937815 -2.948693 -2.932236 -2.967841
-2.945513 -2.969614 -2.914105 -2.941851 -2.960031
-2.938868 -2.97376 -2.953925 -2.9619 -2.964217
-2.928311 -2.944945 -2.99423 -2.934863 -2.934921
-2.949337 -2.943421 -2.921633 -2.973832 -2.957294
-2.959987 -2.975087 -2.927522 -2.976237 -2.947995
-2.946781 -2.927613 -2.916684 -2.994146 -2.962494
-2.928667 -2.955982 -2.902536 -2.954574 -2.967521
-2.946292
