-2.956394 -2.952451 -2.965156 -2.998347 -2.929942
-2.902803 -2.997643 -2.995408 -2.923924 -2.96855
-2.97603 -2.955441 -2.956796 -2.990225 -3.029449
-2.952022 -2.880168 -2.98203 -2.957733 -2.970718
-2.99117 -2.94871 -2.933516 -2.926597 -2.926839
-3.003158 -2.921251 -2.966824 -3.016722 -2.980391
-2.964427 -2.985411 -2.882386 -2.916026 -2.956846
-2.967696 -2.902842 -2.940671 -2.081808 -2.963166
-2.965818 -2.945377 -2.995989 -2.950973 -2.962439
-2.99475 -2.802865 -2.964722 -3.013421 -2.976169
-2.95821 -2.999518 -2.941697 -3.009221 -2.98143
-2.945218 -2.97393 -2.957918 -2.949457 -2.992351
-2.947286 -2.929662 -2.953226 -2.940697 -2.956699
-2.968919 -2.953964 -2.994801 -2.97629 -3.001355
-2.956161 -2.973483 -2.991966 -2.965898 -2.948451
-2.864276 -2.974424 -2.988073 -2.935286 -2.956622
-2.958393 -2.971968 -2.933082 -2.933562 -2.842584
-2.998648 -2.873256 -2.965528 -2.982404 -2.976381
-2.917575 -2.878793 -2.96248 -2.96012 -2.976264
-2.994506 -2.951121 -3.001219 -2.927782 -2.978765
-2.834797 -2.989507 -2.940615 -2.978359 -2.927738
-2.982083 -2.938976 -2.969527 -2.852806 -2.980029
-2.993665 -2.952099 -2.972306 -2.920225 -2.950405
-2.957693 -3.000746 -2.988641 -2.952841 -2.841464
-3.008799 -2.901169 -2.99595 -2.840083 -2.978178
-2.97025 -2.935289 -2.96205 -2.931706 -2.948874
-2.984991 -2.99121 -2.967805 -2.924816 -2.96652
-2.996045 -2.952364 -2.927429 -3.01574 -2.951955
-2.951735 -2.971224 -2.9832 -2.971771 -2.980645
-3.008609 -2.924939 -2.992497 -2.995581 -2.983501
-2.944446 -2.947188 -2.937702 -2.947396 -2.934265
-2.941879 -2.064698 -2.990151 -2.960916 -2.939919
-2.944055 -2.9408 -2.953452 -2.965271 -2.987316
-2.955969 -3.01755 -2.951672 -2.9259 -2.97344
-2.979883 -2.98557 -2.940478 -2.953549 -2.956352
-2.918136 -2.979302 -2.825355 -3.012665 -2.977383
-2.943863 -2.989053 -2.978108 -2.983983 -2.918503
-2.926699 -2.84806 -2.95194 -2.981737 -2.972843
-2.949424 -2.903306 -2.886462 -2.963306 -2.931836
-2.973191 -2.973467 -2.929828 -2.973383 -2.958385
-3.004471
