-2.973985 -2.960158 -3.005119 -3.002599 -3.01147
-2.935489 -2.975499 -2.984153 -3.004986 -2.831713
-2.867819 -2.99831 -3.012754 -2.977464 -2.987378
-2.854324 -2.970649 -2.977748 -3.034241 -2.979383
-2.95449 -2.983736 -2.96553 -3.02667 -3.00282
-2.999171 -2.993782 -3.000573 -2.983467 -2.973809
-2.884529 -2.986372 -2.958427 -2.959373 -2.968588
-3.005199 -3.028487 -2.993997 -2.957631 -2.987183
-2.986307 -2.996157 -2.98082 -3.01211 -2.97787
-2.942627 -2.980802 -2.968581 -2.989876 -2.970283
-2.984658 -3.009081 -2.965776 -3.006336 -2.96563
-2.982432 -2.858587 -3.006727 -3.00419 -2.997478
-3.014402 -2.9699 -2.97999 -3.012515 -2.820945
-2.953976 -3.000092 -2.852995 -2.995306 -2.88613
-2.972637 -2.971183 -2.999296 -2.995224 -2.955612
-3.009727 -2.998646 -2.960658 -2.968801 -3.0089
-2.992135 -3.01014 -2.97946 -3.018573 -3.006125
-2.989691 -2.815252 -2.84897 -2.997668 -3.015984
-2.967521 -2.993302 -2.950129 -2.977918 -2.999683
-2.92468 -2.963063 -2.969748 -2.949223 -2.970336
-3.008427 -2.977232 -3.022848 -2.953444 -2.9505
-3.017055 -2.955043 -2.991756 -2.973086 -2.973607
-2.988814 -2.997479 -2.878933 -2.962375 -2.961317
-2.971563 -2.856827 -2.957476 -2.872214 -3.001147
-3.000628 -3.035794 -2.970458 -2.972953 -2.951607
-2.97899 -2.981717 -2.993793 -3.012337 -2.98058
-2.946108 -2.96975 -2.990968 -3.008256 -2.96238
-2.967868 -3.032137 -2.959986 -2.985319 -2.982948
-2.964656 -3.02214 -3.011877 -3.013443 -2.969992
-3.001038 -2.988356 -2.982433 -3.00717 -2.973928
-2.964405 -2.967953 -2.96197 -2.998205 -2.980776
-2.96825 -2.83148 -2.965058 -3.01623 -2.998711
-2.959665 -2.965976 -2.997251 -2.970373 -2.994869
-2.962612 -2.944883 -3.03103 -2.934063 -2.980226
-2.998719 -2.976666 -3.019202 -2.957248 -2.95884
-2.962023 -2.987835 -2.992444 -2.957937 -2.961855
-2.96575 -3.015685 -2.996588 -3.023375 -3.012946
-2.990003 -2.996821 -3.001204 -2.951938 -2.973115
-2.956869 -2.95928 -2.992606 -2.974038 -3.004528
-2.992824 -2.962495 -2.99651 -3.034685 -2.979974
-3.01016
