-2.97298 -2.994983 -2.979906 -2.949846 -2.99319
-2.988488 -2.873784 -2.982427 -2.045409 -2.963954
-2.875252 -3.013609 -2.986587 -2.92741 -2.97813
-2.85972 -2.929754 -3.00468 -2.972003 -2.98623
-2.971424 -2.985982 -2.981799 -2.932423 -2.879557
-2.964931 -2.879392 -2.996201 -2.950475 -2.983048
-2.993867 -2.974147 -3.00666 -2.985736 -2.983257
-2.957569 -2.95194 -2.975032 -3.004715 -2.974128
-3.00347 -2.964555 -2.9411 -2.997414 -2.967659
-3.000523 -1.931967 -2.976339 -2.871185 -2.971899
-2.970367 -2.957419 -2.97126 -2.990234 -2.98524
-2.896419 -2.971229 -2.999604 -2.985144 -2.987403
-2.982982 -3.000997 -2.857033 -2.815593 -2.959081
-2.969312 -2.970139 -2.839836 -2.985922 -2.863201
-2.972162 -3.030679 -2.990793 -2.986569 -2.986229
-2.936415 -2.976075 -2.998007 -2.979857 -3.012744
-2.9667 -2.935192 -2.90101 -2.937258 -2.988454
-2.964418 -2.964365 -2.971841 -2.973034 -3.010642
-2.990076 -2.999244 -2.859532 -2.966828 -2.957234
-2.974511 -3.006299 -2.974133 -2.984408 -2.975538
-2.97947 -2.979497 -2.99465 -3.017518 -3.006828
-2.969956 -2.979236 -2.837144 -2.937532 -2.996398
-2.941267 -2.97475 -2.975373 -2.936254 -2.529757
-2.977084 -2.877249 -2.969277 -2.983299 -2.881083
-2.94426 -2.982958 -2.975071 -2.998963 -2.95433
-2.84884 -3.021004 -3.017588 -2.953471 -2.97858
-2.948749 -2.859181 -2.978999 -2.991395 -3.001017
-3.015918 -3.01886 -2.87149 -2.989071 -2.95286
-3.021043 -2.975074 -2.991206 -2.955236 -2.947355
-3.014958 -2.989164 -2.976565 -2.996417 -2.964944
-3.004091 -2.954999 -2.955928 -2.991077 -2.96646
-2.964478 -2.970213 -2.975537 -2.978828 -2.980582
-2.838678 -2.972044 -2.987023 -2.979512 -2.968174
-3.001144 -2.976096 -2.956156 -2.958009 -2.977157
-2.992908 -2.966993 -2.98398 -2.984756 -3.009178
-2.960417 -2.966248 -2.963756 -2.960605 -2.969672
-2.976281 -2.968418 -2.978262 -2.981722 -3.0117
-2.957406 -2.996441 -2.995354 -2.964515 -2.983159
-2.962076 -3.002261 -2.981775 -2.999722 -2.978556
-2.985537 -2.96698 -2.989673 -2.982243 -2.974932
-2.961077
