-3.009646 -3.009527 -3.038848 -2.90061 -3.027257
-2.991023 -2.996504 -3.015953 -2.982233 -2.993442
-3.075483 -3.01969 -3.078291 -3.020049 -3.02553
-3.071507 -3.040817 -3.022464 -3.029139 -3.058298
-3.055903 -2.988199 -3.040337 -3.081532 -2.970649
-3.041812 -3.044698 -2.982769 -3.021469 -3.030493
-3.002954 -3.008705 -3.057776 -2.976236 -3.069257
-2.969871 -2.993441 -3.022137 -2.97098 -2.976599
-2.971327 -3.01333 -3.020967 -3.00663 -3.008612
-3.031488 -3.013425 -2.999185 -2.982798 -2.930336
-3.028338 -3.024588 -2.896999 -3.037752 -3.004712
-3.021155 -3.005716 -3.00506 -3.049679 -2.971438
-3.038681 -3.077606 -2.977255 -3.005992 -3.032617
-3.026425 -3.047768 -3.053456 -2.994275 -3.037758
-3.032404 -2.989377 -2.983611 -3.012318 -3.027832
-3.019884 -3.04886 -3.030499 -2.964403 -3.011675
-3.04049 -3.043751 -2.99486 -3.004892 -2.954982
-3.019746 -3.026688 -3.02744 -3.002771 -2.994831
-3.035594 -3.034329 -3.037627 -2.973699 -2.999771
-2.963625 -3.007369 -3.00382 -3.028766 -3.037506
-2.990053 -3.010594 -3.002722 -2.906332 -2.982903
-3.008313 -2.993015 -3.028128 -3.0584 -3.00106
-3.067438 -3.059177 -3.006404 -3.04267 -2.974731
-3.03223 -3.099169 -3.054157 -3.003241 -2.977828
-3.03113 -2.963295 -3.024777 -3.025094 -3.004607
-3.057009 -2.890646 -2.990774 -2.979516 -2.979023
-2.996303 -2.98847 -3.054622 -3.049062 -2.922986
-2.987248 -3.007076 -2.982482 -3.009735 -2.975744
-3.080325 -3.073855 -3.039616 -3.005553 -2.96853
-2.973607 -2.948304 -2.904281 -2.952461 -3.05281
-3.010303 -3.019524 -3.016812 -2.970248 -2.996048
-2.990915 -3.042211 -2.984355 -3.028095 -3.014436
-3.020527 -3.02791 -3.003942 -3.003914 -2.994254
-3.009884 -2.998835 -3.058972 -2.958551 -2.924485
-2.96796 -2.977778 -3.040624 -3.068606 -3.052078
-2.967076 -2.965844 -2.909147 -2.900499 -3.009874
-3.027072 -3.005257 -3.029801 -3.034584 -3.021135
-3.010553 -3.04975 -3.040533 -2.98702 -3.052425
-2.954524 -3.051257 -2.920885 -3.000469 -3.025095
-2.974607 -3.050519 -3.029903 -3.07147 -2.870857
-2.988887
