-2.948489 -2.937046 -2.93408 -2.938428 -2.959536
-2.957313 -2.984569 -3.01905 -2.966443 -2.995673
-2.944047 -2.949638 -2.908503 -2.98215 -2.918831
-2.526019 -2.949979 -2.760834 -2.98243 -2.929703
-3.047766 -3.011195 -2.94871 -3.015433 -3.014671
-2.964684 -3.006474 -2.955399 -2.9629 -2.966034
-2.979899 -2.953546 -2.92882 -3.019792 -2.97022
-2.986015 -2.933833 -2.973186 -2.919361 -3.000406
-2.991793 -2.920819 -2.983453 -2.948702 -2.934436
-2.958408 -2.953932 -2.959928 -2.9362 -2.937987
-2.966404 -2.981571 -2.928588 -2.966763 -2.930903
-2.953103 -2.961342 -2.978998 -2.926851 -2.862328
-2.962711 -2.918139 -2.91503 -2.946819 -2.98225
-2.816188 -2.915495 -2.977102 -2.99489 -3.011043
-2.926687 -2.829887 -2.986963 -2.940305 -2.970577
-2.950588 -2.89928 -2.939896 -2.942449 -2.961753
-2.907059 -2.907875 -3.010977 -2.972377 -2.925543
-2.941308 -2.969991 -2.957282 -2.968859 -2.999972
-2.978544 -2.807047 -2.941754 -2.974715 -2.981898
-3.008165 -2.888727 -2.969167 -2.999002 -2.976527
-2.943813 -2.96031 -2.955807 -2.987734 -2.966909
-2.985513 -2.968281 -2.910901 -2.92516 -2.979969
-3.051882 -2.955299 -3.007923 -2.992187 -2.968361
-2.946713 -2.958915 -2.990764 -2.981064 -2.84354
-2.997595 -2.944671 -2.935263 -2.980293 -2.97468
-3.008197 -2.950737 -2.933651 -1.970283 -3.030097
-2.951495 -2.950846 -2.947411 -2.935822 -3.029891
-2.996237 -2.987153 -2.980659 -2.931733 -2.932099
-2.902543 -1.997817 -2.932041 -2.955506 -2.928236
-2.963302 -2.968771 -2.934149 -2.928234 -2.944718
-2.945652 -2.994159 -2.911179 -2.98071 -2.945977
-2.984637 -2.928028 -2.929485 -2.92322 -2.942765
-2.898018 -2.961395 -2.921437 -3.033235 -2.948814
-2.930387 -2.859669 -2.905688 -2.972203 -2.938825
-2.949119 -2.938586 -2.959075 -2.899292 -2.939083
-2.925443 -2.93632 -3.003891 -2.930341 -2.84261
-2.929264 -2.913274 -2.964097 -2.974531 -2.980122
-2.945287 -2.983595 -2.955682 -2.878603 -2.970321
-2.888165 -2.982066 -2.898332 -2.897849 -2.98004
-2.919347 -2.940638 -2.924523 -2.922211 -2.980376
-2.975491
