-3.007642 -3.028564 -2.985874 -2.996187 -3.003295
-3.009309 -3.032957 -3.03855 -2.989149 -3.030561
-3.058321 -3.026366 -3.050473 -2.994415 -2.987557
-2.885795 -3.083474 -2.991486 -3.058252 -3.024032
-3.036679 -3.038227 -3.027196 -3.069282 -3.013783
-3.007953 -3.009087 -3.02176 -3.050327 -3.009293
-3.022784 -3.003652 -3.052941 -3.025365 -3.034215
-3.065054 -2.999608 -3.005464 -3.006436 -3.041798
-3.038152 -3.019464 -3.025079 -2.987684 -3.045196
-2.903644 -2.983519 -3.004692 -3.021944 -3.038224
-2.994135 -3.020255 -3.028811 -3.007105 -2.960108
-3.016077 -3.039947 -3.010685 -3.028112 -3.010436
-3.0438 -2.914168 -2.988838 -2.994766 -3.014142
-2.998082 -3.045128 -3.007027 -3.00978 -2.997703
-2.993253 -3.018311 -3.019313 -3.033939 -2.971607
-3.032389 -3.020388 -2.92706 -2.991051 -3.035815
-3.015336 -3.012827 -3.043397 -3.034127 -3.030102
-2.948299 -3.038563 -2.030674 -3.014835 -3.044179
-2.983214 -2.990373 -3.070436 -3.033625 -2.90949
-3.036747 -3.016694 -3.023517 -2.999195 -3.031035
-3.06289 -3.040473 -3.041642 -2.980136 -3.018869
-3.018835 -3.005836 -3.011827 -3.014413 -3.016159
-2.820652 -3.029783 -2.965982 -2.89489 -3.02696
-3.048245 -3.05783 -3.034953 -3.033596 -3.014492
-3.063368 -3.036737 -2.960704 -3.032748 -3.035906
-2.986608 -3.038558 -3.04991 -2.992528 -3.024261
-3.004377 -3.009256 -2.83497 -3.005016 -3.013307
-3.037269 -2.998095 -2.915845 -3.053769 -3.014041
-3.059422 -3.011561 -3.058298 -3.047765 -3.057299
-2.931663 -3.011258 -2.98138 -3.032067 -3.018534
-3.051836 -3.023646 -2.982688 -2.989467 -2.913125
-3.061979 -3.029046 -3.04135 -3.016251 -3.02346
-3.011009 -3.00171 -3.020108 -2.994727 -3.040482
-3.05462 -2.984145 -3.033097 -2.984617 -3.05561
-3.038884 -3.054678 -2.906639 -3.045672 -2.920996
-2.859659 -3.03722 -3.061965 -2.960204 -3.00099
-3.008515 -2.989517 -3.014641 -3.023766 -3.001984
-3.028844 -2.858779 -3.020635 -3.001904 -3.035082
-3.044867 -3.035441 -3.003049 -3.011858 -3.022757
-3.009833 -3.00968 -3.018591 -3.002274 -2.984958
-2.973582
