-2.955364 -2.958419 -2.954528 -2.97136 -2.98024
-2.934745 -2.995651 -2.95835 -2.938021 -2.915405
-2.963275 -2.813981 -2.816668 -2.962917 -2.930211
-2.935228 -2.917202 -2.988492 -2.956241 -2.942729
-2.94587 -2.91682 -2.974305 -2.963213 -2.932892
-2.945734 -2.759544 -2.959378 -2.992539 -2.959531
-2.94785 -2.963277 -2.987714 -2.977514 -2.939532
-2.945181 -2.9874 -2.881422 -2.928282 -2.968501
-2.951741 -2.855061 -2.973147 -2.895546 -2.92158
-2.984969 -2.971346 -2.920595 -2.83898 -2.990919
-2.947099 -2.956825 -2.966841 -2.974041 -2.99985
-2.967949 -2.895903 -2.984954 -2.947552 -2.932582
-2.906916 -2.978791 -2.944823 -3.015096 -2.966672
-2.947374 -2.94572 -2.972257 -3.029648 -2.90684
-2.98215 -2.940713 -2.970681 -3.003428 -2.951435
-2.951322 -2.935796 -2.929782 -2.955651 -2.948669
-2.925829 -2.81573 -2.97732 -2.854843 -2.921021
-2.846742 -2.934809 -2.946747 -2.953961 -2.95129
-2.944649 -2.813172 -2.871462 -2.935712 -2.962963
-2.924539 -2.960185 -2.953865 -2.95359 -2.978629
-2.935969 -2.957716 -2.782566 -2.97108 -3.045036
-2.956954 -2.891733 -2.959354 -2.779731 -2.781522
-2.907201 -2.922167 -2.928985 -3.016927 -2.947779
-2.933033 -2.97081 -2.958438 -2.928672 -3.006114
-2.913855 -2.971448 -2.932326 -2.893971 -2.990233
-2.946585 -2.981348 -2.846771 -2.829207 -2.922835
-2.980674 -2.931179 -2.901501 -2.939887 -2.977371
-2.943638 -2.956437 -2.882642 -2.912239 -2.966131
-2.960466 -2.958051 -3.002231 -2.958933 -2.917625
-2.816248 -2.962817 -2.931195 -2.84757 -2.856879
-2.969996 -2.978011 -2.977414 -2.949169 -2.954018
-2.933066 -2.961523 -2.964059 -2.995753 -2.957289
-2.949758 -2.9217 -2.960225 -2.943953 -2.700723
-2.941099 -2.912564 -2.953374 -2.963995 -2.960623
-2.968346 -2.96285 -2.895434 -2.974278 -2.857988
-2.977172 -2.855815 -2.942996 -2.960605 -2.987523
-2.895545 -2.947378 -2.944458 -2.990401 -2.941309
-2.903476 -2.880982 -2.799032 -2.919465 -2.982512
-2.954827 -2.975662 -2.930651 -2.905088 -2.998399
-2.943998 -2.938292 -2.977862 -2.924305 -2.942119
-2.945917
