-3.008526 -3.029057 -3.051043 -2.904246 -2.979946
-3.015184 -3.031583 -2.959477 -3.036582 -3.035982
-3.067569 -3.035397 -3.053478 -3.035156 -3.020669
-3.005476 -2.891982 -3.014906 -3.064889 -3.0103
-3.06497 -3.041528 -3.060459 -2.971787 -3.00391
-2.08745 -3.016955 -3.071482 -2.975712 -3.034535
-2.890248 -2.932361 -2.882698 -3.093135 -3.0497
-2.858753 -2.992744 -2.847523 -3.018659 -3.062633
-3.103194 -2.866337 -3.053254 -3.066527 -3.024751
-3.012511 -3.019463 -3.016267 -3.05845 -2.974984
-2.962301 -3.023466 -3.008192 -2.946974 -3.046091
-3.06526 -3.034556 -3.003548 -3.07709 -2.95125
-2.992668 -3.094305 -2.871324 -3.059525 -3.049541
-3.00527 -2.983518 -3.027354 -3.078196 -2.945189
-3.018196 -2.912047 -2.94005 -3.023892 -2.924712
-3.083587 -2.918217 -3.037414 -3.040976 -3.027938
-3.037903 -2.937941 -3.041414 -3.016125 -2.945466
-2.903924 -3.053105 -3.018954 -2.872129 -2.889442
-3.02247 -2.886961 -3.072957 -2.981221 -3.042013
-3.047554 -3.015679 -3.015022 -3.042376 -3.067675
-2.938177 -3.047768 -2.976993 -3.084516 -3.004131
-3.057326 -3.047958 -3.044611 -2.09443 -2.888054
-3.05094 -2.999928 -3.019106 -2.782996 -2.986013
-2.97896 -3.053386 -2.970783 -3.03586 -3.057278
-3.054667 -2.885406 -3.02456 -3.062529 -3.009967
-3.03156 -2.972199 -3.067464 -3.028589 -3.065602
-3.0382 -2.933708 -3.002976 -3.00116 -3.035706
-3.026733 -3.087352 -3.02951 -2.942487 -2.933512
-3.044578 -2.990779 -3.068098 -2.992816 -3.036783
-2.878538 -3.067515 -2.997614 -2.960624 -3.01332
-3.050405 -2.860947 -3.042191 -2.020328 -3.055373
-3.024817 -3.069163 -3.022617 -2.996279 -3.029046
-3.056819 -2.868927 -1.972416 -3.055621 -3.06433
-3.043507 -3.02878 -2.908363 -3.046374 -3.046198
-3.011717 -3.082296 -3.046757 -3.034558 -2.988793
-3.008358 -3.049327 -2.928022 -3.00407 -3.05393
-2.878645 -2.07312 -3.106274 -3.029568 -3.066412
-3.051663 -3.106874 -3.017585 -3.021753 -2.886567
-3.048428 -3.03319 -3.026965 -2.989694 -3.043962
-3.028105 -3.015561 -2.991901 -3.003664 -2.935261
-3.036255
