-2.966699 -2.968593 -3.008826 -2.964304 -2.993695
-2.888081 -2.980664 -2.95935 -2.930682 -2.800193
-2.861474 -2.951777 -2.977048 -2.965526 -3.011248
-2.957085 -2.990679 -2.96262 -2.962056 -2.97621
-3.023942 -2.925988 -2.969505 -2.983707 -2.940938
-3.017619 -2.941758 -2.977705 -2.97118 -2.979991
-3.012101 -2.97717 -2.9694 -2.974999 -2.883865
-2.968177 -2.97065 -2.941508 -2.976766 -2.967391
-2.968344 -2.861638 -2.977439 -2.874233 -2.959101
-3.003137 -2.878216 -2.992687 -2.954343 -3.006677
-2.839822 -2.924181 -3.043367 -2.966402 -2.086686
-2.96749 -2.959319 -2.971371 -2.983366 -2.964086
-2.926736 -3.006565 -3.000274 -2.900694 -2.924878
-2.970213 -2.999757 -2.963062 -3.054039 -2.978911
-2.986118 -3.013099 -2.913418 -2.942201 -2.970222
-2.944034 -2.954719 -2.972248 -2.959777 -2.948907
-2.844794 -2.993276 -3.028278 -2.946843 -2.98961
-2.947409 -2.862485 -2.957655 -2.957307 -2.960987
-3.028707 -2.90783 -2.941918 -2.978371 -2.852585
-2.959101 -2.859873 -2.89509 -2.997781 -2.997277
-3.035969 -3.004782 -2.94648 -2.896133 -3.01597
-2.966202 -2.973439 -2.85328 -2.949155 -3.009487
-2.898345 -2.89618 -2.981069 -2.930311 -2.998212
-3.001146 -2.959562 -2.99806 -2.967202 -2.843202
-2.045652 -2.947596 -2.962028 -2.945845 -2.994279
-2.992662 -2.976219 -2.870735 -2.980788 -3.000168
-3.003677 -2.933444 -2.96663 -2.973004 -2.912752
-2.935554 -3.016898 -3.012487 -2.97156 -2.970207
-2.729727 -2.955319 -3.044611 -2.937045 -3.019799
-2.998436 -2.955703 -2.956832 -2.959239 -2.918157
-2.971691 -3.02714 -2.911916 -2.975665 -2.921946
-2.954164 -2.984112 -2.98291 -2.981971 -2.939498
-2.944048 -2.944328 -2.97222 -2.961876 -2.96999
-2.980426 -3.031281 -2.92733 -2.983115 -3.011925
-2.935463 -2.942173 -3.007055 -2.938459 -3.008789
-2.950162 -2.945067 -2.980972 -2.796371 -2.964898
-2.981422 -2.979535 -2.936921 -2.979297 -2.984601
-2.977513 -3.024242 -2.934102 -2.880916 -2.991672
-2.84442 -2.98209 -2.856644 -2.966232 -2.918362
-2.909906 -2.934707 -2.933716 -2.980272 -2.867032
-2.950397
