-2.955253 -2.936484 -2.967493 -2.935333 -2.967146
-2.971724 -2.938338 -2.977953 -2.972468 -2.021055
-2.941195 -2.990513 -2.942544 -2.95188 -2.984732
-2.976756 -2.938622 -2.939153 -2.953723 -2.951413
-2.963751 -2.793456 -2.999955 -2.980046 -2.979243
-2.876005 -2.966267 -2.928166 -2.840018 -2.936577
-2.962151 -2.951331 -2.972447 -2.950866 -2.854575
-2.971189 -2.859827 -2.829568 -3.000059 -2.955914
-2.847843 -3.002744 -2.897909 -2.975348 -2.788495
-2.936674 -2.954694 -2.931612 -2.97259 -2.973233
-2.961576 -2.973385 -2.990356 -2.919297 -2.990741
-2.813788 -2.952597 -2.834081 -2.95126 -2.827536
-2.961141 -2.829701 -2.988689 -2.993226 -2.94989
-2.901207 -2.974131 -2.986847 -2.938365 -2.869905
-2.979244 -2.937547 -2.935714 -2.921201 -2.790374
-2.952629 -2.985173 -2.948392 -2.999076 -2.855772
-2.940661 -2.976511 -2.953561 -2.847997 -2.965804
-2.939149 -2.983252 -2.938161 -2.955402 -2.937861
-3.002113 -2.987649 -2.995641 -2.951306 -2.920081
-2.937284 -2.946227 -2.896344 -2.96485 -2.975966
-2.96493 -2.942409 -2.946865 -2.954429 -2.995925
-2.964053 -2.938565 -2.947731 -2.853999 -2.943413
-2.991182 -2.944529 -2.933327 -2.941194 -2.939434
-2.853316 -2.968384 -2.937909 -2.810894 -2.9517
-2.967547 -2.990663 -2.961024 -2.945679 -2.96544
-2.963747 -2.953156 -2.949031 -3.003016 -2.943608
-2.949687 -2.938552 -2.842678 -2.953166 -3.006444
-2.95487 -2.985592 -2.958165 -2.704097 -2.963253
-2.933185 -2.879886 -2.930097 -2.953414 -2.95215
-2.948638 -2.936453 -2.85891 -2.813369 -2.973775
-2.950551 -2.991833 -2.822154 -2.949214 -2.973377
-2.952796 -2.946228 -2.916494 -2.956439 -2.840649
-2.857321 -2.96672 -2.943506 -2.958159 -2.940824
-2.939037 -3.007402 -2.981109 -2.931781 -2.964109
-2.977348 -2.969629 -2.92722 -2.98749 -2.825236
-2.930736 -2.944886 -2.947823 -2.963258 -2.947267
-3.000761 -2.871775 -2.920154 -2.865461 -2.825649
-2.943995 -2.984811 -2.923359 -2.961508 -2.988951
-2.97854 -2.929282 -2.947156 -2.963366 -2.964311
-2.973801 -2.984504 -2.908188 -2.960719 -2.976232
-2.931814
