-2.944927 -2.969682 -2.963575 -2.972112 -2.955309
-2.853688 -2.962627 -2.976753 -2.967402 -2.942556
-2.92446 -2.974228 -2.957597 -2.905819 -2.961648
-2.95344 -2.973919 -2.970028 -2.949942 -2.95502
-2.950217 -2.884287 -2.971157 -2.930053 -2.85081
-2.962508 -2.945684 -2.950065 -2.94628 -2.901155
-2.97612 -2.920588 -2.942949 -2.967569 -2.919394
-2.945408 -2.957121 -2.933468 -2.869035 -2.941366
-2.964177 -2.95474 -2.964823 -2.966539 -2.961521
-2.953929 -2.969672 -2.967685 -2.957595 -2.923931
-2.944023 -2.947978 -2.92521 -2.946612 -2.070848
-2.965083 -2.94428 -2.935008 -2.953141 -2.963819
-2.957988 -2.93941 -2.934321 -2.977084 -2.936971
-2.982579 -2.975387 -2.839467 -2.941224 -2.921156
-2.845706 -2.97508 -2.963397 -2.820194 -2.922053
-2.958734 -2.955808 -2.938898 -2.968082 -2.966779
-2.952111 -2.954882 -2.923552 -2.96391 -2.925283
-2.951205 -2.960779 -2.897779 -2.946412 -2.936488
-2.962124 -2.937464 -2.960988 -2.985085 -2.960425
-2.952226 -2.956429 -2.934938 -2.976682 -2.998789
-2.968052 -2.940919 -2.953322 -2.82211 -2.956738
-2.947195 -2.952626 -2.916652 -2.976955 -2.928658
-2.978542 -2.979948 -2.932976 -2.857606 -2.963068
-2.952487 -2.986891 -2.814581 -2.954897 -2.953704
-2.969952 -2.973822 -2.9752 -2.926211 -2.909431
-2.960258 -2.885076 -2.946224 -2.975717 -2.905312
-2.962236 -2.941458 -2.976091 -2.795549 -2.928674
-2.939447 -2.955819 -2.915226 -2.851556 -2.927331
-2.928884 -2.971077 -2.853852 -2.964796 -2.986333
-2.952976 -2.856747 -2.970584 -2.962932 -2.812743
-2.979817 -2.868023 -2.925561 -2.955559 -2.944509
-2.931064 -2.950507 -2.93468 -2.818239 -2.951707
-3.009747 -2.968614 -2.979212 -2.975484 -2.971939
-2.943128 -2.962381 -2.93864 -1.951328 -2.95383
-2.964606 -2.95972 -2.82825 -2.971056 -2.937794
-2.922587 -2.992362 -2.952418 -2.9475 -2.943868
-2.939967 -2.981971 -2.924798 -2.973015 -2.946871
-2.932115 -2.939156 -2.962661 -2.94629 -2.946685
-2.930792 -2.822465 -2.951922 -2.966815 -2.925529
-2.929143 -2.819192 -2.980337 -2.935455 -2.930085
-2.985454
