-2.897885 -2.937734 -2.891629 -2.90909 -3.006997
-2.891183 -2.908256 -2.926569 -2.95832 -2.891193
-2.890707 -2.877433 -2.991108 -2.669953 -2.959758
-3.161604 -3.043478 -2.839955 -2.942428 -3.000031
-3.044619 -2.957008 -3.036934 -2.996987 -3.021066
-2.837466 -3.050409 -2.896287 -3.097303 -3.082144
-3.143505 -2.962901 -3.005235 -3.08112 -2.942591
-2.933397 -3.012573 -2.986837 -2.918274 -3.056251
-3.016492 -2.984845 -2.950872 -3.072208 -3.001029
-3.109239 -3.10358 -2.935873 -3.047043 -2.91256
-2.891284 -3.003425 -3.011319 -2.959947 -3.03334
-3.101761 -3.035345 -3.03459 -2.909032 -2.910403
-3.028336 -3.010453 -2.816735 -3.092327 -3.020166
-2.918565 -3.067023 -2.94506 -2.822983 -2.974771
-3.165951 -2.952139 -2.951658 -2.909792 -3.017718
-3.061497 -3.065344 -2.907744 -3.047888 -3.166692
-2.943141 -3.009851 -3.028266 -3.075373 -3.18223
-3.068866 -2.942781 -3.022709 -2.921373 -3.033271
-3.047364 -2.991611 -2.963451 -3.045921 -2.939405
-2.893319 -3.055774 -2.91776 -2.931002 -3.022979
-3.075635 -2.75279 -3.150861 -3.054671 -2.98927
-2.982804 -2.993216 -3.002318 -3.00297 -3.071284
-3.068103 -3.095306 -3.007034 -3.069293 -3.061194
-3.062361 -2.982401 -2.946454 -2.89214 -3.024571
-3.048873 -2.982124 -3.028156 -2.979409 -3.228036
-2.968825 -3.061692 -3.011376 -2.868729 -2.968076
-2.925271 -3.020631 -3.020378 -2.945604 -2.909217
-3.088945 -2.880157 -3.016804 -3.042201 -2.865927
-2.990586 -3.023418 -3.045308 -3.142743 -3.007328
-3.050358 -2.985575 -2.926817 -2.861489 -3.03689
-3.129852 -2.883207 -2.911857 -2.960439 -2.993214
-3.053915 -3.000113 -2.91558 -3.09235 -3.065875
-3.005593 -3.039892 -2.995865 -3.094197 -3.058445
-2.989822 -3.025593 -3.07923 -2.929303 -3.05829
-2.921807 -3.085358 -3.119852 -3.183221 -2.943895
-2.988516 -2.953111 -2.911379 -3.045668 -3.132438
-3.172439 -2.95956 -3.071974 -2.977551 -2.891328
-2.954943 -3.002687 -3.008608 -2.977875 -3.111032
-2.92099 -2.982016 -3.053913 -2.910214 -3.054932
-3.038833 -2.840378 -3.006646 -3.075186 -3.025637
-2.922154
