-2.996017 -3.019404 -3.047306 -3.031665 -3.037235
-2.99694 -3.058032 -3.026398 -3.029537 -3.012335
-3.011828 -2.996113 -3.001904 -3.021189 -2.998792
-3.018852 -2.977349 -3.019338 -3.051451 -2.998008
-2.832092 -2.992068 -2.994207 -3.023496 -2.993307
-3.003012 -2.970405 -3.028454 -2.980901 -2.966546
-2.978271 -2.992919 -2.888969 -3.031561 -3.062803
-3.011252 -3.032609 -3.025879 -2.87504 -3.0173
-2.974831 -3.004168 -2.938843 -3.009427 -3.02276
-2.996947 -3.014674 -3.007027 -3.000036 -2.956494
-2.980852 -3.027721 -2.978503 -2.846984 -2.942182
-3.010555 -2.961729 -3.036 -3.017793 -3.014601
-3.014097 -3.009802 -2.880756 -3.042978 -2.958322
-3.03044 -3.011912 -2.843443 -2.998759 -3.013214
-3.005285 -3.030894 -3.015158 -2.973809 -3.037952
-2.993623 -2.990846 -3.004443 -3.042054 -2.952983
-2.981245 -2.993171 -3.029518 -2.994409 -3.016436
-3.008886 -3.040584 -3.015178 -2.988728 -3.013921
-3.059857 -2.987061 -2.991377 -2.994707 -2.959387
-2.861939 -3.01458 -3.046541 -2.926321 -2.972139
-3.005592 -2.978721 -2.996395 -2.998973 -3.006813
-2.843335 -2.994972 -2.978573 -2.979227 -3.039707
-2.980797 -3.049868 -3.017785 -2.848421 -2.980147
-3.036115 -3.021491 -2.945284 -2.911079 -3.009511
-3.002962 -2.978595 -2.762494 -2.996416 -3.012427
-2.879583 -3.027972 -2.877357 -2.935879 -2.881941
-3.005374 -2.908535 -2.959104 -3.006111 -2.874321
-2.900081 -3.009179 -2.959449 -2.961464 -2.975787
-3.002329 -3.008319 -2.977379 -2.982339 -2.998706
-3.00859 -3.018178 -2.930806 -3.022525 -2.923811
-3.013147 -2.998546 -3.013037 -3.036707 -2.990671
-3.005985 -2.902209 -2.990654 -2.884724 -2.995731
-2.99186 -3.036647 -3.002078 -2.968367 -3.000116
-3.005229 -2.019755 -2.028924 -2.999116 -2.944032
-3.004892 -2.998874 -3.039374 -3.03801 -3.052513
-2.967385 -3.0229 -3.008013 -2.969112 -3.012883
-2.985078 -3.028647 -2.868252 -3.005968 -3.019179
-3.016607 -2.871823 -3.025109 -3.00077 -2.870504
-3.01015 -3.023045 -3.024276 -3.031204 -2.885024
-3.016588 -3.009415 -3.017797 -2.989716 -2.990937
-3.044224
