-3.024813 -3.005804 -3.064379 -3.043243 -3.06467
-2.987592 -3.022188 -3.027744 -3.068956 -3.026825
-3.000801 -3.05135 -2.90529 -3.050159 -2.994652
-3.025699 -3.027618 -3.011691 -2.923805 -2.8829
-2.870498 -2.947768 -2.962929 -3.047709 -2.995796
-3.063342 -3.010924 -3.004064 -3.021086 -3.04919
-2.984747 -3.038544 -3.071016 -2.955919 -2.988173
-3.036631 -3.065178 -3.086391 -3.027493 -1.970796
-3.056358 -2.915073 -2.982367 -3.021639 -3.046869
-2.005323 -3.030546 -3.089502 -3.054131 -3.036331
-3.058968 -2.91223 -3.046386 -3.084886 -3.043898
-3.048936 -3.048632 -3.04078 -3.097435 -2.989982
-3.044766 -3.039689 -3.052881 -3.056701 -3.02046
-3.052803 -3.084036 -3.077537 -3.059684 -3.045921
-3.033904 -3.069659 -2.957473 -2.043761 -2.922411
-3.045354 -3.035414 -3.046116 -3.01926 -2.924013
-3.044737 -2.976007 -2.900198 -2.894319 -3.041949
-3.080132 -2.947455 -2.984551 -3.076487 -3.070815
-3.048126 -3.068243 -3.063481 -3.031763 -3.06771
-3.056774 -3.046118 -2.992697 -3.026035 -2.950175
-3.048483 -2.738962 -2.98589 -3.038774 -3.030785
-3.020315 -2.978599 -3.024575 -2.965799 -3.051166
-3.083576 -2.900913 -3.013482 -3.067239 -3.03529
-2.879622 -2.894772 -3.070941 -3.054957 -3.007732
-3.041534 -2.902957 -3.009471 -2.931123 -2.948851
-2.889509 -2.917286 -3.02633 -3.06024 -2.932665
-2.881062 -3.027852 -2.949415 -3.058745 -3.08417
-2.856204 -3.047292 -2.952435 -3.054698 -3.02027
-2.863383 -3.052097 -3.055237 -3.056856 -3.02791
-3.007117 -2.985018 -3.019775 -2.967962 -3.048666
-2.929113 -3.045436 -3.057042 -3.016855 -3.045966
-3.011834 -3.01904 -3.054388 -3.020312 -2.898248
-3.060481 -3.0431 -3.067688 -3.007072 -3.018301
-2.982754 -3.040601 -2.917866 -3.024566 -3.052882
-3.01096 -3.062365 -3.038088 -2.82565 -3.060774
-3.057486 -3.027784 -3.057139 -3.042593 -2.905504
-2.990665 -3.075081 -2.983799 -3.084865 -3.038517
-2.943184 -3.028534 -3.065143 -3.030542 -3.050997
-3.04819 -3.02047 -3.091972 -2.98999 -3.063434
-3.051849 -3.056334 -3.061711 -3.026603 -3.047265
-3.033251
