-2.97411 -2.960624 -2.935961 -2.947917 -2.962438
-3.002712 -2.988782 -2.976762 -2.948527 -2.921521
-2.914038 -2.955471 -2.920827 -2.877674 -2.994374
-2.836031 -3.013157 -2.960409 -3.094478 -2.737147
-2.88393 -2.925953 -3.052881 -3.046867 -3.008868
-2.98755 -2.913619 -2.979272 -3.06929 -2.908274
-2.937819 -2.803794 -3.090284 -2.965969 -3.021803
-3.038183 -3.016947 -2.956413 -2.727534 -3.003779
-3.048264 -3.04515 -3.042868 -2.841318 -2.985502
-3.012693 -2.87046 -2.990844 -2.843754 -2.990088
-2.96346 -2.973147 -2.998755 -2.96315 -2.980197
-2.984776 -2.971959 -2.982609 -2.904158 -2.997351
-2.990666 -2.942283 -2.997424 -2.996644 -3.001217
-3.013501 -2.94858 -3.029371 -3.003275 -3.011171
-2.903259 -2.977069 -2.863601 -2.914883 -2.889729
-2.996014 -2.810272 -3.003984 -2.939357 -2.858525
-2.984633 -2.990681 -2.970207 -2.948485 -2.959398
-3.028692 -2.898028 -2.95169 -3.02173 -2.923577
-2.982978 -3.013683 -2.926358 -3.074479 -2.948243
-2.972733 -2.969326 -2.950831 -3.008859 -2.964648
-2.982087 -2.972077 -3.003842 -3.010279 -2.843047
-2.973295 -2.967288 -2.916793 -2.983849 -2.904956
-3.009228 -2.996182 -2.994665 -3.000021 -2.94509
-3.050001 -2.898205 -3.006247 -3.018511 -3.025106
-2.976343 -3.032274 -3.015764 -2.928195 -2.976954
-2.948356 -2.935314 -3.036021 -2.946056 -3.021063
-2.980416 -2.730542 -2.965822 -3.004687 -3.012829
-2.708221 -3.065733 -2.946274 -2.829714 -2.987381
-2.984994 -3.048831 -2.903777 -2.91692 -3.025314
-3.060916 -2.923285 -2.989491 -2.981864 -2.982964
-2.926155 -2.974024 -3.031834 -2.940279 -2.852027
-2.976481 -2.950779 -2.880487 -2.975919 -2.798363
-2.93629 -3.032316 -2.969964 -2.846803 -3.023931
-3.030729 -2.988085 -2.998283 -2.988225 -2.883345
-2.98071 -2.974332 -3.028141 -3.030031 -2.987568
-2.961016 -2.931671 -2.973292 -3.000616 -2.946517
-3.01957 -2.9069 -3.023669 -2.984908 -3.008186
-2.018084 -2.937405 -2.97577 -3.029121 -2.992599
-2.946371 -2.961045 -2.984907 -2.997117 -3.010857
-3.115539 -2.889156 -3.080627 -3.01862 -2.972537
-2.94997
