-2.89729 -3.064871 -2.873645 -2.867389 -2.967813
-2.939395 -2.903342 -3.07976 -2.890419 -3.092122
-2.96886 -2.927061 -2.911548 -2.90681 -2.836678
-2.824157 -2.948862 -2.966913 -2.90371 -2.981374
-2.887573 -2.92176 -2.930731 -3.03074 -2.934698
-3.010274 -2.919375 -2.944451 -2.951548 -2.84201
-3.025194 -2.901556 -2.927084 -2.999517 -2.759644
-3.018469 -2.856663 -3.058071 -2.885617 -2.906328
-2.86516 -2.981579 -3.111615 -2.936848 -2.895382
-2.909261 -2.957329 -3.008539 -2.985761 -2.967209
-3.065592 -2.873785 -2.88767 -2.851743 -3.086201
-3.077418 -2.914374 -3.11703 -2.992374 -3.145057
-2.991693 -2.837839 -2.851024 -2.798305 -2.919616
-2.967044 -2.919792 -3.014223 -3.040399 -2.970207
-2.956677 -3.037104 -3.071131 -3.033409 -2.826574
-3.066405 -2.823404 -3.050641 -2.98328 -2.942542
-3.14101 -3.015035 -3.087789 -2.961842 -3.012964
-3.034395 -3.040113 -2.943084 -2.983992 -2.86073
-2.924987 -2.996521 -2.865015 -3.042714 -3.102673
-2.940049 -3.097896 -2.814297 -3.129825 -3.078352
-2.947873 -2.981366 -2.928892 -3.197561 -2.857546
-2.974439 -2.928263 -2.967704 -3.065972 -2.996681
-2.936834 -3.063024 -3.032007 -2.894398 -3.044595
-2.938759 -3.03534 -3.004256 -3.029133 -3.063524
-2.900105 -2.84334 -2.935919 -3.14631 -2.824233
-2.991155 -3.036127 -2.852326 -3.097552 -2.981102
-2.895548 -2.889074 -3.052419 -3.112229 -3.031422
-2.852033 -2.962467 -3.071423 -3.096291 -2.889123
-3.008779 -2.920963 -2.903168 -2.955552 -2.928035
-3.00938 -2.840933 -2.969885 -2.870027 -3.157439
-2.912223 -2.966254 -2.928841 -3.059528 -2.993046
-2.89854 -3.106974 -3.214136 -3.085552 -2.867437
-2.931877 -2.937927 -2.841496 -2.811393 -2.848533
-2.894905 -2.968562 -3.047653 -3.005225 -2.934242
-3.059957 -3.064706 -3.14063 -2.937349 -2.956912
-3.034535 -2.897707 -2.925049 -2.95168 -2.937522
-2.881145 -3.050444 -2.837993 -3.006303 -3.116405
-2.997998 -2.900826 -2.907062 -2.991412 -3.115735
-2.940356 -2.981417 -2.852319 -2.809587 -2.913958
-3.162546 -3.047523 -2.913758 -3.147959 -3.008541
-2.952645
