-2.981636 -2.849538 -3.011581 -3.043147 -2.99485
-3.015337 -2.968619 -2.986265 -2.964876 -2.992663
-2.982421 -2.964269 -2.975568 -3.001569 -3.024268
-2.985724 -2.991691 -3.041134 -2.992771 -3.021385
-2.982324 -2.847446 -2.891328 -2.986914 -2.98863
-2.967345 -2.990438 -2.999573 -2.845111 -2.868269
-3.025451 -2.980587 -2.989226 -3.02294 -3.012998
-2.978259 -2.986937 -3.003195 -3.02326 -3.010909
-3.009006 -3.029091 -2.986381 -2.992691 -2.978432
-3.012549 -2.989929 -3.002449 -2.965498 -3.003543
-2.99196 -3.017204 -3.005917 -3.043578 -2.998606
-3.010343 -3.002131 -2.981969 -2.970779 -3.007145
-3.013348 -3.022619 -3.041232 -2.960765 -3.005795
-2.908646 -3.027257 -3.011067 -2.991993 -3.029909
-2.979215 -3.007658 -3.009102 -3.017912 -3.018157
-2.974862 -2.982893 -3.006607 -2.965091 -2.980842
-2.996331 -2.994991 -2.986076 -3.004927 -3.008066
-3.013626 -3.019285 -2.963513 -2.982618 -2.974542
-2.973057 -3.076035 -2.974121 -3.004962 -2.980236
-2.965711 -2.996413 -2.996491 -2.993054 -2.975586
-2.997194 -3.015651 -2.993399 -3.015606 -3.028913
-2.85425 -3.038968 -2.961302 -3.022437 -2.977064
-2.990413 -2.901727 -3.010973 -2.991594 -2.995209
-3.029428 -2.106478 -2.991229 -2.901089 -3.032245
-2.997706 -2.973111 -3.017436 -3.006536 -2.873936
-3.026776 -3.009809 -3.048049 -3.047938 -3.031345
-3.012159 -2.850925 -2.967686 -2.99117 -2.971512
-3.016429 -2.978144 -2.975399 -3.026248 -2.995794
-3.005043 -3.005321 -3.064252 -3.020754 -2.966397
-3.031456 -3.029093 -2.89754 -2.992741 -2.986423
-2.96296 -2.984675 -3.008689 -2.952797 -3.033511
-3.022096 -3.003844 -2.975268 -3.004558 -2.986131
-3.011366 -2.989761 -2.992048 -2.994221 -2.979429
-2.993979 -3.005893 -2.873592 -3.015011 -2.963317
-2.999712 -2.99243 -2.996042 -3.014104 -2.987549
-3.026151 -2.9634 -2.981564 -3.000565 -2.985564
-2.945776 -3.028234 -2.970476 -3.013849 -2.998175
-2.959889 -2.995532 -3.013524 -3.000693 -2.866076
-2.964685 -2.965266 -3.023051 -3.011553 -3.008769
-2.997488 -2.978644 -3.001078 -2.984335 -2.999752
-2.993769
