-2.979805 -3.326601 -3.135323 -3.212918 -3.345617
-3.152694 -3.961176 -3.224565 -3.712739 -3.660209
-3.19951 -4.020198 -3.498311 -3.172946 -3.702671
-3.593245 -3.691159 -3.304416 -3.394055 -3.143373
-3.17821 -3.220981 -3.444513 -3.231049 -3.228345
-3.52804 -3.470978 -3.454964 -3.627596 -3.370104
-3.518567 -3.536424 -3.78822 -3.492518 -3.270672
-3.335628 -3.267104 -3.650172 -3.285049 -3.513324
-3.90567 -3.666502 -3.220845 -3.146008 -3.511576
-3.577473 -3.348305 -3.434717 -3.364667 -3.242102
-3.862962 -3.584518 -3.309991 -3.255832 -3.466687
-3.828888 -3.595418 -3.27927 -3.080811 -3.46156
-3.292379 -3.362635 -3.745253 -3.246855 -3.495969
-3.270747 -3.425215 -3.627777 -3.423131 -3.210269
-3.420875 -3.421938 -3.799858 -3.620369 -3.257711
-3.506466 -3.628642 -3.353959 -4.083041 -3.417406
-3.182382 -3.234987 -3.20943 -3.244249 -3.4723
-3.70715 -3.460206 -3.314412 -3.338879 -3.12858
-3.194152 -3.46474 -3.668959 -3.346088 -3.40679
-3.483369 -2.608976 -3.115355 -3.289732 -3.527254
-3.195268 -3.316443 -3.444966 -3.98837 -3.390538
-3.624377 -3.249158 -3.178837 -3.277991 -3.811851
-3.351707 -3.199072 -3.105075 -3.298859 -3.264768
-3.425065 -3.368096 -3.60955 -3.575539 -3.297391
-3.272093 -3.210729 -3.121893 -3.316132 -3.166532
-3.433655 -3.490662 -3.47739 -3.428081 -3.743779
-3.318042 -3.28478 -3.341262 -3.314749 -3.754187
-3.370648 -3.296833 -3.217419 -3.318348 -3.246063
-3.521602 -3.25646 -3.483257 -3.606227 -3.428763
-3.583244 -3.572168 -3.388131 -3.372018 -3.402362
-3.712153 -3.782262 -3.335594 -3.418785 -3.522066
-3.702349 -3.791369 -3.230798 -3.444234 -3.379726
-3.490254 -3.741379 -3.436318 -3.784734 -3.29287
-3.484788 -3.477021 -3.029813 -3.57397 -3.452514
-3.970336 -3.416894 -3.03472 -3.516977 -3.502783
-3.42027 -3.469212 -3.110967 -3.108463 -3.549975
-3.331207 -3.255004 -3.314896 -3.094517 -3.123028
-3.422214 -3.407284 -3.506531 -3.1835 -3.241946
-3.399367 -3.936437 -3.112603 -3.286808 -3.100249
-3.184416 -3.338279 -3.330216 -3.079445 -3.671624
-3.218634
