-2.948355 -2.734147 -2.958411 -2.955783 -2.95093
-2.949846 -2.974866 -2.850379 -2.914105 -2.900724
-2.912368 -2.97045 -2.959142 -2.95092 -2.958315
-2.92925 -2.879769 -2.934155 -2.985257 -2.928977
-2.956757 -2.952765 -2.915181 -2.98711 -2.888549
-2.936496 -2.960079 -3.008593 -2.891198 -2.981816
-2.909179 -2.886844 -2.95524 -2.936031 -2.815242
-3.003242 -2.899716 -2.93874 -2.963144 -2.940481
-2.92976 -2.912636 -2.933211 -2.891497 -2.919406
-2.887669 -2.914186 -2.958948 -2.917973 -3.006115
-2.955342 -2.961853 -2.958595 -2.893178 -2.890306
-2.931663 -3.00158 -2.972219 -2.943438 -3.014254
-2.848147 -2.978748 -2.938882 -2.900837 -2.96724
-2.930932 -2.959099 -2.973784 -2.987835 -2.939019
-2.968361 -2.935908 -2.930027 -2.999523 -2.957882
-2.936138 -2.969792 -2.948368 -2.98866 -2.82247
-2.904191 -2.94933 -2.980996 -2.982184 -2.895416
-2.9391 -2.976931 -2.925372 -2.984403 -2.947904
-2.95789 -2.830732 -2.98694 -2.927306 -2.88903
-2.943322 -2.968489 -2.805733 -2.946013 -2.939258
-2.837304 -2.970292 -2.954481 -2.96023 -2.919776
-2.937962 -2.943189 -2.98211 -2.961469 -2.905153
-2.891001 -3.004613 -2.960026 -2.929981 -2.944
-2.94149 -2.948024 -2.974178 -2.917262 -2.986696
-2.969082 -2.900309 -2.789391 -2.939379 -2.964661
-2.956255 -2.832794 -2.893003 -2.948766 -2.950381
-2.939703 -2.937272 -2.890092 -2.840532 -2.751912
-2.940582 -2.93296 -2.843639 -2.974074 -2.962597
-2.934336 -3.002669 -2.90696 -2.9477 -2.963971
-2.946645 -2.92434 -2.944359 -2.972264 -2.967528
-2.914783 -2.921859 -3.006609 -2.98283 -2.915802
-2.940156 -2.970269 -2.94849 -2.977374 -2.97582
-2.939537 -2.982493 -2.903218 -2.953371 -2.958002
-2.965056 -2.984101 -2.986384 -2.89802 -2.986553
-2.972437 -2.950254 -2.961884 -2.937679 -2.924238
-2.955819 -2.938299 -2.882563 -2.971071 -2.949963
-2.859522 -2.912596 -2.88405 -2.92212 -2.833328
-2.895939 -2.950367 -2.947101 -2.901193 -2.942506
-2.985859 -2.922512 -2.970378 -2.942626 -2.961402
-2.877757 -2.906138 -1.946489 -2.969589 -2.982606
-2.975854
