-2.925092 -2.907748 -2.933005 -2.899429 -2.965762
-2.89954 -2.975657 -2.911931 -2.916219 -2.814052
-2.958521 -2.924621 -2.950087 -2.979277 -2.949045
-2.966547 -2.95847 -2.897266 -2.901177 -2.938081
-2.869585 -2.907136 -2.931331 -2.925455 -2.913203
-2.935969 -2.915787 -2.950539 -3.002004 -2.951582
-2.972546 -2.911618 -2.969492 -2.884277 -2.922915
-2.916552 -2.981212 -2.894484 -2.980212 -2.938334
-2.800697 -2.941821 -2.952783 -2.955339 -2.97588
-2.964748 -2.951588 -2.935658 -2.923475 -2.956014
-2.926085 -2.913543 -2.940715 -2.939795 -2.943077
-2.93121 -2.950476 -2.930414 -2.920165 -2.889737
-2.961701 -2.925613 -2.907198 -2.876256 -2.957479
-2.691742 -2.971201 -2.947388 -2.943344 -3.025719
-2.873046 -2.92584 -2.93782 -2.967055 -2.949608
-2.935547 -2.923596 -2.836814 -2.776023 -2.800021
-2.938442 -2.893059 -2.934518 -2.944261 -2.942414
-2.810477 -2.934786 -2.9667 -2.920097 -2.958285
-2.79752 -2.951796 -2.948838 -2.94816 -2.937088
-2.957369 -2.931754 -2.830369 -2.934081 -2.928115
-2.922873 -2.965183 -2.91164 -2.936361 -2.912112
-2.872035 -2.912566 -2.92344 -2.883293 -2.979495
-2.906766 -2.81103 -2.898765 -2.880599 -2.927448
-2.955095 -2.913223 -2.899671 -2.917914 -2.787534
-2.983221 -2.971763 -2.942047 -2.937866 -2.957019
-2.926331 -2.969906 -2.977935 -2.835693 -2.983486
-2.879496 -2.937042 -2.935099 -2.954487 -2.929536
-2.962092 -2.952222 -2.956254 -2.877948 -2.918808
-2.947512 -2.926975 -2.98883 -2.86523 -2.940387
-2.855514 -2.929647 -2.788084 -2.916273 -2.946183
-2.939236 -2.905039 -2.969518 -2.916599 -2.957447
-2.941096 -2.927235 -2.811553 -2.917815 -2.912097
-2.886212 -2.951849 -2.873886 -2.993132 -2.768881
-2.958881 -2.94473 -2.970183 -2.93957 -2.956394
-2.915469 -2.986032 -2.95638 -2.960867 -2.890684
-2.859422 -2.945453 -2.878141 -2.979003 -2.939677
-2.989431 -2.854428 -2.97446 -2.976159 -2.922749
-2.958543 -2.951159 -2.512676 -2.836177 -2.945819
-2.939016 -2.897713 -2.953754 -2.955635 -2.009539
-2.942939 -2.93953 -2.904355 -2.975032 -2.90869
-2.947519
