-2.97904 -3.014322 -2.971477 -2.993327 -3.048232
-2.990289 -2.977373 -2.94034 -2.986209 -3.019625
-2.996961 -2.899295 -3.03426 -2.903912 -2.983717
-2.95878 -3.025255 -3.03496 -2.984329 -2.985987
-3.026819 -2.873578 -2.969234 -3.000221 -2.967862
-2.964803 -2.867608 -2.962878 -2.891594 -2.919076
-2.96765 -2.996599 -2.980064 -2.939861 -3.005853
-3.031961 -2.975407 -3.020008 -2.986398 -2.998978
-2.940805 -2.974693 -3.037921 -3.023817 -2.99474
-3.024882 -3.030786 -2.985001 -3.016519 -2.938837
-2.996214 -3.049624 -3.035157 -2.952543 -2.961057
-2.848546 -3.015855 -3.007193 -3.017948 -2.992635
-2.943576 -2.962043 -2.976149 -2.995682 -2.990692
-3.011139 -3.023788 -2.907883 -2.960553 -2.936949
-3.021433 -3.058437 -3.022161 -3.003491 -2.989683
-2.997255 -3.005115 -2.850412 -2.844977 -2.96295
-2.989841 -2.964209 -2.975292 -2.890715 -2.893085
-2.951562 -2.956356 -3.020494 -3.010168 -2.914449
-2.97459 -3.054567 -2.940285 -3.056677 -2.986703
-3.005168 -3.028304 -2.955345 -2.953845 -2.855451
-2.989216 -3.016006 -3.04713 -3.015756 -2.951274
-2.815938 -2.994213 -2.895478 -2.844999 -3.020471
-3.005557 -3.032172 -2.959228 -2.960472 -3.015451
-2.998684 -2.97483 -3.000515 -3.032077 -3.002358
-3.007062 -3.01533 -3.000418 -2.945352 -2.980884
-2.962258 -3.01053 -2.955431 -2.976209 -3.023569
-3.056229 -2.989695 -2.948998 -3.026155 -3.023938
-2.951718 -2.931261 -3.000689 -2.935038 -2.987908
-3.027935 -3.016966 -2.984011 -2.944616 -2.83947
-2.964142 -2.99061 -2.960982 -3.008825 -3.004901
-3.056979 -2.966068 -2.934316 -2.970801 -3.02324
-3.087459 -2.95522 -2.968234 -2.96293 -2.933679
-2.984597 -3.031516 -2.958459 -2.965077 -3.034934
-3.010955 -2.968044 -3.005131 -3.015479 -3.04065
-2.952354 -2.914303 -3.025769 -2.972763 -2.982979
-3.015907 -3.008163 -3.037146 -3.003282 -2.994277
-2.996232 -2.949072 -2.969135 -2.96319 -2.947946
-3.009038 -3.000836 -2.982865 -2.907296 -3.001584
-2.952165 -3.042637 -2.88233 -2.977792 -2.967812
-2.976366 -2.998982 -2.970643 -3.015449 -3.044854
-3.036581
