-2.940109 -2.970342 -2.931148 -2.907399 -2.95248
-2.937374 -2.976529 -2.926268 -2.835509 -2.958173
-2.983498 -2.970167 -2.945713 -2.947698 -2.951287
-2.934489 -2.963785 -2.987062 -2.946794 -2.97637
-2.958961 -2.979773 -2.970974 -2.95029 -2.910606
-2.958071 -2.946338 -2.916747 -2.999254 -2.957587
-2.951887 -2.953586 -2.948036 -2.937311 -2.924947
-2.967712 -2.020506 -2.950385 -2.90206 -2.95309
-2.960616 -2.957077 -2.956903 -2.944784 -2.812806
-2.9674 -2.961543 -2.958808 -2.928217 -2.942169
-2.919459 -2.798491 -3.011031 -2.940037 -2.948575
-2.956568 -2.95875 -2.963721 -2.980277 -2.988289
-2.961335 -2.986492 -2.951606 -2.881799 -2.938528
-2.949599 -1.928307 -2.948478 -2.947582 -2.95686
-2.953937 -2.96187 -2.952128 -2.983066 -2.856212
-2.963879 -2.929472 -2.053584 -2.959975 -2.964247
-2.963096 -2.966785 -2.99082 -2.940314 -2.962372
-2.970695 -2.946444 -2.927252 -2.96695 -2.959971
-3.004661 -2.958737 -1.999933 -2.963571 -2.955959
-2.842652 -2.91151 -2.929649 -2.946836 -2.906786
-2.847489 -2.999053 -2.964608 -2.924184 -2.94686
-2.909929 -2.965171 -2.949384 -2.84686 -2.944592
-2.95463 -2.947729 -2.968914 -2.917259 -2.813456
-2.986199 -2.786448 -2.951053 -2.944442 -2.971484
-2.933777 -2.96784 -2.984856 -2.979164 -2.982146
-2.893734 -2.948153 -2.97818 -2.958683 -2.970371
-2.91812 -2.939463 -2.983859 -2.941509 -2.949657
-2.952546 -2.947515 -2.940885 -2.93448 -2.946723
-2.892892 -2.935207 -2.956673 -2.913706 -2.912217
-2.953922 -2.955193 -2.943511 -2.974688 -2.930711
-2.943566 -2.963477 -2.999561 -2.933028 -2.960984
-2.961561 -2.887488 -2.847009 -2.933606 -2.960755
-2.968885 -2.960057 -2.948388 -2.96804 -2.945405
-2.963324 -2.916439 -2.837813 -2.961811 -2.93963
-2.941127 -2.968108 -2.965075 -2.955508 -2.95382
-2.991737 -2.943307 -2.942874 -2.970086 -2.944961
-2.966498 -2.995224 -2.928488 -2.953693 -2.975026
-2.940939 -2.898422 -2.95938 -2.952151 -2.917632
-2.926778 -2.959785 -3.006294 -2.937034 -2.980115
-2.936557 -2.94281 -2.924174 -2.924792 -3.001496
-2.992419
