-2.976724 -3.023681 -2.979087 -2.940134 -2.986728
-2.869498 -2.999504 -2.974463 -3.003019 -3.049347
-3.017261 -3.022126 -3.020583 -2.979832 -2.979291
-2.975845 -2.988952 -3.030656 -2.999684 -2.980396
-2.974849 -2.910401 -3.020603 -3.009407 -3.015436
-2.989767 -3.012137 -2.942537 -2.932557 -2.971622
-2.98288 -3.024828 -2.960799 -2.884305 -3.02979
-2.850142 -2.998161 -3.026137 -3.00095 -3.020284
-3.017693 -3.020069 -3.011888 -2.962439 -2.897156
-3.019215 -2.966835 -3.00306 -2.983765 -3.010402
-3.013375 -3.012368 -2.969166 -2.990387 -3.016137
-2.989731 -3.011342 -2.986912 -2.02925 -3.026121
-2.989334 -2.989896 -3.013883 -2.990863 -2.863929
-3.009647 -2.975088 -3.0291 -3.014074 -3.031951
-3.021376 -3.003776 -2.841137 -2.950601 -2.946306
-2.975611 -2.84609 -3.00058 -2.992496 -2.914102
-2.987459 -2.989462 -3.000064 -3.015809 -2.991525
-3.019492 -2.94171 -3.033799 -2.972796 -2.971269
-2.850424 -2.96847 -3.03458 -2.879081 -2.943012
-2.964301 -3.054134 -2.853462 -3.031492 -2.943283
-2.986128 -2.995749 -2.979602 -2.906817 -2.986193
-2.993028 -2.987992 -2.958231 -3.008245 -3.031567
-2.872619 -2.981164 -3.063063 -2.983732 -3.003462
-2.989124 -3.020469 -3.044618 -3.035987 -3.026263
-2.984421 -3.007992 -3.015016 -2.993811 -3.006564
-3.00673 -3.007107 -3.01724 -2.857966 -2.992206
-2.98482 -2.981998 -3.022426 -2.992633 -3.019237
-3.02902 -2.881645 -3.028459 -3.026044 -2.97258
-3.034124 -2.969836 -2.878961 -3.011488 -3.010144
-3.001282 -3.007965 -3.023697 -3.048464 -2.954664
-2.965097 -2.99161 -3.027573 -2.816669 -3.018947
-3.029834 -2.998866 -2.955053 -2.984224 -3.03757
-2.980367 -2.747881 -2.962851 -2.963574 -2.954108
-2.982779 -2.979706 -2.989209 -3.038603 -3.013501
-2.957733 -3.001438 -3.044462 -3.021718 -3.01311
-3.009516 -3.047806 -2.060883 -2.994603 -2.973719
-3.006373 -2.873463 -2.901948 -3.007853 -2.989814
-3.015154 -2.89944 -3.039727 -2.861365 -2.99785
-3.018039 -2.991157 -2.993051 -3.017466 -2.990681
-2.882139 -2.969263 -2.979871 -3.016286 -2.984938
-3.005995
