-3.00077 -2.899111 -3.012493 -3.050186 -2.967629
-3.004389 -2.863321 -3.033284 -2.992623 -3.014067
-3.027053 -2.883236 -3.009921 -3.040176 -3.027886
-3.000117 -3.047614 -3.02171 -3.012631 -3.021009
-3.033018 -2.991009 -2.998921 -2.889178 -2.877303
-3.037626 -2.789916 -3.009359 -3.017896 -3.031965
-3.028225 -2.888434 -2.913902 -3.00026 -3.017988
-2.984736 -2.99868 -3.009878 -2.960533 -2.99848
-3.002799 -2.946486 -3.011994 -3.014158 -3.00555
-3.012983 -3.006893 -3.012654 -3.015218 -3.011765
-2.990361 -2.969892 -2.980129 -3.028816 -3.020322
-3.025698 -3.018289 -2.931639 -2.9874 -3.000166
-2.897092 -3.009118 -2.973336 -2.897991 -2.96092
-2.885506 -2.99572 -2.982339 -3.025237 -2.879169
-3.00425 -3.024775 -2.997556 -3.033508 -2.898272
-3.015927 -2.877885 -3.007844 -3.043838 -3.026792
-3.021287 -3.040811 -3.013607 -2.986001 -3.018124
-2.984214 -3.002813 -2.982652 -3.012605 -3.004707
-3.023036 -2.993998 -2.993899 -2.99173 -3.041213
-2.981899 -3.003085 -3.032758 -2.997199 -3.000128
-2.99099 -2.992593 -3.031531 -3.031704 -2.994702
-2.981874 -3.031075 -3.008845 -3.012616 -2.989255
-3.026465 -3.01474 -3.02793 -2.989416 -2.993987
-3.026601 -2.993211 -3.017931 -2.000703 -2.993135
-3.033508 -2.954655 -3.045832 -3.025757 -3.020659
-3.071178 -3.047815 -3.011612 -3.009039 -2.866664
-3.021315 -2.959322 -3.019228 -3.014792 -2.979289
-2.966663 -3.046025 -2.121344 -3.0289 -3.020927
-2.967272 -3.061262 -2.892198 -3.006833 -2.981897
-3.029344 -3.024314 -3.011805 -2.939142 -2.983084
-3.023387 -3.003754 -2.985076 -3.049118 -2.974419
-3.009441 -2.907124 -3.007054 -2.984676 -3.018762
-2.989128 -3.00747 -3.036616 -3.019001 -2.893832
-2.996538 -2.963812 -2.984991 -2.852374 -3.015195
-3.019436 -2.999995 -3.013857 -2.986042 -3.040157
-3.015166 -3.002947 -3.030602 -3.041586 -2.888628
-3.038791 -3.036938 -3.000691 -2.995552 -3.008268
-2.101758 -3.027286 -2.99675 -2.941631 -3.044986
-3.027019 -2.99309 -3.019008 -3.02066 -3.073945
-3.032727 -2.862876 -3.045573 -3.018055 -2.991672
-3.008169
