-3.058952 -2.984766 -2.729943 -2.851351 -2.73963
-2.908418 -2.655887 -2.706828 -3.025983 -3.066733
-2.958149 -2.992619 -3.038972 -3.082564 -2.918375
-3.067729 -3.049417 -3.028228 -3.074324 -3.114319
-3.005374 -2.949908 -3.031462 -2.832578 -3.049498
-3.077261 -3.10537 -2.714106 -3.096764 -2.725789
-2.982368 -3.140511 -2.607056 -2.736977 -3.08428
-3.092753 -2.782327 -3.016065 -2.917747 -3.069307
-3.069035 -2.951273 -3.058091 -3.086127 -3.080619
-2.951243 -3.107729 -3.037995 -2.947193 -3.006405
-2.859929 -2.930021 -2.890355 -3.060656 -2.818674
-3.046552 -3.067591 -2.970408 -3.076735 -3.078711
-2.960592 -2.970502 -3.041308 -2.956131 -2.850105
-3.077882 -2.832285 -3.093061 -2.754929 -3.024714
-3.094786 -3.036419 -2.981304 -3.028275 -3.016533
-2.92276 -3.048553 -2.826312 -2.879552 -3.047774
-3.126334 -2.947479 -3.06706 -3.028748 -3.096645
-2.945808 -3.028827 -3.030064 -2.950766 -3.112313
-2.992541 -3.038497 -2.617189 -3.066134 -2.883118
-2.961878 -3.014449 -3.053537 -3.117418 -3.115744
-3.087281 -2.767019 -3.04239 -3.038053 -2.903547
-2.84774 -2.993782 -3.053743 -2.924885 -2.954696
-3.065712 -2.863725 -2.9204 -2.406696 -3.050834
-3.034587 -3.008283 -3.021773 -3.038522 -3.097974
-2.883978 -2.896345 -2.623552 -2.785486 -3.052106
-2.852461 -3.06473 -2.833532 -3.043449 -3.015237
-3.093319 -3.051822 -3.130562 -3.0026 -3.114733
-2.957119 -3.045289 -2.909872 -3.008037 -2.819802
-3.001922 -2.69577 -2.666157 -3.051216 -3.031383
-3.083094 -3.015101 -2.937575 -2.681079 -3.091554
-2.86649 -2.955196 -2.942461 -3.062055 -2.971373
-2.822828 -2.534925 -3.07947 -3.026763 -3.049214
-3.01542 -3.05415 -3.037041 -3.002585 -3.11178
-3.046204 -2.991845 -3.019733 -2.73787 -2.98882
-3.054832 -2.855842 -2.757597 -2.72606 -2.811161
-2.9688 -2.981186 -3.081867 -3.0095 -2.920358
-3.041758 -2.934509 -3.011162 -3.073832 -3.106409
-3.029351 -3.078354 -3.043513 -3.056698 -3.018107
-3.060694 -3.118177 -3.074814 -3.040192 -2.99072
-3.028445 -3.038071 -2.861883 -3.106836 -2.885105
-3.039476
