-2.959865 -2.990998 -2.956829 -2.944616 -2.986557
-2.947508 -2.961699 -2.955054 -1.970213 -2.959061
-2.971459 -2.975868 -2.964837 -2.93532 -2.96794
-2.970272 -2.827482 -2.954444 -2.696272 -2.961337
-3.024792 -2.938252 -2.998848 -2.926363 -3.009996
-3.003966 -2.851665 -2.95311 -2.960939 -2.923409
-2.939539 -2.921946 -2.996008 -2.98686 -2.95762
-2.994593 -2.971829 -2.8113 -2.910459 -2.971734
-2.943007 -2.932727 -2.953052 -2.979829 -2.92319
-2.959567 -2.98959 -2.987519 -2.975729 -2.997404
-2.961031 -2.947418 -2.922437 -2.955722 -3.022668
-2.987949 -2.961542 -2.974709 -2.982005 -2.988169
-2.983958 -3.010907 -2.953854 -2.958571 -2.966259
-2.929605 -2.936412 -2.951857 -2.84546 -2.828507
-2.978899 -2.992967 -2.927648 -2.959746 -2.858352
-2.977321 -2.958682 -2.930563 -2.971161 -2.84634
-2.975614 -2.905023 -2.971462 -2.951077 -2.959231
-2.96247 -2.960584 -2.849498 -2.94712 -2.94152
-2.840888 -2.973876 -2.972146 -2.86963 -3.003076
-2.992682 -2.966688 -2.991479 -2.98193 -2.997225
-2.986869 -3.013205 -2.953551 -2.924405 -2.95714
-2.959123 -2.969089 -2.961379 -2.984442 -2.910128
-2.945161 -2.980706 -2.845651 -2.978218 -2.921621
-2.950472 -2.969593 -2.944336 -2.949978 -2.98411
-2.968449 -2.981481 -2.952326 -2.848629 -2.816495
-2.94157 -2.931651 -2.987113 -2.846241 -2.974585
-2.841114 -3.007856 -3.012161 -2.968059 -2.857867
-2.983944 -2.993677 -2.978539 -2.982754 -2.858709
-2.914778 -2.978449 -2.920993 -2.82744 -2.984777
-2.879446 -2.886995 -2.975191 -2.990248 -2.989494
-2.982893 -2.72569 -2.850182 -2.983678 -2.944268
-2.937193 -2.964005 -2.963409 -3.008413 -2.978003
-2.927835 -2.960359 -2.973204 -2.976489 -2.853584
-2.787004 -2.950435 -2.96795 -2.924591 -3.035435
-2.948556 -2.967724 -2.97643 -2.969409 -2.968619
-2.954332 -2.963571 -2.942373 -2.95462 -2.881412
-2.992301 -2.989264 -2.934174 -2.939392 -2.95248
-2.943782 -2.971958 -2.995769 -3.003774 -2.985886
-2.940282 -2.95115 -2.974316 -2.938728 -2.983532
-2.947257 -2.932399 -2.943933 -2.962114 -2.985598
-2.966631
