-2.909564 -2.815847 -2.771929 -2.888106 -2.892206
-1.970685 -2.944746 -2.867479 -2.919469 -2.896349
-2.893534 -1.931185 -2.919644 -2.770286 -2.923261
-2.88746 -2.945125 -2.936618 -2.931145 -2.928674
-2.936641 -2.892591 -2.898393 -2.942305 -2.95089
-2.951079 -2.892513 -2.773307 -2.923134 -2.912903
-2.892483 -2.945847 -2.877517 -2.954043 -2.802568
-2.885548 -2.918306 -2.808756 -2.953424 -2.890262
-2.936965 -2.921792 -2.902925 -2.79709 -2.930816
-2.90638 -2.926801 -2.832067 -2.904003 -2.871493
-2.895263 -2.934958 -2.789681 -2.915738 -2.945391
-2.884456 -2.930623 -2.905521 -2.950471 -2.903611
-2.893759 -2.915538 -2.943302 -2.922764 -2.935585
-2.793437 -2.912669 -2.816 -2.932059 -2.968313
-2.813295 -2.899707 -2.891044 -2.804357 -2.984574
-2.918961 -2.91869 -2.876799 -2.905826 -2.917964
-2.802123 -2.900883 -2.950219 -2.941964 -2.902966
-2.941154 -2.905118 -2.893067 -2.897846 -2.927847
-1.942849 -2.895561 -2.86937 -2.910673 -2.867048
-2.918556 -2.906089 -2.988449 -2.923595 -2.942557
-2.908656 -2.986855 -2.763261 -2.902947 -2.920939
-2.945282 -2.953419 -2.940894 -2.944202 -2.95402
-2.907227 -2.937592 -2.933515 -2.880499 -2.93953
-2.920361 -2.80273 -2.883591 -2.938018 -2.917166
-2.959509 -2.780604 -2.793153 -2.919089 -2.92315
-2.921614 -2.885577 -2.905451 -2.926423 -2.927523
-2.926248 -2.961182 -2.885551 -2.934622 -2.952196
-2.79736 -2.956941 -2.916908 -2.907361 -2.927333
-2.95262 -2.874579 -2.921469 -2.810447 -2.948309
-2.790189 -2.923491 -2.93308 -2.88287 -2.938606
-2.863192 -2.947885 -2.953855 -2.756493 -2.912965
-2.924227 -2.945534 -2.916243 -2.928528 -2.913862
-2.923394 -2.926577 -2.928856 -2.802321 -2.921751
-2.918065 -2.903348 -2.916777 -2.922884 -2.921546
-2.916487 -2.958521 -2.964655 -2.924815 -2.950821
-2.871163 -2.927023 -2.934326 -2.787147 -2.888537
-2.926092 -2.863317 -2.947474 -2.95832 -1.969191
-2.884378 -2.927824 -2.920516 -2.889279 -2.91272
-2.920286 -2.925281 -2.930858 -2.883328 -2.930124
-2.772994 -2.813586 -2.916631 -2.923584 -2.900639
-2.935432
