-2.946818 -2.958278 -2.970137 -2.963351 -2.952038
-2.964208 -2.945048 -2.968984 -2.965844 -2.933668
-2.940385 -2.975254 -2.953861 -2.962689 -2.854575
-2.993365 -2.99763 -2.943844 -2.956241 -2.961507
-2.96435 -2.954243 -2.965572 -2.862607 -2.96613
-2.962416 -2.969837 -2.970973 -2.949032 -2.944022
-2.963371 -2.913994 -2.944136 -2.959133 -2.923974
-2.94678 -2.956856 -2.940382 -2.959978 -2.929249
-2.942255 -2.962247 -2.934805 -2.940201 -2.820053
-2.954929 -2.948721 -2.983016 -2.962414 -2.965087
-2.952104 -2.958992 -2.928845 -2.830199 -2.986452
-2.969732 -2.945916 -2.949102 -2.927561 -2.973647
-3.001126 -2.824197 -2.923946 -2.944903 -2.936336
-2.947898 -2.952584 -2.9238 -2.982127 -2.974419
-2.963975 -2.847271 -2.970125 -2.933603 -2.966287
-2.952176 -2.950407 -2.964484 -2.972 -2.826083
-2.948458 -2.941177 -2.969966 -2.971841 -2.946871
-2.791609 -2.947517 -2.972404 -2.963247 -2.96451
-2.937928 -2.942082 -2.961802 -2.973808 -2.935828
-2.943147 -2.903623 -2.964812 -2.827994 -2.970385
-2.948403 -2.956223 -2.959556 -2.973721 -2.923081
-2.953321 -2.9785 -2.934353 -2.953048 -2.95291
-2.971703 -2.984159 -2.954021 -2.93978 -2.972265
-2.933745 -2.946641 -2.969433 -2.854103 -2.968179
-2.980505 -2.963518 -2.973214 -2.952542 -2.941352
-2.910074 -2.928359 -2.963644 -2.968795 -2.964074
-2.962042 -2.965425 -2.9558 -2.948239 -2.965318
-2.952098 -2.937839 -2.963309 -2.941681 -2.969267
-2.996925 -2.952081 -2.947561 -2.942836 -2.95399
-2.967392 -2.932794 -2.827826 -2.948993 -2.949047
-2.957064 -2.951706 -2.958801 -2.970391 -2.959007
-2.970435 -2.975057 -2.797076 -2.953054 -2.963585
-2.961848 -2.969802 -2.953314 -2.004655 -2.948543
-2.971834 -2.961811 -2.938908 -2.94422 -2.794154
-2.92984 -2.969109 -2.993793 -2.955949 -2.959826
-2.960201 -2.51362 -2.983876 -2.967428 -2.964264
-2.941942 -2.966626 -2.978139 -2.955777 -2.980523
-2.821662 -2.934241 -2.939768 -2.829516 -2.926619
-2.816302 -2.9735 -2.961861 -2.942095 -2.84188
-2.946239 -2.92315 -2.969721 -2.950221 -2.971278
-2.942993
