-3.010862 -3.043681 -3.040135 -3.062927 -3.062852
-3.043819 -3.036271 -3.014815 -3.048801 -3.024073
-2.994564 -3.09117 -3.03231 -3.044735 -2.897431
-3.03195 -3.04614 -3.048934 -3.030851 -3.011907
-3.033527 -3.033876 -1.952919 -3.022196 -3.007697
-3.031462 -3.040645 -3.041895 -3.015088 -3.01313
-3.048317 -3.032834 -3.053255 -3.013601 -3.056857
-2.973172 -2.979884 -3.026899 -2.98195 -3.042382
-3.031072 -3.020621 -3.0538 -3.060993 -3.030982
-2.912252 -3.024937 -3.035663 -2.895167 -3.028866
-3.046421 -3.077926 -3.038888 -3.069992 -2.988107
-3.062793 -3.052387 -2.915852 -3.087452 -3.018232
-3.039876 -3.077313 -3.102699 -3.086917 -2.917898
-2.928571 -3.033872 -3.038685 -3.071778 -3.076473
-3.02466 -3.101952 -3.034476 -3.040043 -3.034304
-3.04076 -3.092195 -3.008498 -2.987414 -3.031861
-3.004825 -2.918235 -3.044099 -3.025316 -2.892771
-2.991692 -3.060597 -3.034408 -3.052482 -2.119335
-3.049767 -3.072327 -3.0276 -3.038356 -3.047436
-2.912836 -2.885745 -3.000672 -3.010845 -3.037637
-2.947749 -2.93199 -3.045385 -3.01387 -3.034647
-2.932032 -3.026757 -3.025639 -2.902756 -3.053972
-3.036165 -3.057984 -3.010257 -3.018862 -3.024013
-3.070985 -3.005986 -3.047787 -3.007052 -2.984389
-3.009508 -3.071954 -3.049709 -3.037708 -3.088609
-3.025601 -3.049264 -3.050993 -3.033356 -2.950553
-3.09344 -3.058296 -3.086392 -3.067442 -3.034268
-3.018861 -3.034714 -3.027229 -3.072897 -3.044236
-3.047412 -3.045565 -2.987746 -3.028256 -3.016134
-3.068036 -3.033455 -3.015526 -2.87653 -3.072502
-3.01361 -3.071415 -3.033 -3.000401 -3.066564
-3.051715 -3.005069 -2.872819 -3.002768 -2.875582
-2.979236 -2.99872 -3.005248 -2.908397 -3.033192
-3.07039 -3.018719 -3.077567 -3.016701 -3.046617
-3.065119 -3.053639 -3.01712 -3.015704 -3.072021
-3.066177 -3.043637 -3.037376 -2.999487 -3.030159
-3.072773 -3.060012 -2.978845 -3.014356 -3.040001
-3.048012 -3.033979 -3.035379 -2.903051 -3.054082
-3.035383 -3.029702 -3.014259 -3.023268 -3.013206
-3.062341 -3.019366 -3.029936 -3.080082 -3.065238
-3.071528
