-3.02403 -3.159153 -2.997994 -3.073438 -3.122633
-2.996966 -2.976905 -2.984535 -3.016161 -3.01565
-3.031269 -3.047612 -3.054256 -3.073574 -3.016937
-3.072352 -3.082204 -3.025432 -3.022948 -3.078557
-2.936733 -2.912954 -2.964578 -3.123111 -3.132611
-3.06234 -2.904785 -3.047822 -2.929872 -2.90421
-3.056075 -3.068319 -3.035175 -3.066891 -3.069691
-2.931944 -2.978432 -3.003469 -3.008106 -2.96436
-3.022354 -2.993876 -3.030181 -2.995673 -3.047722
-2.959791 -3.060646 -3.079203 -2.982503 -3.021345
-2.997912 -3.027161 -3.018264 -3.035138 -3.036147
-3.006228 -3.042043 -3.074932 -3.001393 -3.003758
-3.027914 -2.883031 -3.033759 -2.991466 -3.072014
-3.037859 -3.017841 -2.99354 -3.002322 -3.083738
-3.052826 -2.969909 -3.063131 -3.030868 -3.045768
-3.055397 -3.048354 -3.043157 -3.06762 -2.857792
-2.48392 -3.025349 -3.045568 -3.035347 -3.016376
-3.057671 -3.042305 -3.092016 -3.006962 -3.04681
-3.064748 -3.038698 -3.052109 -3.052123 -2.959031
-2.650564 -2.964047 -3.005603 -2.965372 -3.054388
-3.105738 -2.97984 -3.125135 -3.026273 -3.029069
-2.956754 -3.06965 -3.051609 -2.964476 -2.899655
-2.818412 -3.026418 -3.006978 -3.033758 -2.938841
-3.114509 -3.060253 -3.040659 -3.022025 -3.064211
-2.110344 -3.105483 -3.028108 -3.023241 -3.041894
-3.024497 -3.010541 -3.05932 -3.038231 -2.978092
-2.999941 -3.04488 -2.998867 -3.039077 -2.995393
-3.039742 -3.019573 -2.876543 -2.978148 -3.014744
-3.091906 -2.891086 -2.969202 -2.977185 -2.990846
-2.801361 -2.983844 -2.954019 -3.103028 -3.117835
-2.883876 -3.062918 -3.073254 -3.10563 -2.981377
-3.054227 -3.020121 -3.056289 -3.021657 -2.957533
-2.992386 -3.019755 -3.023879 -3.089687 -2.98756
-3.059385 -3.085528 -3.014705 -2.991527 -3.021988
-3.037238 -3.036695 -3.024805 -2.871813 -3.059672
-2.993472 -3.043359 -3.051252 -3.116347 -3.129077
-2.990581 -3.021504 -3.143834 -3.012893 -2.831119
-2.949873 -3.067339 -3.077634 -3.008155 -2.959728
-3.082707 -3.041606 -2.934809 -3.066337 -3.048085
-3.021923 -2.902474 -2.992905 -2.994894 -3.049675
-3.039986
