-2.950834 -2.951641 -2.950018 -2.943508 -3.02879
-2.942809 -2.940489 -3.006246 -2.958864 -3.003094
-3.046348 -2.963953 -2.958197 -2.984478 -2.9567
-2.959118 -2.941088 -2.980673 -2.958505 -2.922224
-2.955865 -2.922431 -2.966944 -2.955585 -2.975887
-3.001112 -2.920703 -2.94853 -2.92627 -2.95698
-2.989952 -2.975955 -2.925224 -2.948983 -2.971682
-2.960907 -2.934259 -2.978397 -2.934036 -2.95858
-2.946452 -2.910069 -2.924438 -2.979497 -2.999145
-2.963389 -2.97836 -2.999274 -2.887955 -2.952612
-2.970914 -2.901625 -2.986489 -2.956477 -2.955053
-2.993102 -2.975292 -2.976195 -2.977118 -2.949272
-2.933389 -2.980428 -2.95379 -2.841897 -2.841057
-2.927125 -2.9388 -2.936214 -2.963925 -2.979952
-2.959166 -2.909716 -2.899331 -2.936857 -2.971229
-2.827808 -2.970277 -2.981058 -2.907845 -2.972898
-3.019675 -2.827104 -2.939224 -2.98836 -2.954983
-2.973125 -2.917686 -2.964581 -2.939282 -2.938628
-2.933941 -2.955028 -2.962847 -2.922567 -2.960794
-2.860979 -2.948999 -2.941269 -2.905242 -2.989354
-2.942078 -2.981132 -2.973318 -2.921461 -2.95787
-3.006218 -2.903367 -2.9409 -2.859764 -2.968238
-2.96069 -3.016732 -2.839908 -2.969831 -2.962532
-2.901873 -2.904391 -2.973192 -2.979411 -2.936869
-2.968513 -2.929317 -2.961286 -3.011094 -2.952021
-2.945839 -2.96232 -2.933211 -2.964585 -2.951912
-2.895747 -2.858907 -2.92149 -2.860821 -2.964709
-2.92897 -2.949054 -2.978052 -2.970696 -2.988767
-2.95023 -2.981704 -2.936923 -2.939605 -2.970655
-2.981283 -2.959171 -2.898115 -2.953263 -3.006422
-3.055557 -2.984925 -2.845677 -2.993648 -2.990398
-2.95872 -2.838705 -2.97477 -2.971945 -2.949215
-2.939606 -2.932808 -2.96836 -2.959241 -2.98161
-2.914872 -2.932375 -2.99385 -2.948922 -2.963401
-2.947906 -2.975485 -2.979391 -2.899872 -2.962377
-2.951285 -2.874399 -3.012148 -2.97824 -2.937158
-3.048583 -2.966596 -2.936144 -2.811182 -2.913002
-2.924365 -2.909107 -2.930135 -2.941241 -2.96033
-2.727789 -2.956739 -3.004788 -2.963293 -2.906719
-2.922981 -2.970046 -2.956613 -2.906241 -2.99251
-2.952743
