-2.998997 -2.979995 -3.005293 -3.049279 -2.873466
-3.006807 -2.99304 -2.995829 -2.999215 -3.018374
-2.993656 -2.942028 -3.005134 -2.998614 -2.90233
-2.901305 -3.032154 -2.998521 -3.015246 -2.975561
-3.019172 -2.849514 -2.870314 -2.842495 -3.032386
-3.024993 -2.974651 -3.008689 -2.987555 -3.025611
-3.041018 -2.989037 -2.970776 -3.011652 -2.952659
-3.016859 -3.012912 -2.99656 -3.005759 -3.006321
-3.043064 -3.022633 -3.003522 -2.993423 -3.011598
-2.872767 -2.989044 -3.012957 -3.014529 -3.024733
-3.016319 -3.00666 -2.994846 -3.008864 -2.885746
-3.0108 -2.978476 -2.971434 -2.995038 -2.969919
-3.029038 -3.0002 -2.751801 -2.986984 -2.906261
-3.016842 -2.992863 -2.97354 -3.011607 -2.93719
-3.013456 -2.886765 -2.994138 -2.847175 -3.059517
-2.995258 -3.012505 -2.985768 -3.019825 -3.005835
-2.865309 -3.028787 -3.002751 -3.013077 -3.003216
-3.012507 -3.035301 -2.985758 -2.998064 -3.00095
-3.014809 -3.018907 -3.021499 -2.988524 -3.014658
-3.017009 -3.006605 -2.873888 -3.010372 -3.011218
-3.001599 -3.02114 -2.991671 -3.036673 -2.961386
-3.038305 -3.021716 -2.901114 -3.013988 -3.009381
-3.059758 -3.041856 -2.996695 -2.893958 -3.013205
-3.035395 -2.974789 -2.885662 -3.021597 -3.021487
-3.034048 -2.958126 -2.972087 -3.001283 -2.962889
-3.004383 -3.020374 -2.997102 -3.018606 -2.996708
-2.883068 -2.869583 -3.005168 -2.88967 -2.931359
-2.998661 -2.869115 -3.020233 -3.005965 -2.985992
-2.992301 -3.016228 -2.99436 -3.004127 -3.039664
-2.990136 -2.949035 -3.050183 -3.010168 -2.96889
-2.897745 -2.867465 -2.983005 -2.983311 -2.872129
-3.004079 -3.021878 -3.01861 -3.040401 -3.071223
-3.018552 -2.865544 -3.010204 -3.00241 -2.854183
-2.999862 -3.008231 -2.999896 -3.009093 -3.00937
-3.015529 -2.999723 -3.016349 -3.017678 -3.023953
-3.011013 -3.016149 -2.995935 -3.040644 -3.014025
-3.04374 -2.97597 -2.994705 -3.010714 -3.001262
-2.893052 -2.991333 -3.007273 -3.058349 -2.0723
-2.867227 -3.013949 -2.903646 -2.974998 -2.902265
-2.980567 -3.013105 -2.982707 -3.00725 -2.98264
-3.001905
