-2.980597 -3.01052 -3.007441 -2.989322 -2.971702
-3.035256 -2.972097 -2.973774 -2.986923 -2.990657
-2.943538 -2.947448 -2.978847 -3.001995 -2.964971
-2.976309 -2.932194 -2.978632 -2.986938 -2.997166
-3.032847 -3.008449 -2.974423 -1.959241 -3.006824
-3.007567 -2.975559 -3.017927 -2.976112 -2.996363
-3.014602 -2.987403 -3.006942 -2.834317 -3.013068
-2.985839 -2.986948 -2.97172 -2.978486 -3.003331
-2.96164 -3.008847 -2.978482 -2.952581 -2.86266
-2.971078 -3.004166 -3.020713 -2.980317 -2.951575
-2.946691 -2.9677 -2.965598 -2.950792 -2.964018
-2.986111 -2.962214 -2.970443 -2.996516 -2.965332
-2.986255 -2.996964 -3.021429 -2.984905 -2.976122
-2.979286 -2.99978 -3.04951 -2.955127 -2.988111
-3.018435 -2.984771 -2.991269 -2.967123 -2.938527
-2.996542 -2.966914 -2.835103 -2.984532 -2.996533
-2.990956 -2.998889 -2.958975 -2.976536 -2.982908
-2.983421 -2.832253 -2.959701 -3.002739 -2.96992
-2.992806 -2.978757 -2.982971 -3.023325 -2.984002
-2.991894 -2.99054 -2.96579 -2.991481 -3.006307
-2.964593 -2.988181 -2.95465 -3.008549 -2.970653
-2.998684 -2.958069 -3.026779 -2.993656 -2.986023
-3.011324 -2.983941 -2.978792 -2.89738 -2.998531
-2.952539 -2.956971 -3.01865 -2.958846 -2.997306
-3.014585 -2.990347 -2.971692 -2.987731 -2.993226
-3.00021 -18.10814 -2.985648 -2.961536 -2.950096
-3.011275 -3.012798 -2.961891 -2.954932 -2.969163
-2.976347 -2.99171 -2.959129 -2.950492 -2.977409
-3.003157 -2.989453 -2.963548 -2.97776 -2.997803
-2.856366 -2.981109 -3.030995 -2.971213 -2.852408
-3.002069 -2.953878 -3.011174 -3.020505 -2.850296
-2.968035 -2.983568 -3.018359 -2.985202 -2.996688
-2.979354 -2.989007 -3.010335 -2.991025 -2.985662
-2.938297 -2.866525 -2.968081 -2.973673 -3.009045
-3.00496 -2.976041 -2.981313 -2.992798 -2.934837
-2.971645 -2.969589 -2.938515 -2.993083 -2.980716
-2.973011 -2.965106 -2.968492 -3.017705 -2.872496
-2.995397 -2.962884 -2.989581 -2.991172 -3.026314
-2.947416 -3.016678 -2.895819 -2.938584 -2.979657
-2.954538 -2.977252 -2.978102 -3.004539 -2.9622
-3.016543
