-2.963003 -2.942622 -2.925144 -2.920496 -2.972875
-2.956373 -2.955173 -3.020882 -2.93192 -2.989655
-2.945156 -3.016642 -2.985884 -2.954747 -3.003813
-2.945273 -2.837094 -2.948434 -2.968032 -3.005723
-2.962777 -2.954139 -2.958776 -2.980276 -3.014737
-2.936187 -2.93762 -2.940326 -2.953484 -2.973248
-3.021665 -2.9635 -2.969808 -2.942233 -2.950189
-2.941271 -2.933044 -2.960392 -2.973986 -2.992417
-3.009395 -2.949794 -2.022429 -2.9469 -3.00102
-2.984289 -2.972509 -2.961973 -3.015991 -3.008372
-2.97419 -2.982303 -2.934825 -2.947993 -2.989469
-2.938394 -2.934931 -2.874806 -3.018769 -2.97968
-3.001446 -2.982218 -2.937141 -2.967426 -2.967361
-2.847416 -2.955824 -3.029414 -2.961125 -2.935369
-2.959099 -2.958818 -2.979647 -2.918878 -2.964974
-2.979903 -3.007108 -2.942018 -2.989575 -2.982219
-3.010291 -2.978353 -2.93207 -2.944782 -2.944822
-2.950316 -2.999356 -3.002102 -3.007344 -2.978556
-2.994226 -2.958099 -2.948528 -3.024133 -2.982828
-2.948474 -2.978664 -2.949397 -2.944238 -2.947137
-2.969122 -3.023002 -2.993363 -2.973622 -2.996587
-2.969858 -2.967852 -2.985035 -2.966444 -2.978925
-2.993707 -3.008116 -2.967429 -3.005418 -3.007504
-3.002542 -2.958334 -2.956827 -2.986721 -2.977593
-2.969111 -2.992047 -2.996605 -2.968684 -2.944542
-3.009753 -2.96598 -2.961816 -2.952086 -2.930469
-2.960189 -2.963657 -2.995984 -2.982705 -3.016311
-2.98095 -2.96343 -2.926678 -2.930299 -3.011328
-2.927887 -3.016812 -2.987875 -2.98191 -3.040029
-3.001799 -2.960781 -2.951255 -2.951086 -3.013306
-2.927693 -2.952581 -2.980983 -2.997949 -3.026211
-2.974762 -2.957823 -2.962665 -2.989632 -2.998881
-2.993473 -2.959783 -2.997807 -2.971259 -2.96153
-2.980782 -2.992098 -3.003891 -2.968176 -2.968876
-2.975308 -2.984586 -2.986841 -2.967822 -2.933592
-2.939604 -2.990479 -3.024883 -2.969461 -2.96438
-3.021255 -2.981473 -2.971067 -2.939652 -2.972203
-2.976146 -2.977514 -2.945292 -2.984296 -2.955015
-2.95585 -2.820534 -2.963973 -2.969204 -2.986802
-2.960565 -3.003515 -2.981854 -3.019333 -2.862431
-2.982644
