-2.951156 -2.948627 -2.971695 -2.964442 -2.976769
-2.804553 -2.9552 -2.964684 -2.922782 -2.986722
-2.966409 -2.945831 -2.963071 -2.819356 -2.958795
-2.844466 -2.983691 -2.951186 -2.944827 -2.957555
-2.963054 -2.867849 -2.908404 -2.941435 -2.960585
-2.969704 -2.945481 -2.986575 -2.955452 -2.953022
-2.971622 -2.956431 -2.960083 -2.984622 -2.935695
-2.923913 -2.942326 -2.987175 -2.933319 -2.826826
-2.975053 -2.997189 -2.949926 -2.949912 -2.975197
-2.931173 -2.959925 -2.801737 -2.942718 -2.836553
-2.959571 -2.835956 -2.90366 -2.933802 -2.964931
-2.935893 -2.818756 -2.985191 -2.956705 -2.977583
-2.988194 -2.950588 -2.939673 -2.909932 -2.991679
-2.86071 -2.950576 -2.981771 -2.980708 -2.973536
-2.946231 -2.945853 -2.977028 -2.838586 -2.965636
-2.962042 -2.963713 -2.914814 -2.990021 -2.944366
-2.915158 -2.933517 -2.975059 -3.001176 -2.955762
-2.931612 -2.971422 -2.943822 -2.818008 -2.983797
-2.948135 -2.811599 -2.939973 -2.97586 -2.957428
-2.953944 -2.95016 -2.947248 -2.951984 -2.963813
-2.987251 -2.952757 -2.942348 -2.928555 -2.935982
-2.85137 -2.940225 -2.958824 -2.838437 -2.944443
-2.954285 -2.967937 -2.841742 -2.931291 -2.953645
-2.9209 -2.957446 -2.93792 -2.912658 -2.923333
-2.993619 -1.95418 -2.947252 -2.937563 -2.94531
-2.795777 -3.002437 -2.991587 -2.931007 -2.970516
-2.994193 -2.978276 -2.963051 -2.944504 -2.87073
-2.851193 -2.957724 -2.95584 -2.940965 -2.942424
-2.922956 -2.940588 -2.972674 -2.95987 -2.820612
-2.939961 -2.992741 -2.974687 -2.946754 -2.938925
-2.954926 -2.086095 -2.938302 -2.972297 -2.926438
-2.955725 -2.941198 -2.99494 -2.978914 -2.978112
-2.934786 -2.963184 -2.967091 -2.030359 -2.953573
-2.809861 -2.972783 -2.940703 -2.967852 -2.972977
-2.857352 -2.946474 -2.968262 -2.950719 -2.943033
-2.967521 -2.946639 -2.952023 -2.888369 -2.840501
-2.955471 -2.093408 -2.974518 -2.968318 -2.9177
-2.95183 -2.951512 -2.966707 -2.978542 -3.006718
-2.958138 -2.910324 -2.944483 -2.963843 -2.944339
-2.943922 -2.972614 -2.947759 -2.760008 -2.974134
-2.927654
