-2.959206 -2.986294 -3.006783 -2.936847 -2.888821
-2.954104 -2.94397 -2.986062 -2.968226 -2.963506
-2.972538 -2.964276 -3.017387 -2.986083 -2.958275
-2.964178 -2.989408 -3.000553 -2.95461 -2.959919
-2.946986 -2.800722 -2.927853 -2.980548 -2.963559
-3.01395 -3.005449 -3.017189 -2.973479 -2.881278
-2.952814 -3.003404 -2.957051 -2.951703 -3.02568
-2.980611 -2.993311 -2.97542 -2.952355 -3.02423
-2.975281 -2.940936 -2.971044 -2.946087 -2.984403
-2.986235 -3.045656 -2.966684 -2.92 -3.018475
-2.925984 -2.90493 -2.977525 -2.988629 -3.011776
-2.927912 -2.990451 -2.948104 -2.976558 -2.988703
-2.986593 -2.979362 -2.990853 -2.989192 -2.998096
-3.030898 -2.949777 -3.032594 -2.94044 -3.004896
-2.974251 -2.990894 -2.973001 -2.949856 -2.867054
-3.014109 -2.997816 -2.964569 -2.986292 -2.836647
-2.99684 -2.930412 -2.959822 -2.969846 -2.971973
-2.987858 -2.964156 -2.946656 -2.991232 -2.950073
-2.807447 -3.037705 -3.024213 -3.00258 -3.013379
-2.989189 -2.998751 -2.921769 -2.949691 -2.964187
-2.985655 -2.973846 -2.941663 -2.820117 -2.960634
-2.828071 -2.953007 -2.970387 -2.976054 -2.923043
-2.962991 -2.994526 -2.972364 -2.840952 -2.941782
-2.989164 -2.991636 -2.994662 -2.845126 -2.947874
-3.017064 -2.994114 -2.923794 -2.974829 -3.010409
-3.010417 -2.930587 -2.890504 -2.921689 -2.954793
-3.033593 -3.033034 -2.937066 -2.815336 -3.062173
-3.008639 -2.994038 -2.928207 -2.958773 -3.022603
-2.932911 -2.962913 -2.852866 -3.012833 -2.951601
-2.844444 -2.959769 -2.970825 -2.937529 -2.961051
-3.008777 -2.942303 -3.043579 -2.972756 -2.976672
-2.950246 -2.988309 -3.01571 -2.973519 -2.952442
-2.919355 -2.94761 -2.98679 -2.030754 -2.953173
-2.987205 -2.969966 -2.980208 -3.10138 -3.02539
-2.973081 -1.914333 -2.947476 -3.023799 -2.97472
-3.044256 -3.000589 -2.984267 -2.998181 -2.981153
-3.022772 -3.000131 -2.985458 -3.020728 -2.921866
-2.948289 -2.965307 -2.96272 -2.95814 -3.024953
-3.009464 -3.015838 -3.016369 -3.055635 -2.978287
-2.986921 -2.955328 -2.912197 -2.942963 -3.009999
-2.836854
