-2.976994 -3.05189 -2.976089 -3.034994 -2.998785
-2.984806 -2.999187 -2.99021 -2.890594 -2.984355
-3.03173 -3.00916 -3.014619 -3.014008 -2.971846
-3.046572 -2.981308 -2.963741 -3.049697 -2.992121
-2.870047 -3.004391 -3.049811 -2.940334 -3.027103
-3.037504 -2.995064 -2.972477 -2.994906 -2.968468
-3.000148 -2.977453 -2.975198 -3.041246 -2.987652
-3.01802 -2.967565 -3.013058 -2.958316 -3.013535
-3.046559 -3.028398 -2.984796 -2.9807 -2.979587
-3.033983 -3.006791 -2.989011 -2.980006 -2.959157
-3.026485 -3.019863 -3.074641 -2.985869 -2.448136
-2.986024 -2.980779 -3.05073 -2.858382 -3.030549
-2.996608 -2.984538 -3.003993 -2.982182 -2.813253
-3.025501 -3.016661 -3.005713 -2.972389 -2.843427
-3.028692 -3.005717 -2.974717 -2.894824 -2.993309
-2.965572 -3.042868 -3.00442 -3.003009 -3.002229
-2.968584 -3.007036 -2.854501 -2.997726 -3.001672
-3.078635 -3.020195 -3.020076 -1.909674 -2.988405
-2.96094 -2.984481 -2.959306 -2.892262 -2.94713
-3.00958 -2.885822 -3.02923 -3.050565 -3.000073
-2.982023 -2.885577 -2.96719 -2.990569 -2.989357
-3.01072 -2.979061 -2.965357 -2.930696 -3.004131
-2.997397 -3.026007 -2.940349 -3.016241 -2.992307
-3.048621 -2.906408 -2.986917 -2.986383 -3.00059
-2.98388 -2.851193 -2.872804 -3.039343 -2.868596
-2.981645 -2.977342 -3.01008 -2.967424 -2.967869
-2.99677 -2.825959 -2.979941 -2.906148 -2.85258
-2.960153 -3.033976 -3.028121 -2.863292 -2.942987
-2.88338 -2.980277 -3.02225 -3.00929 -2.977605
-2.951188 -2.980078 -3.037174 -3.01869 -2.996387
-2.979974 -2.827886 -3.019141 -2.998438 -3.022827
-3.015699 -2.999274 -2.896349 -2.981159 -2.898101
-2.957946 -3.001527 -2.992067 -1.980664 -3.063829
-3.008503 -3.002643 -2.984203 -3.025876 -3.01159
-3.029226 -3.02212 -3.03517 -3.063893 -3.052432
-2.988858 -2.856872 -3.00245 -2.903101 -3.003245
-2.859997 -2.988513 -3.018041 -3.000949 -2.988292
-3.014169 -2.966484 -3.051283 -3.036563 -2.974879
-3.024164 -2.962781 -2.993355 -2.95741 -3.016898
-2.977832 -2.95122 -2.990772 -2.982405 -2.992468
-2.939919
