-2.966686 -3.017751 -2.991407 -3.005991 -3.014381
-3.014072 -2.861273 -2.985391 -2.998368 -2.974216
-2.93791 -2.997508 -2.205211 -3.045218 -2.996576
-2.976178 -3.031922 -3.00148 -3.010497 -3.028986
-3.004228 -3.007525 -2.984566 -3.02418 -2.942068
-2.933916 -2.951025 -3.028771 -3.017945 -3.030082
-2.96457 -3.027729 -2.964657 -2.861142 -2.968401
-2.86767 -3.010402 -2.971568 -2.983084 -2.970819
-2.838713 -2.987674 -3.005203 -2.985551 -3.005593
-2.977443 -2.89743 -2.987477 -3.00526 -3.035021
-3.050761 -2.976111 -3.000385 -2.986715 -3.108338
-2.940896 -2.963844 -3.043968 -2.980133 -3.016161
-2.947507 -2.985803 -3.008188 -2.992883 -3.008549
-2.983425 -2.991194 -3.058654 -3.005257 -3.010838
-2.961551 -2.991605 -3.022254 -2.999083 -3.004063
-3.051709 -2.998093 -2.992555 -3.003653 -2.861758
-2.842295 -3.007229 -2.996252 -3.009091 -3.044386
-2.9953 -2.927383 -2.983004 -2.894032 -2.055088
-3.006827 -2.989601 -2.976681 -3.013624 -2.955055
-2.898451 -2.860232 -2.941339 -2.978494 -3.05645
-3.017613 -3.006122 -2.897036 -2.995282 -2.941018
-3.021091 -3.032449 -2.073292 -2.965934 -2.988416
-2.955424 -2.98405 -2.998124 -3.02761 -2.96341
-2.867253 -2.89563 -2.837527 -2.982041 -2.925283
-3.019068 -2.96468 -2.833546 -3.009184 -2.915275
-3.025482 -2.996123 -2.846879 -2.96539 -2.902088
-2.863537 -3.021518 -3.023487 -3.027994 -2.999939
-3.001893 -3.008776 -3.013522 -2.994105 -3.013836
-2.985137 -2.97342 -2.998321 -2.942922 -2.972356
-3.050528 -2.989014 -3.028953 -3.001296 -3.014409
-2.950977 -2.93655 -3.006992 -2.998091 -2.981192
-3.025064 -2.971751 -3.025189 -2.975525 -2.985142
-2.96869 -3.010896 -2.973755 -2.966677 -2.976073
-3.022443 -3.022524 -3.020301 -3.03268 -2.982597
-2.98012 -3.016327 -2.94053 -2.858355 -2.941825
-2.983476 -2.944524 -2.978555 -3.03226 -2.969444
-3.03498 -2.977807 -2.954108 -2.979515 -2.87189
-2.84577 -2.973813 -2.948487 -3.04275 -3.011489
-3.014596 -2.893548 -3.009313 -3.003644 -2.788825
-3.01526 -2.987967 -2.985466 -3.046797 -2.999091
-2.941237
