-3.041072 -3.043461 -3.045601 -2.898176 -3.052081
-3.072922 -3.030891 -2.982597 -3.05681 -3.021405
-3.100026 -3.054462 -3.044692 -3.087375 -3.029059
-3.035083 -2.993594 -2.848889 -3.080084 -2.025655
-3.069359 -3.030763 -2.942455 -3.057938 -3.034604
-3.03793 -2.99503 -3.083984 -3.045182 -3.065074
-2.998615 -3.046947 -3.028581 -3.117864 -3.075455
-3.09643 -3.053813 -3.058803 -2.995305 -3.069692
-3.059395 -3.063914 -2.940707 -3.058676 -3.110497
-3.021935 -3.022149 -3.125641 -3.032507 -3.051248
-2.938248 -3.09681 -3.058726 -3.017062 -2.974691
-3.013118 -3.096258 -3.121917 -3.032158 -3.068922
-3.038972 -3.002143 -3.009046 -3.091865 -3.011227
-2.912777 -3.03949 -3.07889 -3.001903 -3.026648
-2.98477 -3.092443 -3.086633 -2.8733 -3.049115
-3.000831 -2.985897 -3.042248 -3.045639 -2.995719
-3.019759 -3.071577 -3.038072 -3.041173 -3.040522
-3.06167 -2.989564 -3.07021 -3.044555 -3.065837
-3.074228 -3.069105 -3.037453 -3.039037 -3.049466
-3.036372 -3.085408 -3.017983 -2.980094 -3.105775
-3.046112 -3.052936 -3.005965 -3.036986 -2.842633
-2.904769 -3.098483 -3.015952 -3.055897 -3.05096
-3.065764 -2.90072 -3.05928 -3.09554 -3.052098
-3.021657 -3.066425 -2.949092 -3.083231 -3.039568
-3.045375 -3.093076 -3.065347 -2.991296 -3.093332
-3.047007 -2.99715 -3.061416 -3.046928 -3.072885
-3.043901 -3.011791 -3.045331 -2.923101 -3.094721
-3.103381 -3.051232 -3.047326 -3.024952 -3.020455
-3.101339 -3.082821 -3.031186 -3.013903 -3.070145
-3.035805 -3.001618 -2.988249 -3.034074 -3.06784
-3.099552 -3.02552 -2.923619 -3.059618 -3.085919
-3.046749 -3.045192 -3.066409 -3.071035 -3.02713
-3.106272 -2.975876 -3.019068 -3.083452 -3.082914
-3.037113 -3.049653 -3.06474 -3.044532 -2.90626
-3.078098 -3.064938 -2.741679 -3.052774 -3.068362
-2.94394 15.70737 -3.028438 -3.040267 -3.153843
-3.056083 -3.003068 -3.059992 -3.050518 -3.006513
-3.044283 -3.042985 -3.063083 -3.037424 -3.09636
-2.864193 -3.061786 -3.115399 -3.060155 -3.012665
-2.990454 -3.050319 -3.056911 -3.04171 -3.032453
-3.054091
