-2.964514 -2.982705 -3.07839 -3.405449 -3.261743
-3.189363 -3.513495 -3.137631 -3.141814 -3.08562
-3.105408 -3.216733 -3.023956 -3.558927 -3.674701
-3.128181 -3.125272 -3.214251 -3.168868 -3.269151
-3.165932 -3.10983 -3.046794 -3.010986 -3.161388
-3.232382 -3.032301 -2.989098 -3.301244 -3.326092
-3.100158 -3.031847 -3.585592 -3.195621 -3.106393
-3.112504 -3.373713 -3.041172 -3.028003 -3.558
-3.312242 -3.105127 -3.232995 -3.127239 -3.273327
-3.285725 -3.314576 -3.324563 -3.712156 -3.113949
-3.278452 -3.732712 -3.600664 -2.992019 -3.327601
-3.386955 -3.278147 -3.258022 -3.266137 -2.949345
-3.071937 -3.369191 -3.440374 -3.1134 -3.271067
-3.526057 -3.22612 -3.097156 -3.365769 -3.209826
-3.15255 -3.614461 -3.271252 -3.175806 -3.582622
-3.097107 -3.400729 -3.341613 -3.479166 -3.715067
-3.148952 -3.298591 -3.229694 -3.375984 -3.518677
-3.190967 -3.090699 -3.589158 -3.522969 -3.060325
-3.198611 -3.199103 -3.138678 -3.563784 -3.302544
-3.044027 -3.125535 -3.367787 -3.436525 -3.301136
-3.130222 -3.248769 -3.120494 -3.312279 -3.292235
-3.168479 -3.254909 -3.390069 -3.198454 -3.296284
-3.245682 -3.607571 -3.388146 -3.867881 -3.256315
-3.193524 -3.314708 -3.347041 -3.230961 -2.958518
-3.124278 -3.189453 -3.104918 -3.136107 -3.183065
-3.269932 -3.169798 -3.296228 -3.279527 -3.27273
-3.064249 -3.155592 -3.420197 -3.244117 -3.215705
-3.287955 -3.211246 -3.322222 -3.201961 -3.266698
-3.04125 -3.416489 -3.188956 -3.209236 -3.126298
-3.460435 -3.117975 -3.476606 -3.285542 -3.21871
-3.226977 -3.048858 -3.126301 -3.203704 -3.248467
-3.258 -3.13679 -3.259577 -3.223025 -3.4353
-3.446392 -3.21911 -3.223868 -3.097169 -3.450871
-3.178374 -3.124083 -3.386399 -3.354087 -3.317495
-3.139195 -3.40858 -3.215904 -3.204482 -3.249101
-3.225057 -3.027453 -3.069488 -3.612378 -3.180743
-3.41912 -3.405241 -3.019495 -3.386221 -3.143606
-3.322316 -3.385185 -3.164447 -3.394256 -3.015172
-3.438884 -3.139843 -3.255215 -3.043114 -3.117405
-3.284877 -3.399604 -3.125169 -3.774497 -3.15124
-3.33691
