-2.943791 -2.901592 -2.975609 -2.946042 -2.908787
-2.962909 -2.957034 -2.95167 -3.015541 -2.969532
-2.894069 -2.966583 -2.989315 -2.996232 -2.959911
-2.961613 -2.970396 -2.918027 -2.972121 -2.914512
-2.954412 -2.96026 -2.968402 -2.928386 -2.977762
-2.91996 -2.983789 -2.976689 -2.975364 -2.940656
-2.980032 -2.954921 -2.959872 -2.963396 -2.971567
-2.929505 -2.927701 -2.94094 -2.985553 -2.975809
-2.969271 -2.995507 -2.963034 -2.936961 -2.945748
-2.833466 -2.983131 -2.974532 -2.914919 -2.959842
-3.000606 -2.928666 -2.974525 -2.849419 -2.94394
-3.00993 -2.959002 -2.918946 -2.981057 -2.93782
-2.957014 -2.838049 -2.939633 -2.987174 -2.965977
-2.947219 -2.818941 -2.981775 -2.956543 -2.81283
-2.968006 -2.938623 -2.942369 -2.906419 -3.001001
-2.93535 -2.97862 -2.861396 -2.939041 -2.970811
-2.981307 -2.916505 -3.005264 -2.939589 -2.916551
-2.998187 -2.935625 -2.898559 -2.943245 -2.964887
-2.972568 -2.991901 -2.846781 -2.970137 -2.940559
-2.972238 -3.004129 -2.001903 -2.975121 -2.997073
-3.000206 -2.955917 -2.969867 -3.000782 -3.006297
-2.980735 -2.935886 -2.996243 -3.012426 -3.008764
-2.912122 -2.962776 -2.922995 -2.944212 -2.909976
-2.95885 -2.933332 -2.949868 -2.9382 -2.984554
-2.95713 -2.947837 -2.911528 -2.919993 -2.944927
-3.001329 -2.938106 -2.977014 -2.974819 -2.875087
-3.031298 -2.940794 -2.936146 -2.932078 -3.011589
-2.989263 -2.968401 -2.886107 -2.889099 -2.944228
-2.996133 -2.985317 -2.966787 -2.835379 -2.954138
-2.97727 -2.96678 -2.921448 -2.979901 -2.980785
-2.908748 -2.968433 -2.812759 -2.90331 -2.948334
-2.984816 -2.956956 -2.932298 -3.033641 -2.99197
-2.950535 -2.970329 -2.929184 -2.949639 -2.97308
-2.98576 -2.97531 -2.936403 -2.903768 -2.985861
-2.942334 -2.981138 -2.995302 -2.917452 -2.973106
-3.028719 -2.988254 -2.963831 -23.76941 -2.948057
-2.919078 -2.983621 -2.932476 -2.923478 -2.961254
-2.969487 -2.962638 -2.907446 -2.961698 -3.00726
-2.988966 -2.930888 -2.967841 -2.991729 -2.931489
-2.974256 -2.873944 -3.006414 -2.974712 -2.971001
-2.928437
