-2.954389 -2.978612 -2.842806 -2.955352 -2.978238
-2.942068 -2.847944 -2.96326 -2.974308 -2.945424
-2.976311 -2.967081 -2.995822 -2.973975 -2.835742
-2.811735 -2.935208 -2.922494 -2.986147 -2.922201
-2.943604 -2.944568 -2.962585 -2.939706 -2.951825
-2.990751 -2.937442 -2.975603 -2.815889 -2.995969
-2.842374 -2.973694 -2.947397 -2.961193 -2.974999
-2.947436 -2.98909 -2.959292 -2.949888 -2.950511
-2.940625 -2.894738 -2.981289 -2.975186 -2.968669
-2.948938 -2.931314 -2.942657 -2.934317 -2.940792
-2.972625 -2.969356 -2.929405 -2.830141 -2.979272
-2.951472 -2.977881 -2.979163 -2.938322 -2.936689
-2.918824 -3.006934 -2.959789 -2.949523 -2.737236
-2.96215 -2.966494 -2.971695 -2.960414 -2.995576
-2.937348 -2.943247 -2.936115 -2.923389 -2.969118
-2.954878 -2.974193 -2.583635 -2.941424 -2.976457
-2.939773 -2.929478 -2.958396 -2.954235 -2.802936
-2.973907 -2.989261 -2.960497 -2.956443 -2.956301
-2.898354 -2.967219 -2.935625 -2.973309 -2.974486
-2.937878 -2.952701 -2.003792 -2.989362 -2.921634
-2.9719 -2.956507 -2.939987 -2.921463 -2.974785
-2.957076 -2.925247 -2.823336 -2.940156 -3.001894
-2.970631 -2.948652 -2.878856 -2.93856 -2.941182
-2.952972 -2.981503 -2.97257 -2.975595 -2.953235
-2.983911 -2.943393 -2.972053 -2.952471 -2.970684
-2.939168 -2.941076 -2.949978 -2.770559 -2.953339
-2.975197 -2.961235 -2.920502 -1.987969 -2.952615
-2.985345 -2.963139 -2.930438 -2.935319 -2.954466
-2.957651 -2.971001 -2.931641 -2.978535 -2.885374
-2.928567 -2.935927 -2.925051 -2.977769 -2.949429
-2.967675 -2.948033 -2.977528 -2.947314 -2.960532
-2.960006 -2.969823 -2.825992 -2.999898 -2.967551
-2.960387 -2.966948 -2.980968 -2.972116 -2.955605
-2.937973 -2.944686 -2.964914 -2.96055 -2.970314
-2.932975 -2.979339 -2.934543 -2.955939 -2.933204
-2.910263 -2.971946 -2.931365 -2.938674 -2.939475
-2.089802 -2.963244 -2.954978 -2.945085 -2.93986
-2.937488 -2.946813 -2.898679 -2.937584 -2.982205
-2.960401 -2.962814 -2.97637 -2.828113 -2.976586
-2.974112 -2.030145 -2.974304 -2.918072 -2.919626
-2.971162
