-2.984364 -3.011986 -2.98515 -3.022681 -3.025664
-2.979688 -2.958731 -2.983087 -3.046578 -2.983356
-3.004609 -3.018521 -2.881471 -2.945229 -2.951412
-2.992615 -2.976319 -2.995915 -1.972512 -3.023212
-2.996645 -2.991253 -2.980362 -3.011109 -2.015884
-2.985726 -2.985354 -2.985609 -2.979427 -2.86558
-2.988686 -2.965137 -3.017224 -2.963728 -2.963241
-2.993415 -3.032448 -2.996097 -3.023781 -3.020218
-3.033726 -2.993633 -3.006434 -2.883592 -2.85968
-3.03084 -2.995618 -2.978257 -3.020314 -2.987836
-2.974791 -2.968756 -2.994585 -3.016003 -3.039055
-2.98188 -3.00795 -3.012057 -2.992337 -2.969983
-2.990223 -2.971116 -3.003829 -2.970651 -3.01324
-2.996625 -2.975114 -3.031233 -2.995757 -3.010828
-2.968222 -2.98996 -3.004989 -3.042384 -2.962585
-2.85112 -2.841076 -2.98799 -2.983202 -2.867968
-2.853179 -3.034646 -2.868817 -3.015482 -3.000506
-2.970785 -3.001548 -3.014649 -2.879147 -3.005376
-2.864868 -2.969793 -2.994776 -3.002384 -2.975048
-2.999362 -1.975784 -2.982801 -2.885319 -2.988545
-2.851644 -2.996408 -2.992449 -2.995342 -3.002959
-2.9836 -2.987903 -3.028362 -3.006443 -3.004491
-1.936637 -3.003116 -2.999905 -2.986906 -2.842058
-3.008189 -2.977729 -2.981997 -2.997724 -2.992417
-3.00851 -2.988484 -2.984138 -2.98123 -2.850443
-2.975597 -2.961106 -3.023659 -2.971757 -3.012561
-3.00849 -3.005375 -2.90497 -2.965234 -3.019042
-2.987999 -3.002002 -2.995265 -2.998736 -2.990604
-3.010249 -3.026171 -2.963422 -2.993385 -3.003144
-2.991346 -2.965555 -2.859457 -2.994766 -3.050278
-3.020047 -2.962891 -2.987759 -3.004692 -3.00174
-2.997585 -2.980507 -2.969754 -2.99382 -2.979547
-2.997866 -3.043263 -2.998833 -2.98668 -3.023857
-3.002062 -2.96459 -2.974093 -3.000567 -3.004489
-2.870693 -3.014289 -3.007892 -2.975369 -2.996479
-2.991393 -3.00256 -3.007083 -2.978758 -3.010113
-3.003718 -3.000408 -3.000042 -3.018569 -3.016924
-2.863427 -2.963405 -3.028099 -3.014469 -2.893644
-2.999453 -3.014572 -3.005471 -3.004921 -2.979646
-2.995207 -2.838072 -2.857635 -3.014362 -2.982242
-2.96714
