-3.011951 -3.002907 -3.041293 -2.916504 -3.03585
-3.054449 -3.045048 -3.080281 -3.045553 -3.027074
-2.081645 -3.059698 -3.026547 -2.6528 -3.018848
-3.002495 -3.00324 -3.050237 -3.012153 -3.017499
-3.008109 -3.035754 -3.079817 -2.878384 -2.904028
-2.995614 -3.033489 -2.992669 -3.080085 -2.971891
-3.072499 -3.056583 -3.070549 -3.061872 -3.041105
-2.873581 -3.007877 -3.022457 -2.954152 -3.029814
-3.079616 -2.986768 -3.017638 -2.987543 -3.054913
-2.996626 -2.990062 -3.015145 -3.021577 -3.058965
-3.009622 -2.981885 -3.027271 -3.06909 -3.046158
-3.051735 -3.028 -2.994372 -3.016041 -3.095303
-3.049782 -2.934863 -3.030144 -2.902426 -3.038763
-3.010201 -3.006383 -2.895728 -3.003822 -3.008625
-2.002858 -3.036644 -3.037666 -3.053891 -3.021706
-3.017023 -3.036322 -3.036698 -3.02035 -2.913684
-3.052694 -2.977731 -3.012585 -2.990913 -3.044036
-3.050632 -2.995055 -3.046331 -3.041875 -3.08805
-2.98518 -3.034167 -3.023028 -3.035474 -3.015067
-3.032899 -3.056131 -3.014651 -3.036356 -3.018523
-3.024849 -3.016581 -2.92788 -3.10723 -3.015732
-2.920504 -3.051868 -3.02051 -3.015692 -3.084189
-3.003609 -2.911143 -2.926825 -3.009434 -3.033971
-3.022675 -3.075211 -3.042818 -3.027928 -3.050006
-3.045307 -3.021425 -3.045243 -3.102892 -2.9754
-3.002063 -3.053972 -2.916725 -3.016955 -2.927389
-3.044921 -3.012785 -3.03093 -3.031147 -2.97914
-3.035059 -3.037771 -3.021699 -2.985008 -2.994785
-3.028434 -3.030358 -3.020374 -2.888326 -3.025125
-2.900303 -3.069435 -3.049564 -3.035946 -3.057367
-3.014717 -3.041662 -3.018661 -3.00071 -3.059929
-3.026296 -3.087445 -3.01075 -3.010419 -3.085246
-3.035962 -2.970946 -3.040277 -3.027049 -3.0657
-2.969112 -3.100307 -3.001034 -3.042928 -2.97426
-3.055404 -2.987967 -3.055427 -3.009399 -2.974612
-2.999784 -2.977733 -2.984549 -2.905986 -3.034033
-3.052945 -3.040638 -3.040371 -3.037657 -3.071653
-3.029683 -3.035577 -3.02343 -3.011693 -3.066343
-2.99697 -2.991033 -3.066375 -3.021944 -3.013732
-3.002816 -3.033106 -2.919678 -3.023827 -2.055516
-3.041981
