-2.97021 -2.980631 -2.948718 -3.013117 -2.998128
-2.997262 -2.842539 -3.015167 -2.929895 -2.990218
-2.819282 -3.06811 -2.985253 -3.007114 -2.966129
-2.98707 -3.005797 -3.015243 -2.940713 -2.943946
-2.96179 -3.057226 -2.972999 -2.964734 -3.015753
-2.991079 -3.001015 -2.970554 -2.998053 -2.978895
-2.987841 -2.859866 -3.045998 -2.980755 -2.987443
-2.954321 -3.000804 -2.971378 -2.977892 -3.004514
-2.993469 -3.009412 -2.956116 -2.972914 -2.936279
-2.969833 -2.928868 -2.997781 -2.987876 -3.025189
-2.992576 -2.979927 -2.962613 -2.974282 -2.957659
-2.983599 -2.954966 -2.947726 -2.956426 -2.961905
-2.901027 -2.98456 -3.012068 -2.976909 -2.991385
-2.991898 -3.002123 -3.014927 -2.924201 -2.84673
-3.010627 -2.995362 -2.978421 -2.934757 -2.983603
-3.019567 -2.853102 -3.013426 -2.922729 -2.985331
-2.854619 -2.861056 -3.013182 -3.026542 -2.9706
-3.047275 -3.027148 -3.005398 -2.952234 -3.00299
-2.07476 -2.865202 -3.003683 -2.993176 -3.017985
-2.952713 -2.861873 -3.018622 -2.99004 -3.020058
-2.967322 -3.066535 -3.00632 -3.014161 -2.878679
-3.011262 -2.978389 -2.965233 -2.96718 -3.024947
-2.968193 -2.970744 -3.002231 -3.002686 -2.976184
-2.940852 -2.974073 -3.022616 -3.01509 -2.968213
-2.964871 -2.999811 -3.016386 -3.024149 -2.967803
-2.975668 -2.979755 -2.986612 -2.99096 -3.010141
-3.009098 -2.968026 -2.890163 -2.996292 -3.020311
-2.960724 -2.98689 -2.963926 -2.970199 -3.028958
-2.992255 -2.85603 -2.98072 -2.986866 -2.95504
-2.959542 -2.975025 -3.011572 -3.014978 -2.985216
-2.973393 -2.958076 -2.88281 -2.998062 -2.958112
-2.940175 -2.956374 -3.003705 -2.997386 -2.871609
-2.951953 -2.970155 -2.978891 -3.023074 -2.990056
-3.019082 -2.980184 -3.014403 -2.953554 -2.953763
-3.017831 -2.983905 -2.981835 -2.992852 -2.989198
-2.858818 -3.010713 -2.973171 -2.998489 -2.981633
-3.019366 -2.960766 -2.936257 -2.989152 -3.004684
-3.019103 -2.952646 -2.940897 -2.998114 -2.915589
-2.970427 -2.974613 -2.966302 -3.003368 -2.987161
-3.006751 -2.989352 -2.983434 -3.016215 -2.899674
-2.996294
