-2.957859 -2.929298 -2.965068 -2.981595 -2.975788
-2.959177 -2.96782 -2.949283 -2.925635 -2.939363
-2.976782 -2.964013 -2.993044 -2.981449 -2.939987
-2.952768 -2.979348 -2.963192 -2.800724 -2.992555
-2.973283 -2.952465 -2.982643 -2.954432 -2.998859
-2.980913 -2.999473 -3.007349 -2.947991 -2.968299
-2.980754 -3.008387 -2.966656 -3.015943 -2.960476
-3.007153 -2.960592 -2.999698 -2.941962 -3.024122
-3.005859 -2.979499 -3.026204 -2.978227 -2.962639
-2.982123 -2.948045 -2.968866 -2.968819 -2.967487
-1.967932 -2.991594 -2.987087 -2.973526 -2.961201
-3.000121 -2.863494 -2.986786 -2.958315 -2.94394
-2.969363 -2.985424 -3.029995 -2.951897 -2.965738
-2.974649 -2.958676 -3.00658 -3.00807 -2.941551
-2.939204 -2.961834 -2.973624 -2.89705 -3.013671
-2.982779 -2.953064 -2.9767 -2.970089 -2.988438
-2.964324 -2.009608 -2.964797 -2.983628 -2.973315
-2.986158 -2.982492 -2.966173 -2.831394 -2.98408
-34.44776 -2.957064 -2.952513 -2.97243 -3.031348
-2.996511 -2.984684 -2.981466 -2.97675 -2.956523
-2.964256 -2.994582 -3.010286 -3.0024 -2.964929
-2.98992 -2.951065 -2.987394 -2.86712 -2.956066
-2.968771 -2.978639 -2.931619 -2.947477 -2.933447
-2.980545 -2.933787 -2.944689 -2.999476 -2.942714
-2.99095 -2.978345 -2.896627 -2.953749 -2.956067
-2.925457 -3.023947 -2.936864 -2.950206 -2.943764
-2.995896 -2.948057 -2.998923 -2.94723 -2.979432
-2.956315 -2.948372 -2.940004 -2.987368 -2.997245
-2.952615 -2.994273 -2.960951 -2.828744 -2.99329
-2.976846 -2.973446 -2.963357 -3.000876 -2.990685
-3.000823 -2.989558 -2.970651 -2.997671 -2.938074
-2.952302 -2.96711 -2.936942 -2.997494 -3.000743
-2.851693 -3.015021 -2.954528 -2.963427 -2.989298
-2.972373 -3.003094 -3.028972 -2.983134 -2.970235
-2.96606 -2.963961 -2.978705 -2.948448 -2.984445
-2.959277 -2.957524 -2.9672 -2.96124 -2.972335
-2.978244 -2.958104 -3.028949 -2.952803 -2.978201
-2.943032 -3.02429 -2.967981 -2.988728 -2.984236
-2.983941 -2.979877 -2.939264 -2.948168 -2.993345
-2.960345 -2.973914 -3.026092 -2.933339 -2.985291
-2.978108
