-2.821351 -2.835783 -2.977004 -3.008729 -3.065224
-2.888046 -2.981254 -2.898264 -2.90276 -2.765078
-2.779169 -2.944021 -2.943433 -2.907532 -2.936754
-2.911578 -2.901132 -2.934586 -2.943452 -3.09686
-2.988954 -2.934375 -2.97034 -2.981705 -2.885028
-2.900297 -2.923121 -2.975176 -3.151263 -2.953869
-3.010082 -3.014163 -3.055542 -2.939184 -3.046328
-3.011277 -2.950525 -2.899178 -3.026321 -2.945291
-3.103753 -3.042975 -3.014762 -3.109345 -2.891754
-2.978275 -2.844062 -2.972228 -3.017231 -2.931571
-2.940567 -3.15092 -2.874364 -2.927725 -2.897589
-3.171444 -2.93098 -2.97022 -3.053528 -2.975081
-2.986975 -2.889876 -3.026999 -2.909914 -3.072971
-2.902661 -3.005517 -3.024203 -2.824889 -3.031491
-2.928793 -3.003903 -2.964809 -3.055983 -2.846469
-2.886142 -2.978812 -3.007885 -3.038702 -2.88842
-2.933732 -3.070084 -2.88484 -2.874381 -2.963778
-2.92928 -2.849233 -3.085654 -2.862417 -2.957567
-2.981624 -2.942213 -2.909505 -2.936259 -2.919533
-2.8814 -2.866471 -2.840862 -2.954155 -2.925992
-2.902271 -2.758677 -2.941328 -2.916102 -2.852522
-2.896866 -3.0138 -2.89616 -3.003034 -2.97768
-2.843737 -2.965389 -2.880918 -2.795238 -2.912968
-2.911212 -3.047739 -2.753856 -2.884286 -3.047492
-3.247834 -3.113248 -3.096454 -3.002043 -2.754525
-3.006292 -3.054476 -2.823171 -2.967354 -3.023795
-3.013335 -2.902076 -2.942591 -2.849883 -2.890747
-2.967723 -2.864844 -2.896341 -2.951679 -2.925801
-2.93939 -2.980977 -3.017527 -2.929149 -2.78596
-2.811718 -3.067104 -3.014998 -2.925608 -2.918293
-3.099486 -2.988837 -3.034348 -2.994717 -2.879643
-2.92411 -2.926625 -2.895241 -3.029377 -2.902034
-3.073109 -2.853396 -2.839786 -2.814101 -2.876471
-3.015513 -2.865804 -2.998636 -2.882679 -2.844303
-2.764283 -2.941282 -2.986608 -3.072403 -2.986603
-3.013889 -3.008417 -3.127903 -3.05298 -2.864238
-2.947519 -3.07269 -3.01997 -3.008103 -2.841196
-3.104871 -2.924932 -2.933746 -2.898796 -2.975437
-3.00503 -2.959499 -2.908007 -2.770575 -2.929343
-2.833824 -2.986251 -2.830683 -2.982704 -2.902777
-2.92971
