-3.034636 -3.051523 -3.066735 -3.062893 -3.024094
-3.059792 -3.081681 -3.003062 -3.043294 -3.120175
-3.103699 -2.961103 -2.997473 -2.995261 -2.973086
-3.092126 -3.078682 -2.996768 -3.04176 -3.064671
-3.064192 -2.908174 -3.04069 -2.940335 -3.115319
-3.037525 -3.05217 -3.13769 -3.050259 -2.942964
-3.098922 -3.120148 -3.035641 -3.058893 -3.044098
-1.908372 -2.986505 -3.0471 -3.031966 -3.022401
-3.068514 -3.01088 -2.936005 -3.101519 -3.065064
-3.040824 -3.096284 -3.040217 -3.100984 -3.146554
-3.056104 -3.074863 -3.069316 -3.033592 -3.112868
-3.116945 -3.114824 -3.076836 -3.090489 -3.025685
-3.050845 -3.130772 -3.033583 -3.095729 -3.073599
-2.06209 -2.9145 -3.009268 -2.877304 -3.044026
-3.085261 -3.072385 -3.039576 -3.085065 -3.050185
-3.042714 -2.964186 -2.973655 -3.023171 -3.07343
-3.080834 -3.064094 -3.138476 -2.982388 -3.055937
-3.059219 -3.123743 -2.093944 -3.041616 -3.136296
-3.046787 -3.021095 -3.050601 -3.112146 -3.003387
-3.015941 -3.055767 -3.076092 -3.076635 -3.047841
-2.991755 -3.096433 -2.993996 -3.058747 -2.986089
-3.043378 -3.109651 -2.956911 -3.01324 -3.000717
-3.101663 -2.922101 -3.015645 -3.089998 -2.971272
-3.078068 -3.032456 -3.034285 -3.136669 -3.112986
-3.217032 -3.105782 -3.068262 -3.058021 -3.076751
-2.952486 -3.1089 -3.038859 -3.088467 -2.978287
-3.079817 -3.0407 -3.06773 -3.055201 -3.120619
-3.020083 -3.061416 -3.021429 -2.089331 -3.022999
-3.041272 -3.111629 -2.938634 -3.098179 -2.896366
-3.041132 -3.062054 -3.074836 -2.979891 -2.928686
-3.017354 -3.081812 -3.118249 -3.030057 -3.02904
-2.984893 -2.896878 -3.055076 -3.07555 -3.107198
-3.040929 -2.179947 -3.003186 -3.10096 -3.08026
-3.068835 -2.875087 -2.979018 -3.086484 -3.015724
-2.989803 -3.088007 -3.114835 -3.046193 -3.077297
-3.021185 -3.059885 -3.031794 -3.05131 -3.110392
-3.055282 -3.051894 -3.048988 -3.089182 -3.169407
-3.058057 -3.108109 -3.04584 -3.029744 -3.072207
-2.968682 -2.992024 -2.996753 -3.048901 -3.08185
-3.057263 -3.044974 -3.112069 -3.005768 -2.948225
-3.03848
