-2.972682 -2.930983 -2.944962 -2.955642 -2.973443
-3.013441 -3.00654 -2.979136 -2.829005 -2.898065
-3.013796 -2.949783 -2.964011 -2.992452 -2.865403
-3.013904 -2.924918 -2.987898 -2.95853 -2.972391
-3.003935 -2.957083 -2.98975 -3.019881 -3.013686
-2.94863 -2.963047 -2.981543 -3.012376 -3.009962
-2.96024 -1.959312 -2.942108 -2.985595 -2.972317
-2.960462 -2.966112 -2.971345 -2.9266 -2.934856
-2.975047 -2.925791 -3.006269 -2.990666 -2.964734
-2.938638 -3.011728 -2.97735 -2.934865 -3.005523
-3.010511 -2.951301 -3.044961 -2.848889 -3.027936
-2.82163 -2.945686 -2.960885 -2.987187 -2.893093
-3.001522 -2.979651 -2.953992 -3.006438 -2.995796
-3.024462 -3.028258 -2.973226 -2.985542 -2.055631
-2.987165 -2.96375 -2.943358 -3.022622 -2.96499
-2.952231 -2.954231 -2.988829 -2.934846 -2.939044
-3.006912 -2.894099 -2.971261 -3.007507 -2.9957
-3.006055 -3.044773 -3.054667 -2.973345 -2.964321
-2.965695 -2.915427 -2.884436 -2.940319 -3.01315
-2.995177 -2.874776 -2.987683 -2.96618 -3.001262
-3.039879 -2.941989 -2.977665 -2.983335 -2.884073
-2.992168 -2.993512 -2.957302 -2.918903 -2.991614
-2.912092 -2.969173 -3.009207 -3.033527 -2.999998
-2.992998 -2.985871 -2.938492 -2.962916 -3.001308
-3.000431 -2.994766 -2.977047 -3.006283 -2.96617
-2.966583 -3.010923 -2.98991 -2.977946 -3.027173
-2.993002 -2.940714 -2.981326 -3.023915 -2.898453
-2.943974 -2.978379 -3.019432 -2.964449 -2.932045
-3.046641 -2.997707 -3.008842 -2.963301 -2.98803
-2.966026 -2.971433 -2.926054 -2.996746 -2.955512
-3.040828 -2.975292 -2.960802 -2.998303 -2.950315
-3.015917 -2.954273 -2.940625 -2.883101 -2.978311
-3.039641 -3.032471 -3.061151 -1.983511 -2.982646
-2.934373 -2.986668 -2.966381 -2.918258 -3.010024
-2.957868 -2.942246 -2.945281 -2.93749 -2.970187
-2.975532 -2.954459 -2.904971 -3.024378 -2.938618
-2.971454 -2.856869 -2.971311 -2.96731 -2.931012
-3.039596 -2.984025 -3.009172 -2.977082 -2.973631
-2.953565 -2.911643 -2.996475 -2.972801 -2.071808
-2.975259 -3.001638 -2.974636 -3.013702 -2.926581
-2.959036
