-2.834178 -2.880215 -2.94076 -2.993963 -3.037961
-2.729278 -2.816606 -2.952309 -2.96614 -2.969034
-2.888907 -2.762129 -3.044338 -2.943954 -3.219627
-2.886954 -2.964876 -2.868837 -2.920297 -3.188451
-2.85883 -2.876294 -2.893974 -2.936592 -2.928453
-2.88799 -3.174171 -3.103385 -2.938863 -2.8758
-2.889297 -2.918785 -2.84899 -3.00851 -2.894646
-2.843919 -3.241009 -2.951195 -3.062436 -2.928943
-3.07338 -3.057904 -3.024287 -2.893333 -3.267288
-2.843289 -2.930287 -2.995222 -2.927532 -2.88902
-2.943271 -3.018456 -3.015149 -2.7633 -2.975728
-2.881113 -2.869593 -3.090777 -2.980361 -2.905223
-3.097853 -2.876378 -3.073476 -2.819336 -2.931611
-3.00068 -2.952329 -2.897916 -2.981897 -2.928539
-3.019034 -3.053122 -3.14011 -2.939713 -3.007003
-2.960325 -2.964031 -2.966106 -2.952029 -3.020768
-3.057725 -3.086384 -2.94541 -3.032405 -2.918299
-3.166893 -2.985344 -2.968558 -2.966863 -2.959807
-2.926598 -3.015303 -2.962148 -3.031077 -2.883713
-2.94242 -3.038228 -2.928752 -2.937778 -3.177394
-2.878226 -2.890559 -3.034912 -2.898216 -3.041084
-2.878362 -2.940483 -2.838271 -2.893823 -2.961314
-2.99405 -3.017536 -2.842339 -3.037563 -2.880564
-2.94426 -2.920016 -2.97105 -3.129218 -3.144142
-2.968007 -2.979491 -3.146461 -2.94851 -2.918421
-2.928729 -3.043048 -2.941532 -3.001726 -2.960055
-2.972169 -2.834786 -2.896192 -2.926009 -2.975419
-2.738447 -2.985178 -2.757979 -2.939079 -3.106563
-2.928848 -2.945784 -2.991628 -2.867489 -3.128702
-2.884335 -2.869427 -2.882887 -2.91819 -3.069049
-3.090584 -3.062571 -2.979623 -2.91842 -2.891635
-3.072054 -2.948039 -2.833295 -2.842017 -2.920635
-2.923322 -2.85801 -2.962015 -3.005189 -2.881948
-2.871883 -2.983103 -2.99808 -2.950457 -2.864804
-2.828178 -2.830636 -2.795454 -3.252812 -2.845475
-3.164382 -2.922442 -2.893922 -2.955911 -2.965274
-2.799515 -2.94905 -2.816146 -2.904757 -2.976869
-2.896761 -2.86351 -2.98873 -2.772116 -2.869512
-3.003501 -2.953913 -3.086071 -2.957882 -3.042855
-2.917764 -2.982733 -2.940096 -3.079782 -2.915677
-3.094203
