-2.997209 -2.990114 -3.002926 -2.967087 -2.960642
-2.980361 -2.981243 -2.990438 -2.970433 -3.025458
-2.992123 -2.967409 -3.00309 -3.026883 -3.036137
-3.030843 -3.01235 -3.000643 -3.028158 -3.028536
-2.962393 -3.000937 -3.008932 -3.022527 -2.995283
-3.008352 -3.010966 -3.005706 -3.008495 -2.992085
-3.031094 -3.019415 -2.96178 -3.005348 -2.891615
-2.982752 -3.016437 -2.992678 -2.978303 -3.039702
-2.961175 -2.986743 -3.026136 -3.027151 -3.003427
-3.041517 -3.012604 -2.993152 -3.019987 -2.961223
-3.011507 -3.0431 -3.018987 -3.020535 -3.023295
-3.000425 -3.029207 -2.994564 -3.05177 -3.030159
-2.986114 -3.009858 -2.994259 -3.01293 -2.983777
-2.988002 -3.025566 -2.985025 -2.996379 -2.999837
-2.991716 -3.042339 -2.974906 -2.990683 -3.009641
-3.039608 -2.97058 -3.001411 -2.986298 -3.092184
-3.014263 -2.862294 -2.998741 -2.01301 -2.982238
-3.015806 -3.005393 -3.027687 -3.01991 -3.064191
-2.99632 -3.015631 -2.998667 -2.987235 -3.02727
-3.006922 -2.982684 -3.04036 -2.969719 -3.025964
-2.998061 -3.000127 -3.033381 -2.983243 -2.907508
-3.024415 -2.987421 -2.991505 -2.990059 -2.972235
-3.004089 -3.002647 -3.038768 -2.993418 -3.011204
-3.014249 -2.994948 -3.061589 -3.037693 -2.993188
-3.011833 -2.962561 -3.028961 -2.99156 -3.007772
-2.967514 -3.009165 -3.022371 -3.003769 -2.991227
-3.03384 -2.899363 -3.02263 -2.987692 -2.959441
-2.886186 -3.028601 -2.995735 -3.018396 -3.022498
-2.866496 -3.055844 -2.992884 -3.000824 -2.851679
-3.025431 -2.989927 -3.008534 -2.984875 -3.00536
-3.020299 -3.000919 -3.016653 -3.019329 -3.048793
-3.030171 -3.04104 -3.006218 -3.010261 -3.017823
-2.992804 -2.967902 -2.991537 -3.04985 -2.990336
-3.013142 -2.927568 -3.022128 -2.987524 -3.036679
-2.994903 -3.004936 -2.994558 -3.037963 -3.04519
-2.982461 -2.992185 -2.999582 -3.009758 -3.003961
-2.998283 -2.968479 -2.885913 -3.000869 -3.017588
-3.010487 -2.986012 -2.977785 -3.000798 -3.036756
-2.977147 -3.03825 -2.988695 -3.013181 -2.876548
-3.007167 -3.046442 -3.008985 -2.992578 -2.95877
-3.015338
