-2.928887 -2.947534 -2.926816 -2.966216 -2.968081
-2.958705 -2.948066 -2.934954 -2.930096 -2.825888
-2.96223 -2.916086 -2.931246 -2.931073 -2.970734
-2.954488 -2.9605 -2.943106 -2.953835 -2.961216
-2.935174 -2.813192 -2.932603 -2.944367 -2.908659
-2.916969 -2.799679 -2.926684 -2.950551 -2.935687
-2.942643 -2.91217 -2.950242 -2.933049 -2.918248
-2.801938 -2.945932 -2.930149 -2.932835 -2.910375
-2.942937 -2.912529 -2.968733 -2.974038 -2.953792
-2.914884 -2.907564 -2.935974 -2.941919 -2.935591
-2.961719 -2.984927 -2.910686 -2.938027 -2.965458
-2.933158 -2.923577 -2.969539 -2.982379 -2.931361
-2.949183 -2.927717 -2.943931 -2.910032 -2.931634
-2.936489 -2.939189 -2.98806 -2.943381 -2.912926
-2.946433 -2.938893 -2.934336 -2.963656 -2.94672
-2.968551 -2.956746 -2.904754 -2.950275 -2.928863
-2.904209 -2.893783 -2.940774 -2.951273 -2.904776
-2.922233 -2.946999 -2.954891 -2.947049 -2.828671
-2.899574 -2.953557 -2.932561 -2.925722 -2.753738
-2.941076 -2.96921 -2.950566 -2.967301 -2.94371
-2.932747 -2.945936 -2.932003 -2.957383 -2.923342
-2.91406 -2.927121 -2.939477 -2.936086 -2.923364
-2.929312 -2.929971 -2.812987 -2.957354 -2.929471
-2.944535 -2.935128 -2.97318 -2.997325 -2.927643
-2.960634 -2.78661 -2.820349 -2.927848 -2.95443
-2.97707 -2.818091 -2.90896 -2.985271 -2.941172
-2.955007 -2.92101 -2.926556 -2.932926 -2.945979
-2.945313 -2.945187 -2.95663 -2.968445 -2.904705
-2.952247 -2.947494 -2.948716 -2.926359 -2.955266
-2.91619 -2.917825 -2.941531 -2.936959 -2.948548
-2.928058 -2.942751 -2.913896 -2.921881 -2.962444
-2.936101 -2.975559 -2.947548 -2.948153 -2.954784
-2.912958 -2.95255 -2.918676 -2.790618 -2.97848
-2.935883 -2.924783 -2.948743 -2.949155 -2.904492
-2.796283 -2.970272 -2.906053 -2.928975 -2.942676
-2.949818 -2.960051 -2.919664 -2.917742 -2.937508
-2.83265 -1.984654 -2.933151 -2.973515 -2.927865
-2.923239 -2.948502 -2.962817 -2.947559 -2.957825
-2.932205 -2.806906 -2.90128 -2.946818 -2.946962
-2.931151 -2.95414 -2.938804 -2.967813 -2.947035
-2.951693
