-2.973744 -2.94523 -2.963527 -2.825021 -2.952541
-3.010043 -2.958922 -2.976745 -2.95164 -3.037406
-3.004733 -2.929777 -3.02737 -3.034634 -2.819072
-2.947312 -2.986224 -2.015566 -3.001912 -2.939305
-2.997394 -2.965125 -3.011996 -2.946753 -2.993866
-3.041092 -3.004967 -2.993359 -2.988087 -3.050723
-3.013818 -2.959785 -2.839646 -2.852113 -2.984073
-2.99718 -2.913499 -2.999797 -2.998289 -3.039474
-2.974601 -2.938346 -2.813073 -2.963754 -2.985412
-2.986934 -2.96103 -2.944121 -2.928764 -2.98992
-3.021468 -2.826483 -3.051801 -3.068497 -2.95406
-2.990333 -2.946369 -3.025313 -3.008937 -2.952527
-3.066011 -3.027673 -2.975487 -2.94537 -3.040133
-3.021482 -3.014266 -2.984394 -2.964827 -3.064349
-3.001666 -2.982169 -2.988471 -3.009192 -2.948198
-3.02413 -2.971559 -3.001446 -2.997022 -2.854797
-2.950107 -2.981841 -2.975891 -2.982819 -2.998833
-3.064835 -3.011544 -2.843706 -3.006268 -2.958735
-3.012947 -2.98222 -2.902876 -3.018975 -2.984111
-3.00852 -2.944059 -3.030219 -2.980511 -3.034828
-2.96137 -2.979338 -2.936563 -2.927479 -2.960258
-3.002904 -2.945206 -2.971247 -2.965428 -3.001467
-2.998569 -2.968845 -2.988722 -2.959014 -2.960489
-2.842262 -2.950585 -2.032602 -2.989608 -2.93572
-2.958238 -2.998907 -3.005297 -2.954555 -2.958241
-2.999202 -2.992987 -16.69269 -2.880838 -2.968082
-2.852768 -3.037467 -3.002429 -3.008847 -3.008432
-3.006726 -2.98238 -3.018706 -2.992669 -2.956927
-3.018235 -2.928615 -3.007486 -3.0194 -3.033952
-2.938738 -2.923687 -2.958695 -2.948745 -2.991672
-2.96748 -2.867758 -2.949124 -2.949984 -2.998519
-2.954941 -2.846998 -3.014682 -2.982374 -3.008609
-2.949895 -2.983633 -3.016257 -2.991063 -2.947705
-2.967663 -2.969289 -3.062829 -2.969198 -2.964439
-2.980973 -2.852189 -2.881428 -2.894638 -2.977774
-3.022521 -3.070731 -3.007752 -2.871119 -2.982962
-2.974532 -3.035818 -2.965848 -2.931523 -2.988982
-3.008754 -2.981422 -3.003585 -1.935551 -2.99524
-3.028494 -2.965798 -3.023558 -3.042431 -2.982421
-3.016761 -2.973069 -2.984966 -3.069199 -2.96829
-2.968218
