-2.992208 -3.049109 -3.009538 -2.887257 -3.035979
-2.69307 -2.880883 -3.030925 -3.019189 -2.716763
-2.98984 -3.00875 -3.06453 -3.05252 -3.007492
-2.885084 -3.062414 -2.868671 -2.903154 -3.006298
-2.983443 -3.025727 -3.028542 -2.981761 -3.02826
-3.004194 -2.979885 -3.024193 -3.023996 -3.011746
-2.897849 -2.597145 -2.757376 -3.017829 -3.006253
-3.007589 -3.017699 -2.706898 -2.994833 -3.048395
-2.802931 -3.013392 -3.020542 -3.033506 -3.009294
-2.661955 -2.842151 -2.989953 -3.020037 -2.999957
-2.989133 -2.982489 -2.988402 -3.016219 -2.948301
-3.001347 -3.048706 -2.988804 -2.748729 -2.986599
-3.018911 -3.007442 -3.029968 -2.997515 -3.024519
-2.992475 -3.010787 -3.02139 -2.828207 -3.024171
-3.040366 -3.004838 -2.763207 -3.030213 -2.988814
-2.978773 -3.022401 -2.999026 -3.057423 -3.072435
-3.012591 -3.070024 -2.990607 -3.037463 -2.586614
-2.977737 -3.0234 -2.896556 -2.977724 -2.727958
-3.016131 -3.017035 -3.019883 -3.019288 -2.916627
-3.035114 -3.002671 -3.021851 -3.078414 -3.010769
-2.633083 -2.681725 -2.885557 -2.967434 -3.052797
-3.007066 -3.002176 -2.960706 -3.007205 -3.073677
-2.694276 -3.034108 -2.990582 -3.075172 -3.008603
-2.74842 -2.879585 -2.790211 -2.922497 -2.859821
-3.01347 -3.003636 -3.009303 -3.039968 -3.023184
-3.048259 -2.996326 -3.037386 -3.028264 -2.958408
-3.06381 -3.010939 -3.024213 -2.997042 -2.999334
-3.057284 -3.058631 -3.04469 -2.927507 -2.970179
-3.036714 -3.005973 -2.981859 -2.922073 -3.008104
-2.97988 -2.911483 -2.919231 -3.008459 -2.876402
-3.023167 -2.878892 -2.988333 -2.995066 -2.92833
-3.018689 -3.00561 -2.888672 -3.012404 -3.02329
-3.027699 -2.667225 -3.013097 -3.015859 -2.890041
-3.01052 -2.72997 -3.036053 -2.761056 -3.027763
-3.027471 -3.031817 -2.876589 -3.034967 -2.977029
-3.005884 -2.984817 -3.035556 -2.980115 -2.987
-2.833219 -3.018099 -3.033771 -2.983052 -2.59635
-2.977818 -3.019434 -2.994058 -2.776321 -3.025454
-3.002262 -2.658334 -2.848879 -3.021591 -2.989291
-3.034319 -3.050823 -3.069548 -2.972376 -3.004238
-2.994839
