-2.940674 -2.94783 -2.855705 -2.956731 -2.877706
-2.952712 -2.98208 -2.963345 -2.940947 -2.965446
-2.810558 -2.959858 -2.82818 -2.982592 -2.952169
-2.937659 -2.931176 -2.935823 -2.933954 -2.991353
-2.94296 -2.95643 -2.973957 -2.9372 -2.962217
-2.9531 -2.828405 -2.971845 -2.979927 -2.969185
-2.989437 -2.930939 -2.93994 -2.954857 -2.94369
-2.936844 -2.95434 -2.956443 -2.939731 -2.923947
-2.969692 -2.809848 -2.94954 -2.912051 -2.961046
-2.965157 -2.952389 -2.942233 -2.95095 -2.928233
-2.939026 -2.840375 -2.944653 -2.943243 -2.984113
-2.954173 -2.929604 -2.949741 -2.916004 -2.933127
-2.941603 -2.953573 -2.82537 -2.952733 -2.94472
-2.941055 -2.951218 -2.954344 -2.963968 -2.957893
-2.953516 -2.952006 -2.813657 -2.937152 -2.835698
-2.964357 -2.963693 -2.937599 -2.916394 -2.938711
-2.961214 -2.959339 -2.942419 -2.987174 -2.974288
-2.793751 -2.923698 -2.938628 -2.825286 -2.931639
-2.951181 -2.941998 -2.930692 -2.817261 -2.79789
-2.992916 -2.975213 -2.934512 -2.932818 -2.961133
-2.93771 -2.938997 -2.924149 -2.95135 -2.977378
-2.973684 -2.912051 -2.918941 -2.949877 -2.965221
-2.798041 -2.916028 -2.953167 -2.839577 -2.953604
-2.946956 -2.946905 -2.949061 -2.929785 -2.915958
-2.839828 -2.969999 -2.946972 -2.932576 -2.984434
-2.844802 -2.958418 -2.94076 -2.955718 -2.92483
-2.973383 -2.954883 -2.938675 -2.82671 -2.96
-2.967271 -2.943334 -2.940489 -2.955999 -2.943742
-2.95932 -2.943922 -2.981962 -2.970061 -2.959897
-2.937566 -2.951214 -2.945983 -2.934094 -2.93583
-2.977546 -2.939739 -2.936751 -2.685763 -2.945291
-2.938526 -2.96811 -2.939052 -2.939977 -2.952054
-2.954207 -2.966689 -2.958936 -2.948295 -2.932118
-2.972439 -2.953316 -2.974531 -2.968763 -2.955267
-2.839853 -2.983524 -2.95079 -2.950419 -2.947565
-2.938306 -2.93063 -2.936096 -2.96303 -2.976836
-2.98951 -2.946406 -2.936424 -2.956369 -2.826219
-2.904817 -2.784926 -2.96127 -2.937327 -2.939764
-2.970335 -2.933645 -2.933343 -2.919711 -2.961259
-2.977259 -2.949178 -2.945652 -2.807853 -2.943406
-2.961871
