-3.005677 -3.010471 -3.045615 -2.987867 -3.007963
-3.054634 -3.072389 -3.071745 -3.001704 -3.001493
-3.009277 -3.025344 -3.011832 -3.009154 -3.030716
-3.027317 -3.037744 -3.041879 -3.011977 -3.004062
-2.959011 -3.011889 -3.003321 -3.048613 -2.974009
-2.974875 -2.888824 -2.980904 -3.029859 -3.013294
-2.882122 -3.003466 -3.038086 -3.025394 -3.001114
-2.963521 -3.00153 -2.988127 -3.048537 -2.994501
-3.037459 -3.015182 -3.030448 -2.990991 -2.984473
-2.901559 -3.000228 -2.869671 -3.042521 -29.15573
-2.996041 -2.998607 -3.009556 -3.090518 -3.01394
-3.019951 -3.045386 -3.066204 -3.044788 -3.01147
-3.016821 -3.0106 -3.063499 -3.024954 -3.03825
-3.052669 -2.955479 -3.05031 -3.001571 -2.998914
-2.985329 -3.034408 -3.006871 -3.107824 -3.008771
-3.015196 -3.018005 -3.006875 -2.868785 -3.021435
-3.017601 -3.03378 -3.035614 -2.983227 -3.019103
-3.066785 -2.959413 -3.006455 -3.03278 -3.087502
-2.884267 -2.999023 -2.951059 -2.993951 -3.023036
-2.888893 -3.015663 -3.014925 -2.00445 -2.995355
-3.061175 -3.032767 -3.041349 -3.011017 -2.987625
-2.898198 -3.016771 -2.928242 -2.969847 -2.961687
-3.054184 -3.032747 -2.89091 -3.035048 -3.030752
-3.061093 -3.021146 -2.978445 -2.987052 -2.944521
-3.012172 -2.914837 -3.05589 -3.038727 -2.982737
-2.884586 -2.901482 -2.904751 -2.973214 -3.015766
-2.977864 -2.977403 -2.992204 -3.099803 -2.92508
-2.982766 -3.053915 -2.99018 -3.029803 -3.011168
-3.03277 -3.013223 -3.010362 -3.012302 -2.989385
-3.05347 -3.078742 -3.028523 -3.071336 -3.042347
-2.93091 -3.012115 -2.904247 -2.991212 -2.898635
-3.029361 -2.947488 -3.012318 -2.997668 -2.999249
-3.008856 -3.010631 -2.957293 -2.999022 -3.044256
-2.996467 -2.918082 -2.898063 -3.011052 -3.037946
-2.890178 -2.993959 -3.007789 -2.82472 -3.015943
-3.024179 -3.010324 -3.060201 -3.046446 -2.956438
-3.003349 -2.99039 -3.028941 -2.973818 -2.924707
-3.035751 -3.052998 -2.971299 -3.039658 -2.950519
-2.934151 -3.022622 -2.981719 -2.959572 -3.05167
-3.048096 -3.040435 -2.873847 -3.020355 -2.903291
-3.021205
