-2.97979 -2.977461 -3.013235 -2.999017 -2.994284
-2.992488 -2.987108 -3.0475 -2.994729 -2.893121
-3.022936 -3.04559 -3.002799 -2.874782 -3.009922
-3.003957 -3.0026 -2.980314 -2.986389 -3.012146
-2.972772 -3.028286 -3.031307 -3.045984 -2.961593
-3.026372 -1.985139 -2.99663 -3.000834 -3.00851
-3.008092 -3.011876 -3.015387 -2.999358 -3.0069
-3.011025 -2.868521 -3.030099 -3.02838 -3.012672
-3.025632 -2.969523 -2.876343 -3.032603 -3.010931
-2.999062 -3.010834 -2.994045 -2.992263 -3.031948
-3.006086 -3.009842 -3.014296 -3.003564 -2.994663
-3.003167 -3.015083 -3.002192 -3.003724 -2.996445
-2.890819 -2.985987 -3.008479 -3.004914 -3.001292
-3.010782 -3.00866 -2.981487 -3.001231 -3.023974
-3.001843 -3.029228 -2.947904 -2.986363 -3.005944
-2.989025 -3.013106 -3.014333 -3.010747 -2.983181
-3.003723 -2.891042 -2.991684 -2.990799 -3.01723
-3.015705 -2.991932 -3.023619 -3.003086 -2.97266
-2.891568 -3.00419 -2.881869 -3.014104 -3.023437
-3.006144 -2.851066 -2.916817 -3.037088 -2.956449
-3.010497 -2.985711 -2.898132 -2.988347 -2.992503
-2.89535 -3.030052 -3.035074 -2.995941 -3.00635
-2.999447 -2.993952 -2.996112 -3.02292 -3.008276
-2.997408 -2.986889 -3.007066 -2.896348 -2.963695
-2.988655 -2.99431 -3.020533 -3.013073 -2.901279
-3.008879 -3.062567 -3.012249 -2.994074 -2.981311
-3.027642 -3.07136 -3.009885 -3.019074 -3.033194
-2.925575 -2.991774 -2.997823 -2.984766 -3.031285
-2.982665 -2.966922 -3.01465 -2.974778 -3.063845
-2.98452 -2.9575 -2.995279 -2.973985 -3.043997
-2.883336 -2.999999 -2.883293 -3.00895 -3.001681
-2.995201 -3.017247 -3.024998 -2.974283 -3.037555
-3.021063 -3.001676 -2.976841 -2.997424 -3.016738
-3.005718 -3.01376 -2.970746 -3.019869 -2.995514
-2.867373 -3.009656 -2.995082 -3.012957 -3.008994
-2.932052 -2.987731 -2.997291 -3.00096 -2.99031
-2.991566 -3.027996 -2.992047 -2.975897 -2.994722
-2.9816 -3.013766 -3.03317 -3.028464 -3.003946
-2.960283 -2.998954 -2.976524 -3.007356 -3.014685
-2.869544 -3.063425 -3.001161 -3.058915 -3.017573
-3.001542
