-2.89197 -3.161346 -3.030586 -2.972487 -3.033313
-3.110067 -2.954466 -2.951328 -2.97765 -3.084147
-3.026087 -2.902543 -3.01284 -3.155523 -2.993605
-3.114667 -3.267608 -2.999784 -3.192228 -3.082603
-3.096485 -3.017352 -3.050221 -3.011773 -3.182614
-3.156588 -3.033224 -2.960282 -2.977979 -3.044422
-2.976941 -3.028115 -3.082152 -3.041631 -2.985059
-2.966804 -3.014226 -3.18833 -3.106567 -3.036087
-3.047977 -3.007047 -3.041257 -3.213392 -3.069727
-2.946015 -2.965153 -3.188296 -2.965278 -3.105077
-3.140151 -3.083846 -2.921714 -2.978518 -3.085957
-3.093238 -3.007972 -3.032997 -3.041974 -3.029985
-2.935631 -3.036394 -3.126467 -2.945882 -3.097695
-3.043119 -3.207056 -3.063299 -3.060394 -3.140444
-3.072203 -3.096807 -3.006443 -3.154579 -3.048365
-3.045383 -3.116078 -2.947001 -3.072198 -3.125829
-2.989794 -3.065949 -3.03934 -3.02604 -3.090047
-3.022842 -2.964303 -2.939091 -3.183392 -3.011872
-2.905816 -2.955592 -2.974481 -2.952958 -3.06207
-2.974947 -3.196985 -2.912168 -3.102687 -3.110931
-3.11586 -3.108942 -3.048685 -3.030273 -3.110932
-3.02138 -3.028347 -3.20999 -3.080125 -3.093969
-2.91391 -3.032126 -3.121172 -2.970664 -3.061813
-3.106948 -3.085703 -2.911746 -3.067426 -3.065945
-3.125707 -3.113447 -3.170865 -3.267736 -3.012653
-2.955501 -2.845743 -3.046139 -3.131096 -2.980483
-2.893166 -3.055795 -2.979741 -3.161249 -3.183791
-3.061834 -3.014879 -3.035728 -2.935864 -3.231235
-3.019403 -2.929219 -2.933457 -2.933655 -3.143537
-3.047001 -3.031876 -3.081883 -2.943171 -2.961845
-3.09361 -2.97872 -2.907021 -3.099358 -3.09351
-3.050556 -3.082833 -2.924565 -2.973471 -2.924654
-3.172406 -3.019702 -3.077508 -3.086832 -2.994345
-2.941661 -3.073157 -3.064484 -3.0945 -3.200681
-3.051549 -3.096427 -2.967912 -2.957152 -3.201449
-2.925762 -3.003417 -3.034762 -2.978248 -2.973041
-3.115744 -3.039313 -3.013745 -3.07073 -2.965767
-3.026214 -2.981736 -2.997078 -3.245249 -3.033609
-3.089297 -3.019925 -3.219226 -3.118029 -3.053207
-3.102947 -3.17219 -2.918668 -2.992004 -3.033726
-3.065264
