-2.999607 -2.843081 -3.002969 -2.997298 -3.03026
-3.005626 -2.841248 -3.015008 -3.000873 -3.048707
-2.750727 -3.031487 -2.90046 -3.01337 -2.91271
-2.72162 -3.010641 -2.699419 -2.818585 -2.997105
-3.033129 -1.998939 -3.011788 -2.905057 -3.029146
-3.011169 -2.914072 -3.014835 -3.010104 -2.938382
-3.020439 -3.013456 -3.046439 -2.865264 -2.958025
-2.926309 -2.939581 -3.038752 -2.902376 -3.051291
-2.956933 -2.935483 -3.033636 -2.93159 -2.980125
-3.020343 -3.013243 -3.058311 -3.030245 -2.978627
-2.946029 -3.03747 -2.901397 -3.06033 -2.897431
-3.022017 -2.035594 -2.80786 -2.998069 -2.991807
-3.034078 -2.131746 -3.009754 -3.002517 -3.001248
-3.084175 -2.976654 -2.91499 -2.937926 -2.863535
-2.991314 -2.759758 -2.789872 -3.011095 -2.961874
-2.88569 -2.993474 -2.986566 -3.004989 -2.857493
-2.847299 -3.06457 -2.783859 -2.989917 -2.908107
-2.987017 -3.021329 -3.003276 -2.883453 -3.012302
-2.973715 -2.775292 -2.942711 -2.980418 -2.972407
-2.845129 -3.015228 -3.009953 -2.994968 -3.014996
-2.794838 -2.967832 -3.050451 -3.039343 -3.040454
-3.02741 -2.979089 -2.749351 -2.92922 -3.035934
-3.053991 -2.879255 -2.948563 -2.937695 -3.028131
-2.998735 -3.033799 -2.990485 -3.032058 -2.883097
-2.917919 -3.017996 -2.828853 -2.998814 -3.027937
-3.055315 -2.989724 -3.035346 -2.994525 -2.999459
-2.890241 -3.010985 -3.009361 -3.020059 -2.840159
-2.85059 -2.893345 -3.025105 -2.783394 -2.95945
-2.976415 -2.980586 -2.996373 -3.003245 -2.996151
-3.031404 -2.96886 -3.002133 -3.037022 -2.813905
-2.968929 -2.976302 -2.872772 -2.991755 -2.991889
-2.919147 -2.954878 -2.783547 -2.961383 -3.023039
-3.036133 -2.881875 -3.009709 -3.014094 -2.924054
-3.063896 -2.837088 -2.942503 -2.993252 -3.018759
-3.051343 -2.886308 -2.915993 -2.950765 -2.738284
-2.99841 -2.924727 -3.033951 -3.063187 -2.702781
-2.957434 -3.02665 -3.011381 -2.955585 -3.02652
-2.883967 -3.025383 -2.954115 -3.032415 -2.975075
-2.930071 -3.01194 -2.918097 -2.877807 -3.00725
-3.005459 -2.838266 -2.984143 -2.957401 -3.001885
-2.961932
