-2.971649 -2.997052 -2.898241 -2.940411 -3.031252
-2.964929 -2.961294 -2.984178 -2.957229 -2.961855
-3.011747 -2.976763 -2.934372 -2.976466 -2.967569
-2.971894 -2.975188 -2.950693 -3.000192 -3.007958
-2.945422 -2.991937 -2.833327 -2.878736 -2.96931
-2.977218 -2.957163 -2.952034 -2.981687 -2.958863
-2.937461 -2.938203 -2.97845 -2.954461 -2.965877
-3.000161 -2.926316 -2.976253 -2.951013 -3.02436
-2.957583 -2.999744 -2.988099 -2.95503 -2.959618
-3.011571 -2.959923 -2.964496 -3.022202 -2.959375
-3.010359 -2.927695 -2.971517 -2.970476 -2.997499
-3.013523 -2.951769 -2.985601 -2.972115 -3.017029
-2.994553 -2.976841 -2.974638 -3.011288 -2.985959
-3.001354 -2.868362 -2.860051 -2.925912 -2.953781
-2.984866 -3.013508 -2.956506 -2.965789 -2.823419
-3.001749 -2.838798 -2.973366 -2.845599 -2.856775
-2.976645 -2.977599 -3.00289 -2.963 -2.988097
-2.962213 -2.960921 -2.933404 -2.87019 -2.894508
-2.955702 -2.999183 -2.957475 -3.015758 -2.941753
-2.972478 -3.002316 -2.948371 -3.015997 -2.858386
-3.035588 -2.978846 -2.977886 -2.868166 -2.949527
-2.84578 -3.012202 -2.996437 -2.957058 -2.966389
-2.949299 -3.012461 -2.685706 -2.986323 -2.821686
-3.000973 -2.959665 -2.973016 -2.857814 -2.992399
-2.968 -2.92646 -2.964229 -2.965448 -2.976092
-2.989432 -2.822352 -2.955244 -2.959523 -2.945568
-3.011621 -2.960432 -2.997717 -3.021735 -2.976518
-2.974822 -2.896768 -2.98264 -2.983325 -3.018401
-2.97685 -3.008454 -2.968928 -2.951083 -2.867998
-2.968337 -2.931872 -2.954723 -2.963828 -2.9645
-2.977503 -2.996006 -3.029966 -2.880239 -2.954977
-2.961204 -2.937383 -2.970073 -2.985141 -2.953995
-3.010432 -2.97441 -2.948187 -2.910724 -2.798387
-2.957861 -2.837017 -3.002777 -2.832757 -2.966939
-2.965669 -3.014097 -2.982366 -2.871609 -2.952648
-2.976513 -2.97292 -2.979252 -2.964649 -2.925632
-2.987807 -2.987856 -2.942071 -2.982116 -2.952995
-2.936199 -3.031257 -2.966278 -2.941911 -2.950072
-2.955299 -2.978918 -3.003983 -2.843146 -2.974945
-2.956202 -2.991202 -2.97592 -2.909757 -2.864063
-2.893361
