-2.975565 -2.884664 -2.974165 -2.999104 -2.834345
-2.018144 -2.987365 -2.983828 -2.895189 -2.983174
-2.996877 -2.976836 -3.008959 -2.988833 -2.956256
-3.008217 -2.986863 -2.965102 -2.980682 -2.872867
-2.949637 -2.991338 -2.870477 -2.869112 -2.986036
-2.937487 -3.029557 -3.029606 -2.954845 -2.845562
-2.988912 -3.009858 -3.011122 -2.979155 -2.987994
-2.954951 -2.89799 -3.009164 -2.95788 -2.894328
-3.02511 -2.98839 -2.988118 -2.997864 -2.964986
-2.979094 -2.880622 -2.989591 -2.977858 -3.012648
-2.994369 -2.958384 -2.986202 -2.809413 -3.011425
-2.999746 -3.001237 -2.995849 -3.032902 -2.969111
-3.005595 -2.975704 -2.99032 -3.02946 -2.990586
-2.979757 -2.990844 -2.977164 -2.842106 -2.944902
-3.022433 -2.985794 -3.018041 -3.037857 -2.988921
-3.021804 -3.045792 -2.986043 -2.994327 -2.977973
-2.985775 -2.999649 -2.991441 -3.037253 -3.015524
-2.974034 -2.844234 -2.984973 -2.849432 -2.850766
-3.00298 -2.854092 -2.874919 -2.974955 -2.959139
-2.977984 -2.907006 -2.893061 -2.936568 -2.992655
-2.982311 -2.980089 -3.040967 -2.982198 -2.952949
-2.995747 -3.004122 -2.970361 -3.041359 -3.014123
-2.965406 -2.955928 -2.995498 -3.002865 -2.963296
-2.959408 -3.003772 -3.014038 -2.991635 -2.96444
-3.013957 -3.001581 -2.947892 -3.007329 -3.000548
-2.989222 -3.018299 -1.909059 -2.999021 -2.983764
-3.003708 -3.008663 -1.945194 -2.973176 -2.813649
-2.866276 -2.918161 -2.976944 -3.029679 -3.00679
-3.040762 -2.998062 -1.959084 -2.982293 -2.983254
-2.959425 -2.859071 -3.024968 -2.989807 -2.993076
-2.967816 -3.021038 -2.980042 -3.000424 -2.993732
-3.012669 -2.918173 -2.858511 -2.984988 -3.009183
-3.00625 -2.850774 -2.969162 -3.007814 -2.977425
-2.999834 -3.005441 -2.952236 -2.953439 -3.003822
-2.995984 -2.963374 -2.980497 -2.95818 -2.96875
-3.033526 -2.969579 -3.028379 -2.997914 -2.977365
-2.98075 -3.013304 -2.983272 -2.991583 -2.978156
-2.966203 -2.975715 -2.989986 -2.960997 -2.953787
-2.994416 -2.97428 -3.002385 -2.849543 -2.99125
-2.956234 -2.991627 -2.960494 -3.033151 -2.887107
-2.988272
