-2.944517 -3.040852 -2.945688 -3.029799 -3.01458
-3.002843 -2.970956 -2.93235 -2.922242 -3.061607
-2.978787 -2.986746 -3.002304 -2.999698 -2.901933
-2.860489 -2.945275 -2.97929 -3.100068 -2.914469
-2.959032 -2.94384 -2.998954 -2.865571 -3.000195
-2.94528 -2.992227 -2.936964 -2.971485 -2.955462
-3.043971 -2.940357 -3.012882 -3.02332 -2.967187
-2.967478 -2.9943 -3.004796 -2.911079 -2.942906
-2.978392 -3.022652 -2.973544 -2.947978 -3.019395
-2.976212 -2.91458 -2.847917 -3.026144 -2.890961
-2.942606 -2.843812 -2.976136 -2.988211 -2.9555
-2.901215 -18.76525 -2.958671 -3.015065 -2.955135
-2.933049 -2.97123 -2.911021 -2.96881 -3.013645
-3.061895 -2.994059 -2.933621 -2.860431 -2.983324
-2.952301 -2.943966 -3.004434 -2.933005 -2.922613
-2.94372 -2.958734 -2.910698 -2.958114 -2.941744
-2.975415 -2.93879 -2.8969 -3.018302 -2.968233
-2.804063 -2.890816 -2.999294 -2.962394 -2.969044
-2.974047 -2.961485 -2.974332 -2.805435 -2.973962
-2.945485 -2.851376 -3.006454 -2.956941 -2.9461
-2.990075 -3.01455 -3.020894 -3.027381 -3.078788
-2.980877 -3.044082 -3.015647 -2.97664 -2.954787
-2.971269 -2.997367 -2.994938 -2.949769 -2.951661
-3.016764 -2.984779 -2.972429 -2.947951 -2.967033
-2.879305 -2.803026 -2.935993 -2.834183 -2.9518
-2.958564 -2.849928 -2.984273 -2.888228 -2.907436
-3.011942 -3.058167 -2.943908 -2.911684 -3.014369
-2.994375 -2.935237 -3.055072 -3.072715 -3.034974
-2.991695 -1.999823 -2.850279 -3.019289 -2.967174
-2.984221 -2.932496 -2.867109 -2.946594 -2.952798
-3.02187 -2.963903 -2.958874 -3.027491 -2.906376
-2.969558 -2.947033 -3.033465 -2.053017 -2.999394
-2.965585 -3.031406 -2.877039 -2.942667 -2.976328
-2.955747 -2.959748 -1.996145 -2.952009 -2.954071
-2.983463 -2.940969 -2.947856 -2.940888 -2.910549
-2.964099 -2.960789 -3.01831 -3.070012 -2.95756
-3.012525 -2.698964 -3.017665 -2.945603 -2.956848
-2.953042 -3.015558 -2.95462 -3.053481 -2.9202
-2.872561 -3.022747 -2.946316 -2.902346 -2.968776
-2.972323 -2.760204 -3.028819 -2.912428 -3.006187
-2.916482
