-2.980952 -2.961359 -2.938082 -2.988577 -3.024908
-2.949983 -2.851876 -2.872902 -2.854866 -3.030835
-3.00783 -2.965738 -2.994958 -3.022559 -2.972906
-2.956177 -3.040005 -2.926505 -3.021167 -2.981941
-2.934239 -3.080132 -3.009949 -2.983078 -2.744697
-2.97899 -2.930097 -2.999871 -2.990017 -2.961682
-3.040339 -2.97426 -2.989153 -2.990986 -2.974603
-2.935392 -3.011463 -3.039985 -2.858808 -2.977303
-3.019623 -2.985559 -3.003005 -3.011861 -2.784723
-2.850583 -2.997669 -2.966975 -2.992111 -2.975372
-2.960117 -2.97868 -2.978743 -2.989203 -2.885203
-3.053744 -2.978029 -2.953391 -2.849637 -3.005474
-2.964259 -2.964025 -2.994659 -2.933014 -2.955268
-3.014588 -2.999129 -3.033634 -2.976434 -2.986265
-2.918828 -2.985701 -2.99356 -2.902571 -2.969974
-2.94252 -2.941854 -3.011435 -2.800683 -2.931764
-2.987548 -3.004262 -3.006975 -2.972764 -2.959764
-3.033162 -3.010875 -2.936078 -3.002335 -2.995094
-2.976178 -2.954164 -2.958743 -2.99321 -2.999037
-2.948173 -2.968704 -2.976865 -2.928497 -2.923768
-2.996649 -2.976439 -2.941739 -2.832938 -2.968396
-2.92466 -2.996941 -2.974957 -2.973346 -2.983788
-2.996431 -2.935627 -3.033259 -3.010168 -2.982789
-3.005936 -2.94217 -2.96935 -2.953706 -3.034654
-2.980508 -3.001036 -3.008193 -2.957809 -2.985925
-2.986108 -2.967962 -2.970035 -3.000285 -2.96478
-3.002646 -2.977725 -2.994743 -2.975952 -2.881
-2.708248 -2.855598 -2.988439 -2.937996 -2.994539
-2.970492 -2.95947 -2.99006 -2.960738 -3.02207
-2.810399 -2.905904 -2.991543 -3.001115 -2.998702
-3.021018 -2.958348 -3.012577 -2.848916 -2.966137
-3.03325 -3.003683 -2.971751 -3.004228 -2.962714
-2.979 -2.916374 -2.990636 -3.010578 -3.031843
-3.001965 -3.004008 -2.983066 -2.674439 -2.984667
-3.020987 -2.987526 -2.97662 -3.036291 -2.83789
-2.95905 -3.016431 -2.986329 -2.840083 -2.982627
-3.002208 -2.952036 -2.999901 -2.950107 -3.030239
-2.89991 -2.99659 -3.014668 -1.975554 -3.027537
-2.942575 -2.970285 -3.047817 -2.927736 -3.01978
-2.894283 -3.004098 -2.842119 -2.879829 -2.979448
-2.881499
