-2.972001 -2.988257 -3.002021 -3.017022 -2.957678
-3.011032 -2.924662 -3.007113 -2.982234 -2.96613
-2.92027 -2.998762 -2.969375 -2.986259 -2.950658
-2.974801 -3.006247 -2.972965 -2.952875 -2.987984
-2.968316 -2.964953 -2.980131 -2.993192 -2.974821
-2.971937 -2.989057 -2.971345 -2.989775 -2.958661
-2.989331 -2.961497 -2.978837 -3.00265 -2.97935
-2.956319 -2.960948 -2.99258 -2.937743 -3.010305
-2.939622 -2.971038 -3.01163 -2.980283 -2.981716
-2.968165 -2.899983 -2.966381 -3.031546 -3.016594
-2.996781 -2.984472 -2.978018 -2.987511 -3.005196
-2.968307 -2.983749 -2.978446 -2.941535 -2.995362
-3.001165 -2.991675 -2.933347 -2.964252 -2.942491
-2.95859 -2.957129 -2.976399 -2.990911 -3.018258
-3.004114 -3.016909 -2.964249 -2.979034 -2.947234
-3.021456 -3.020645 -2.958351 -2.961594 -2.962065
-2.949899 -2.876633 -2.97986 -2.975056 -3.005038
-3.033692 -2.973783 -2.956669 -2.987971 -2.82612
-2.954099 -3.03786 -2.994849 -3.011046 -2.998848
-2.848942 -3.009169 -2.963373 -2.950975 -2.86099
-2.987 -2.980635 -2.819014 -2.978733 -2.95673
-2.994575 -2.999559 -2.97902 -2.937386 -2.958445
-2.967776 -3.008178 -2.987129 -2.986878 -2.977086
-2.9971 -2.978482 -2.986629 -3.005753 -3.017502
-3.005851 -2.970859 -2.956643 -2.96901 -3.009264
-2.970442 -2.976464 -2.914404 -2.975459 -2.995444
-2.98675 -2.987216 -2.033554 -2.980299 -2.964723
-2.978865 -2.985137 -2.969703 -2.973093 -2.987246
-2.976151 -3.035492 -2.956386 -2.993576 -2.960966
-2.863727 -3.06084 -2.955319 -2.845586 -3.0164
-2.997286 -2.963726 -2.956712 -2.938252 -2.98329
-2.960664 -2.992779 -2.981855 -2.958935 -2.983427
-2.968495 -2.980411 -2.816736 -3.023689 -3.03131
-3.007805 -2.998508 -2.975791 -3.006327 -2.978214
-2.999949 -2.971352 -2.949969 -2.994356 -2.877989
-2.996176 -2.987567 -2.988087 -2.890474 -2.956695
-2.976961 -2.994636 -3.030258 -2.939559 -2.987918
-2.986827 -2.984968 -3.005244 -2.926647 -2.837647
-2.980211 -2.966155 -3.002587 -2.992977 -2.994807
-2.746243 -2.988437 -2.985675 -3.024488 -2.088014
-2.972335
