-2.936757 -2.97957 -2.913614 -2.817344 -2.949508
-2.805225 -2.889763 -2.941158 -2.795918 -2.938965
-2.870092 -2.969614 -2.998295 -2.795171 -2.940221
-2.978128 -2.995758 -2.982532 -2.897441 -2.870301
-2.933142 -2.901435 -2.984375 -2.965736 -2.978243
-2.950614 -2.920298 -2.936416 -2.946348 -2.845844
-2.939373 -2.934015 -2.975041 -2.939378 -2.922283
-2.937471 -2.981706 -2.971857 -2.93697 -2.988218
-2.946744 -2.894751 -2.928112 -2.920465 -2.821857
-2.916805 -2.960774 -2.895517 -2.943676 -2.901159
-2.971735 -2.815105 -2.918044 -2.945489 -2.972228
-2.827774 -2.943208 -2.821975 -2.984846 -2.949615
-2.897806 -2.853309 -2.949643 -2.917876 -2.902183
-2.890789 -2.820214 -2.980212 -2.92224 -2.962721
-2.966085 -2.935562 -2.964548 -2.806608 -2.955702
-2.946069 -2.891981 -2.986538 -2.910921 -2.810862
-2.804207 -2.98783 -2.955701 -2.949027 -2.831238
-2.894154 -2.955154 -2.943836 -2.945865 -2.939557
-2.949116 -2.951559 -2.960397 -2.947616 -2.928946
-2.993631 -2.945674 -2.90675 -2.808427 -2.969629
-2.918301 -2.93434 -2.918992 -2.895523 -2.94341
-2.944635 -2.960447 -2.809008 -2.929013 -2.879542
-2.925087 -2.978337 -2.890899 -2.921664 -2.951139
-2.926223 -2.936728 -2.925427 -2.944928 -2.973874
-2.793689 -2.91083 -1.994553 -2.941106 -2.937493
-2.921506 -2.972707 -2.942262 -2.921929 -2.915249
-2.93643 -2.931347 -2.916772 -2.962351 -2.97193
-2.913794 -2.891609 -2.928819 -2.967499 -2.831689
-2.970182 -2.93426 -2.942221 -2.925012 -2.918027
-2.912849 -2.959079 -2.889895 -2.953355 -2.938313
-2.893069 -2.944307 -2.973187 -2.936283 -2.937507
-2.961463 -2.980224 -2.937867 -2.946947 -2.940286
-2.970841 -2.855691 -2.917453 -2.935678 -2.983732
-2.954975 -2.938844 -2.943328 -2.946662 -2.831128
-2.896671 -2.928719 -2.929201 -2.935352 -2.925757
-2.924527 -2.951984 -2.811047 -2.947616 -2.988135
-2.986105 -2.992955 -2.932865 -2.961872 -2.954371
-2.953256 -2.951916 -2.896716 -2.828256 -2.940177
-2.922915 -2.966619 -2.888528 -2.940973 -2.917253
-2.875776 -2.94277 -2.921358 -2.932889 -2.94357
-2.985492
