-2.959536 -2.948056 -2.939086 -3.033675 -2.996119
-2.966656 -2.976253 -2.973547 -2.963758 -2.947144
-2.982947 -2.988204 -2.990015 -2.993244 -2.967002
-3.028978 -2.964334 -2.942167 -2.968521 -2.887296
-2.973027 -3.000743 -2.9907 -2.957704 -2.991031
-2.975943 -2.948587 -2.997963 -2.959437 -2.965102
-2.993212 -3.008879 -2.976217 -3.005621 -2.961517
-3.001985 -3.001905 -2.992668 -2.878877 -2.960122
-2.980845 -2.968866 -2.929511 -3.005955 -2.952324
-2.990834 -2.958872 -2.989169 -3.007004 -2.959825
-2.948023 -2.944304 -2.948162 -3.004613 -2.970288
-2.974372 -2.969752 -2.993036 -2.977325 -2.993769
-2.971547 -3.01572 -2.967573 -2.985394 -2.966063
-2.952447 -2.878514 -2.936811 -2.959411 -2.957259
-2.992203 -2.986698 -2.966406 -3.006647 -2.853818
-2.952724 -2.964013 -2.957007 -2.995674 -2.974887
-3.002 -3.004278 -3.005659 -2.986419 -3.025296
-2.97696 -2.957096 -2.988686 -2.97258 -2.988949
-2.988428 -2.964716 -2.964034 -3.013124 -2.971981
-2.879948 -2.952387 -2.971358 -2.972874 -3.01565
-2.991154 -2.989898 -3.005299 -2.937791 -2.993953
-2.968989 -2.976996 -3.036135 -2.96804 -2.966868
-2.971948 -2.958799 -2.976136 -2.997045 -2.95494
-2.998326 -2.979675 -2.872055 -2.888829 -2.951965
-2.953356 -2.850618 -3.001927 -2.953492 -2.993155
-2.975115 -2.964353 -2.982986 -2.947192 -2.93813
-2.86005 -2.943171 -2.984902 -2.979604 -2.792559
-3.009829 -2.95924 -2.977015 -2.873221 -2.908735
-2.986263 -2.97299 -2.933127 -2.838739 -3.011234
-2.988857 -2.954997 -2.987469 -2.977175 -2.876065
-2.990973 -2.982284 -2.994886 -3.007362 -2.969315
-2.992421 -2.985804 -2.956303 -2.96402 -2.954851
-2.870132 -2.98808 -2.999781 -2.998684 -2.990212
-2.967933 -2.980572 -2.964265 -2.984552 -2.955353
-2.944577 -2.97114 -3.000934 -2.882035 -2.938989
-2.956513 -2.954441 -2.996279 -2.964669 -3.003374
-3.01233 -2.983629 -2.988345 -2.989091 -2.983887
-2.992564 -2.979034 -2.929755 -2.956553 -2.869589
-2.988936 -2.976328 -2.989027 -2.889235 -2.965468
-2.939537 -2.958803 -2.981865 -2.856824 -2.9842
-2.977772
