-3.01456 -3.049447 -2.963756 -3.035119 -3.120373
-3.01897 -3.039927 -3.080331 -3.014335 -3.010661
-3.026974 -2.990381 -3.053969 -3.066649 -3.006303
-3.066248 -3.018005 -3.100478 -3.038731 -2.984392
-2.888774 -2.951369 -2.975462 -3.01112 -2.873572
-2.980238 -2.944957 -3.043145 -3.053444 -3.061332
-3.059301 -3.041819 -3.039284 -3.020748 -2.995831
-3.027083 -3.05806 -3.075459 -3.021231 -3.047721
-3.029156 -3.036628 -3.008856 -2.858413 -2.944156
-3.023396 -3.043054 -2.962685 -3.045347 -3.017033
-3.003713 -3.030571 -3.007662 -3.01689 -3.044118
-3.052886 -2.999964 -3.085364 -3.056937 -3.052417
-3.026972 -3.013058 -3.104 -3.028404 -2.908236
-3.042376 -3.089405 -2.987401 -3.026552 -3.051306
-2.887946 -3.028391 -3.037992 -3.049599 -3.063941
-3.046577 -3.01649 -3.053742 -3.074321 -3.050142
-3.001929 -3.016154 -3.060128 -2.975631 -2.906257
-3.034729 -3.037687 -3.019459 -3.031305 -2.883324
-2.998038 -2.968235 -2.999939 -3.001946 -3.073411
-3.027642 -3.014425 -3.033886 -3.032129 -3.014111
-3.047924 -3.042461 -2.993543 -3.033297 -2.927715
-2.998562 -3.074043 -2.891495 -3.05494 -2.959945
-2.983126 -3.036956 -3.050229 -3.065784 -2.950546
-2.916154 -3.002213 -2.983091 -3.050875 -2.158333
-3.031312 -2.971872 -3.01493 -3.005255 -3.040236
-3.088467 -3.071253 -3.084938 -2.978442 -3.037796
-3.005061 -2.983981 -3.006386 -3.070838 -3.055409
-3.060196 -3.030329 -3.095534 -2.986191 -3.080707
-3.069918 -2.893204 -3.002583 -2.999238 -2.911294
-3.040726 -3.00252 -3.036114 -2.999553 -2.981234
-2.995228 -3.051285 -3.012043 -3.040173 -3.029221
-2.935638 -3.052481 -3.019818 -3.004645 -3.068479
-3.067308 -3.080903 -3.024791 -2.997092 -3.05623
-3.004024 -2.974692 -3.002877 -2.938064 -3.041665
-2.978907 -2.983167 -3.021184 -3.03095 -3.086722
-3.003409 -3.025054 -3.034663 -3.042687 -2.988232
-2.920728 -2.987324 -3.000986 -3.046742 -2.881798
-3.076073 -3.088114 -3.006295 -3.0523 -3.026255
-3.063888 -2.996206 -3.0419 -3.08267 -3.075708
-2.945501 -3.03015 -3.070536 -2.079317 -3.052459
-3.025434
