-3.042619 -3.057202 -2.964791 -2.999474 -2.981198
-3.051985 -3.078772 -3.044473 -3.011871 -3.00191
-2.880532 -3.066565 -3.050863 -3.065597 -3.060435
-3.067966 -3.107747 -3.044794 -3.014338 -3.026037
-2.957497 -3.0393 -3.103607 -3.057563 -3.045601
-2.907423 -2.877456 -3.014139 -3.050146 -3.030881
-3.041633 -2.894871 -3.094264 -3.087638 -3.07555
-3.076768 -3.032812 -3.001369 -3.010598 -3.020367
-2.962262 -3.089315 -3.054576 -3.043747 -2.933689
-3.114883 -3.035886 -3.054374 -3.087868 -2.952702
-3.064977 -3.068985 -3.038905 -3.05479 -3.109012
-3.064066 -3.002377 -3.019479 -2.056235 -3.061937
-2.997772 -3.142847 -2.98805 -3.021395 -3.033261
-3.074296 -3.054798 -3.081073 -3.088046 -3.069826
-2.93037 -3.047768 -3.038605 -2.917895 -3.124918
-3.115812 -3.061754 -3.072707 -3.061552 -3.033036
-3.037869 -3.079599 -3.004442 -3.096437 -3.085237
-3.029762 -2.981854 -3.062546 -3.073017 -3.070819
-3.096018 -3.075296 -3.009835 -3.059855 -3.111834
-3.04348 -3.056656 -3.043338 -3.085444 -3.028746
-3.08351 -3.054261 -3.081743 -3.053561 -3.090016
-3.071351 -3.030418 -3.049445 -3.072613 -3.053973
-3.033464 -3.074801 -3.066413 -3.11628 -2.968057
-3.042484 -3.059393 -3.080083 -3.047735 -3.084636
-3.042293 -3.02896 -2.93721 -3.110863 -3.054613
-3.111637 -3.075336 -3.047994 -3.0256 -3.059154
-3.070067 -3.063772 -3.039651 -3.061821 -3.129142
-2.925904 -3.061616 -3.056631 -3.031018 -3.033633
-3.051898 -2.969036 -3.067195 -3.058747 -3.03484
-2.933649 -3.058212 -3.074176 -2.924779 -3.091364
-2.923252 -3.090342 -3.046256 -3.074572 -3.081581
-3.024395 -3.064688 -3.049408 -3.047066 -3.028417
-3.014754 -3.055917 -3.041565 -2.970746 -2.944036
-2.09662 -3.073032 -3.058041 -3.024882 -2.902354
-2.90963 -3.040308 -3.079858 -3.120442 -3.045459
-3.060793 -3.048809 -3.099381 -3.067738 -2.123088
-3.034886 -3.10677 -3.060535 -3.049736 -3.049271
-3.061086 -3.011238 -3.038016 -3.022601 -2.925042
-3.025608 -3.043419 -3.08546 -3.072289 -3.116233
-3.016781 -3.008789 -2.997339 -3.060785 -3.01446
-2.933179
