-2.989707 -2.990011 -3.010163 -2.980903 -2.989161
-2.931968 -2.947069 -2.960722 -2.983629 -2.974542
-3.013616 -2.983327 -2.982295 -2.992407 -3.020277
-2.95456 -3.022602 -3.004233 -2.97698 -2.987183
-2.884369 -2.861872 -2.989406 -3.043084 -2.961354
-2.96741 -3.011465 -2.976501 -2.99134 -2.987042
-2.991373 -2.958831 -2.995767 -2.954273 -2.975156
-2.969668 -3.026235 -3.00871 -2.999589 -2.886185
-2.812627 -2.961837 -2.963305 -2.990843 -3.006687
-3.003802 -3.019843 -2.988436 -2.978666 -2.987646
-3.002855 -3.020185 -2.987041 -3.014204 -2.893765
-2.96918 -2.95842 -2.967876 -2.910565 -3.008955
-2.995904 -3.009261 -3.057672 -3.008054 -3.011026
-2.999596 -2.945803 -3.020199 -3.00751 -3.008903
-2.860237 -3.004556 -3.011807 -2.995877 -2.988731
-2.990655 -3.001839 -2.962736 -3.020524 -2.956957
-2.969937 -2.98872 -2.981654 -3.027503 -2.968845
-3.021365 -3.012455 -2.876929 -2.944068 -2.986415
-2.882849 -2.974072 -2.955177 -3.027084 -3.002884
-3.006965 -3.017153 -2.946549 -2.983919 -3.016928
-2.986373 -2.968393 -2.998934 -3.00705 -2.972316
-3.01663 -2.957148 -3.003048 -2.914365 -2.985947
-2.997766 -2.022137 -2.894697 -2.883364 -2.961274
-2.961955 -3.000728 -3.028854 -2.848224 -3.038966
-2.976213 -2.864127 -2.992649 -2.879715 -2.977379
-2.980935 -2.996255 -3.011795 -2.89205 -3.007832
-2.956857 -2.923812 -3.024617 -2.968144 -2.997668
-2.985148 -2.986807 -2.981024 -2.968112 -2.993564
-2.993305 -3.009991 -3.027714 -2.982105 -3.004227
-2.966194 -3.012466 -2.962325 -2.997193 -2.979048
-2.996369 -2.958361 -2.980703 -3.01785 -2.982724
-3.002832 -2.989784 -2.979717 -3.000094 -2.976467
-2.985622 -2.985342 -3.016853 -3.005117 -3.003105
-2.846147 -3.007423 -2.963141 -3.017169 -2.983343
-3.008647 -3.010688 -3.024807 -2.942317 -2.967905
-2.010405 -2.980861 -2.992365 -3.013381 -3.039392
-2.99406 -2.992916 -2.980923 -2.959236 -3.005901
-3.01335 -3.046708 -3.011235 -3.03898 -2.94871
-3.01479 -2.966632 -3.001028 -3.002464 -2.850928
-3.008595 -2.976395 -2.865588 -2.976872 -2.989729
-2.962399
