-3.060133 -3.057579 -2.959582 -3.023628 -3.08185
-3.028752 -3.090319 -3.095837 -2.902076 -3.041531
-3.060016 -3.067736 -3.085384 -3.103974 -3.0838
-3.06832 -3.061637 -3.060093 -2.947403 -3.067285
-3.021497 -3.063135 -3.084182 -3.013801 -2.942655
-3.088976 -2.968432 -3.073668 -3.060705 -3.026651
-3.057373 -3.053888 -3.064803 -3.073137 -3.041022
-2.97408 -3.032246 -3.049108 -3.074855 -3.049585
-3.061181 -3.02635 -3.091029 -3.048418 -3.05662
-2.943085 -2.947532 -3.04333 -2.994894 -3.022758
-2.913016 -3.060902 -3.067403 -3.072818 -3.030801
-3.075397 -3.071992 -3.086486 -3.084551 -3.101348
-3.069873 -3.064338 -3.02502 -2.951781 -3.059369
-3.072486 -3.078936 -3.058099 -2.953548 -3.03492
-3.076555 -3.089179 -3.056044 -3.065705 -3.030091
-3.092573 -3.08005 -3.069953 -3.045372 -3.042157
-3.038784 -3.039666 -3.031042 -3.071287 -3.031397
-3.049467 -3.0584 -3.047246 -3.081455 -3.060982
-3.052632 -2.917125 -2.883162 -3.094194 -2.940664
-3.052609 -3.05543 -3.033466 -3.072263 -3.040044
-2.941844 -3.030395 -3.046779 -3.086888 -3.050913
-3.045909 -2.929328 -3.099994 -3.080679 -3.060928
-3.078017 -3.073564 -3.09397 -2.927726 -3.066879
-3.068734 -2.077774 -2.932948 -3.059109 -3.083661
-3.077355 -3.054422 -3.054925 -2.99634 -3.040424
-3.038975 -3.042348 -3.050346 -3.034977 -3.066087
-3.073025 -3.049919 -3.078337 -3.065934 -3.062532
-3.030335 -2.902453 -3.046505 -3.038188 -3.025655
-2.913107 -3.077479 -3.066276 -3.062242 -3.057015
-3.09115 -2.964473 -2.844936 -3.034977 -3.043021
-3.059443 -2.914425 -3.092673 -2.96015 -3.04407
-2.932702 -2.914354 -3.053323 -3.083928 -3.077138
-3.078906 -2.944819 -3.060657 -3.059722 -3.07386
-3.059715 -3.067925 -3.081524 -3.070955 -3.051106
-3.061778 -3.060042 -3.072482 -3.021111 -3.079926
-3.021151 -3.02926 -3.062359 -3.021095 -3.056373
-3.049719 -3.087281 -3.052054 -3.067942 -3.075958
-3.084663 -3.084823 -3.042356 -3.053784 -3.039924
-3.072584 -3.068046 -3.055993 -3.037173 -3.062018
-3.058101 -2.932037 -2.995181 -3.086523 -3.040885
-2.930805
