-2.979041 -2.971369 -2.928819 -2.967953 -2.97138
-2.998553 -3.03707 -2.981513 -2.969484 -2.962184
-3.017382 -3.00577 -2.991219 -2.995855 -2.961502
-2.9995 -2.968 -2.970324 -3.021808 -2.850198
-2.960818 -2.98358 -3.046632 -2.973329 -2.980347
-3.026349 -2.991045 -2.853515 -2.976772 -2.045932
-2.985366 -3.011466 -2.960128 -2.989254 -3.003362
-2.998505 -2.920948 -2.828476 -2.992616 -3.030764
-2.981064 -2.965121 -3.015619 -2.975681 -3.004502
-3.051067 -2.906595 -2.95903 -2.983533 -2.993618
-2.962039 -2.972818 -2.974975 -3.031557 -2.98253
-2.98657 -2.920071 -2.983073 -2.880864 -2.987845
-3.000512 -2.950934 -3.007684 -3.006196 -2.983829
-2.996329 -2.942605 -3.010836 -3.018137 -3.024106
-3.012709 -3.024578 -2.981899 -2.99988 -3.037998
-2.968022 -3.017831 -2.950569 -3.047123 -2.978919
-2.972113 -2.978836 -2.980108 -2.955157 -2.97677
-2.951588 -3.001681 -2.974563 -3.014303 -3.005611
-2.976176 -3.000679 -3.005422 -3.011422 -2.976914
-2.972062 -2.967506 -3.007357 -2.956969 -3.022198
-2.987275 -2.983096 -3.002342 -2.853035 -2.963655
-2.907215 -3.016958 -2.969455 -3.00815 -3.010535
-2.995218 -2.932416 -2.988522 -2.987957 -2.973464
-3.008437 -2.927709 -2.987995 -2.991777 -3.032407
-2.944916 -2.947025 -3.004418 -2.998711 -3.033029
-2.962796 -3.031216 -2.969181 -3.040745 -2.998715
-3.004788 -2.923444 -2.885791 -2.93232 -3.000928
-2.988098 -3.010335 -2.969042 -3.039356 -3.029308
-2.987737 -2.962394 -2.889812 -2.97785 -2.992512
-3.034411 -2.971243 -2.971824 -2.978991 -3.023537
-2.885965 -3.042447 -2.991861 -3.009123 -2.990934
-3.049716 -3.029465 -2.988399 -2.949084 -3.019103
-2.995182 -2.999804 -3.012134 -2.990193 -3.010098
-2.990719 -2.990311 -2.985242 -3.032851 -2.964823
-3.005755 -2.986424 -2.983215 -3.014416 -2.99689
-3.017904 -3.023069 -2.93021 -2.979398 -2.967026
-2.996446 -2.961258 -2.978731 -3.041045 -3.049372
-3.016545 -2.974889 -3.012286 -2.997942 -2.990124
-2.857083 -3.013106 -2.980889 -2.966264 -2.985109
-2.958745 -3.019833 -2.961834 -2.971374 -2.984544
-2.964758
