-3.002731 -3.014841 -3.040472 -3.03209 -3.022179
-3.030764 -3.015748 -3.043208 -3.032112 -2.946315
-3.045177 -3.011984 -2.995577 -3.011057 -2.960737
-3.016085 -3.027285 -2.991853 -3.024978 -3.033335
-2.900593 -2.997026 -3.03164 -3.06491 -3.085814
-3.060762 -2.97928 -3.034709 -2.79766 -3.041956
-3.053842 -2.999017 -3.022505 -3.116096 -3.031294
-2.907875 -3.069321 -3.013445 -3.058497 -3.090503
-2.894287 -2.899746 -3.074373 -2.987599 -3.011473
-3.000902 -2.913659 -3.036409 -3.029983 -2.997125
-3.029625 -3.019093 -3.083815 -3.046981 -3.077304
-3.05439 -3.053528 -3.046683 -3.049751 -2.916661
-3.034694 -3.00495 -3.040759 -3.049561 -3.01022
-3.007557 -3.018339 -3.04305 -3.069613 -3.02794
-2.999922 -3.015501 -3.086382 -3.070134 -2.92456
-2.885499 -3.004772 -2.991533 -2.989268 -3.033463
-2.996905 -2.947039 -3.090872 -3.042994 -3.061134
-3.020255 -3.071543 -2.988027 -3.005333 -2.964177
-2.994258 -3.025188 -3.011518 -3.021041 -3.03878
-3.013564 -3.016732 -3.022013 -3.007317 -3.029893
-3.059173 -2.981576 -3.008813 -2.885788 -3.035157
-3.041531 -3.085378 -3.03839 -2.937456 -2.995966
-3.026383 -3.016476 -3.114658 -3.063932 -3.026555
-3.053442 -3.045493 -3.033519 -3.020417 -3.044046
-3.068918 -3.058936 -2.979234 -2.921503 -3.04365
-3.016655 -2.97729 -3.004374 -3.026596 -3.091094
-3.046763 -3.064853 -3.055131 -3.034702 -3.056198
-3.015645 -2.992509 -3.036607 -2.904103 -3.027133
-3.014027 -3.054512 -3.046986 -3.065848 -3.077857
-3.041284 -3.076723 -3.085143 -2.984265 -3.04577
-3.031738 -2.93601 -3.031376 -3.028199 -3.075953
-3.040921 -3.048004 -3.050887 -3.0719 -2.989108
-3.06194 -2.885531 -3.08252 -3.066842 -2.907953
-2.986308 -2.984705 -2.973169 -3.033457 -3.041284
-3.018189 -3.052546 -2.954446 -2.948927 -3.06368
-3.02118 -3.062645 -2.884956 -3.003183 -2.994994
-3.037218 -3.032458 -3.000774 -3.069163 -3.036601
-3.057811 -2.989686 -3.003313 -3.03501 -2.939219
-3.00927 -3.07283 -2.976222 -3.024912 -3.032422
-3.018729 -3.050883 -3.025182 -3.029662 -3.009484
-3.051048
