-2.983854 -3.011339 -2.962686 -2.986007 -3.004222
-2.983827 -2.968856 -2.872697 -2.982722 -2.99666
-2.043457 -2.999947 -2.972559 -2.861526 -2.941814
-3.009253 -2.989805 -3.002525 -3.027629 -3.036779
-2.848265 -2.896973 -2.955353 -2.994208 -2.985515
-3.01197 -3.002947 -2.974491 -3.043713 -2.975175
-2.952388 -3.00388 -2.984494 -3.011309 -2.987307
-2.982274 -3.013549 -3.008365 -3.006195 -2.976185
-2.9954 -2.97226 -2.990002 -3.010745 -2.954833
-2.995817 -3.001113 -2.99219 -2.989199 -2.991684
-3.03546 -3.001192 -2.976057 -2.983195 -2.992031
-3.016195 -3.001677 -2.840957 -3.003557 -2.990883
-3.002558 -2.885212 -2.99929 -3.021723 -2.961341
-2.956494 -3.015414 -2.999235 -2.875999 -2.88907
-2.994218 -3.020469 -2.992011 -3.038931 -3.028038
-2.998199 -2.987879 -3.009023 -2.995939 -2.990223
-3.024612 -3.005675 -3.030316 -2.979321 -2.95106
-2.989814 -2.977868 -2.87998 -2.984748 -2.979271
-2.999729 -2.983717 -2.986136 -3.000623 -2.985823
-3.007894 -2.994933 -2.997567 -2.99798 -2.971662
-3.020459 -2.994416 -2.935616 -2.998775 -3.015428
-2.978803 -3.008369 -3.005785 -2.988605 -3.012426
-2.979042 -3.028405 -3.023795 -3.002544 -2.97309
-2.984484 -2.984382 -3.003319 -2.993095 -2.893661
-2.968802 -2.976977 -2.856001 -3.005234 -2.969755
-3.016898 -2.986507 -2.97407 -2.022231 -2.991188
-3.013173 -2.8703 -1.99378 -2.973365 -2.999135
-2.969583 -3.009093 -2.998716 -2.998629 -2.117331
-3.000401 -2.98365 -3.00686 -3.022805 -3.00398
-3.002762 -3.001367 -2.979045 -2.968978 -3.004251
-2.978715 -2.968589 -3.024616 -3.025725 -2.874641
-3.011977 -3.023592 -3.044941 -2.997073 -2.987425
-3.00283 -3.010812 -2.976617 -3.007809 -2.961646
-2.948668 -3.017684 -2.955197 -2.982146 -3.046157
-2.967701 -2.985258 -3.013468 -2.957675 -2.995857
-3.019388 -2.962054 -2.989012 -3.019932 -3.004785
-2.972357 -2.997468 -2.908421 -2.888378 -2.998962
-2.868311 -2.967642 -2.98673 -3.009338 -2.99604
-3.049742 -2.956045 -2.990145 -3.005009 -2.030997
-2.987257 -2.991797 -2.854673 -2.9842 -2.978962
-3.016347
