-2.990716 -2.970919 -2.980101 -3.035914 -3.000069
-3.0401 -2.965122 -3.004941 -2.999541 -3.005599
-2.895492 -2.891559 -2.962282 -3.035705 -2.987171
-3.066979 -2.997759 -3.016643 -2.942348 -2.979257
-2.960254 -3.026319 -3.053402 -2.966619 -3.008345
-2.918287 -2.948622 -2.978926 -2.876734 -2.999633
-2.996782 -2.989233 -2.984425 -2.963324 -2.796929
-2.817089 -2.97066 -2.739994 -2.887645 -3.060517
-2.922646 -2.896169 -2.955398 -3.001922 -2.937446
-3.034815 -3.015388 -2.963938 -3.004007 -2.9626
-2.982914 -2.981199 -2.929654 -3.02084 -3.035355
-2.979583 -3.004518 -3.021447 -2.969613 -2.975148
-2.863259 -2.877378 -3.045936 -2.976964 -3.005316
-2.970455 -3.00689 -3.018543 -2.864895 -3.015436
-3.005275 -3.00475 -2.991503 -2.963313 -2.981866
-2.974551 -2.984043 -2.924611 -3.057602 -3.020004
-2.988842 -3.043946 -3.012125 -2.999816 -3.044036
-2.997484 -2.973054 -2.98157 -2.998064 -3.019334
-2.953386 -2.959442 -3.024594 -3.000386 -2.993058
-3.015865 -3.007516 -2.986456 -3.004794 -2.977732
-2.955235 -2.870037 -2.855391 -2.936279 -3.009822
-3.006678 -3.020991 -2.974302 -2.967564 -3.04582
-2.98262 -3.003156 -2.991565 -3.017097 -3.001384
-2.997373 -2.970074 -2.981703 -3.012915 -3.022421
-2.980451 -3.056188 -2.923614 -3.027467 -2.958457
-2.985967 -2.939394 -2.884435 -2.988454 -3.013751
-2.998572 -3.005983 -2.072244 -3.020611 -2.971504
-3.005614 -3.000498 -3.039977 -3.034945 -2.996557
-2.994719 -2.955622 -2.950446 -2.885645 -3.005649
-2.982193 -2.999017 -2.942318 -2.953669 -2.963791
-3.035669 -3.001399 -2.996467 -2.948152 -2.97762
-2.995878 -2.970039 -2.994802 -2.998117 -2.980563
-2.878748 -3.012493 -2.799259 -3.006718 -3.001328
-2.863336 -3.012709 -2.993999 -2.96417 -2.984673
-2.995001 -3.006897 -2.996047 -3.018189 -3.016203
-3.019227 -2.979656 -2.964341 -2.977949 -3.002804
-3.029306 -3.007481 -2.998105 -3.03805 -3.023155
-3.007238 -2.986251 -3.027987 -3.048395 -2.99488
-3.021139 -3.002696 -2.923948 -2.996577 -3.027019
-3.021449 -3.065769 -3.012048 -2.999017 -2.97627
-3.025255
