-2.986393 -3.046171 -2.990639 -3.018688 -2.989879
-3.046293 -2.879618 -3.001948 -2.938854 -3.033074
-2.943839 -3.022621 -2.998566 -3.024761 -2.981814
-3.006172 -2.995307 -3.043271 -3.001326 -2.997302
-2.862209 -2.82205 -3.02792 -2.988488 -2.993996
-2.954625 -2.973578 -3.018763 -2.956154 -2.989164
-2.902578 -2.995751 -3.016962 -2.974356 -2.893718
-2.989594 -2.880402 -2.961205 -3.026193 -2.046135
-3.00359 -2.9622 -2.999923 -2.991331 -2.959872
-1.988942 -2.867431 -3.007407 -3.011229 -2.72327
-2.976878 -2.987189 -2.994451 -2.940936 -2.980395
-2.993435 -2.991773 -2.998927 -3.035359 -2.969871
-2.97434 -2.958164 -2.992946 -2.988834 -2.89606
-3.019406 -3.043349 -3.016858 -3.03287 -2.072445
-3.030674 -2.994053 -2.905766 -2.978621 -2.99267
-2.936476 -3.03244 -2.976027 -2.895327 -3.045161
-2.986294 -2.985054 -2.991164 -2.97448 -2.995578
-3.041878 -2.969807 -2.885154 -2.994667 -2.963176
-3.032941 -2.967976 -2.994831 -3.004703 -2.914982
-3.021691 -3.021097 -2.868817 -2.981588 -2.996246
-2.714112 -2.934762 -3.020878 -3.000955 -3.027003
-2.958567 -3.021383 -3.035961 -2.859046 -2.989312
-3.048145 -3.025072 -2.933828 -3.03318 -2.947025
-2.88034 -3.042834 -2.905831 -2.946398 -3.058947
-2.914127 -3.069317 -2.987867 -2.782532 -2.97399
-3.008594 -3.009747 -3.02002 -3.00968 -3.018728
-3.034479 -2.950775 -3.009385 -2.990222 -2.966893
-3.027587 -2.979926 -2.953334 -3.004732 -2.993793
-2.982383 -3.006036 -2.970649 -2.987579 -2.885682
-2.989975 -2.983709 -2.983881 -2.951442 -3.034106
-3.004625 -2.983107 -2.962688 -2.985382 -3.021001
-2.960683 -2.870201 -3.027869 -3.048064 -2.999674
-3.017545 -3.02791 -3.021048 -2.906719 -2.891825
-3.007538 -3.008094 -3.015825 -2.981559 -3.002656
-2.931862 -2.883339 -2.93692 -3.048141 -2.999147
-3.006692 -3.03926 -2.817954 -3.010454 -3.03066
-2.97851 -3.001701 -3.002734 -2.969767 -2.976464
-2.967884 -3.033628 -2.986664 -2.965339 -2.995399
-3.002991 -3.056612 -2.997166 -3.013506 -3.037044
-2.995822 -3.008375 -2.959344 -2.998142 -2.895038
-2.961448
