-2.973381 -2.996026 -2.975983 -2.960615 -2.805413
-2.977935 -2.918416 -2.965308 -2.882262 -2.859189
-2.996182 -2.754457 -2.96329 -3.013304 -2.9646
-2.959302 -2.860607 -2.987646 -2.979897 -2.975296
-2.960713 -2.935656 -2.945883 -2.957011 -2.981932
-2.959304 -2.03548 -2.988648 -2.980482 -2.955268
-2.999939 -2.992896 -2.985553 -3.008636 -2.971677
-2.930353 -2.97555 -2.86091 -2.967329 -2.995095
-2.977841 -2.962522 -2.935277 -3.002925 -3.014918
-2.861825 -2.998943 -2.968874 -2.834792 -2.990454
-2.949086 -2.972598 -3.015971 -2.979341 -2.800377
-2.946991 -2.980768 -3.006209 -2.975954 -2.870769
-2.919646 -2.91088 -2.957278 -2.985635 -2.863488
-2.969832 -2.991483 -2.987419 -2.949178 -2.998228
-2.976275 -2.938887 -2.977932 -2.941551 -2.957603
-2.895043 -2.952672 -2.964702 -2.975486 -2.995782
-2.988666 -2.970586 -2.985183 -2.968748 -3.034568
-2.93693 -2.993234 -2.96964 -2.952272 -2.956979
-2.827869 -2.879135 -2.883066 -2.993724 -2.948098
-2.930599 -2.970412 -2.736991 -2.861762 -2.981204
-2.964173 -2.986648 -2.911939 -3.007354 -3.05761
-2.953615 -2.925981 -2.982167 -2.889026 -2.842862
-2.959698 -2.965647 -2.82436 -2.953012 -2.94113
-2.943471 -2.968812 -2.940911 -2.891697 -2.990267
-2.975029 -2.988356 -3.006459 -2.996758 -3.004454
-2.964427 -2.848326 -2.949288 -2.995905 -2.957607
-2.962315 -2.983629 -2.96268 -2.849333 -3.010723
-2.882608 -2.963869 -3.002109 -2.99898 -2.972371
-2.973762 -2.955106 -3.014133 -2.731267 -3.024242
-2.978442 -3.003708 -2.982024 -3.003056 -2.837891
-2.951265 -2.964205 -2.991759 -2.985409 -2.985679
-3.000041 -3.010235 -2.991202 -2.999448 -2.98737
-2.993595 -3.004952 -2.829156 -2.865063 -2.934303
-2.96193 -2.825927 -2.982145 -2.975987 -2.954501
-2.959066 -2.991725 -2.936064 -2.998321 -2.929604
-3.014296 -2.986174 -2.844523 -3.006866 -2.956249
-2.806391 -2.847308 -3.001866 -3.006902 -2.96311
-2.972433 -2.992443 -2.97641 -2.983985 -2.951948
-2.976157 -2.986901 -2.948085 -2.844604 -3.000826
-2.988852 -2.9787 -2.978837 -2.947528 -2.966184
-2.976597
