-2.955395 -2.957938 -2.949226 -2.942662 -2.934522
-2.837545 -2.962802 -2.980919 -2.830488 -2.954225
-2.991445 -2.958188 -2.942762 -2.981266 -2.965277
-2.954834 -2.953506 -2.846335 -2.94577 -2.946114
-2.97826 -2.992346 -2.986706 -2.990304 -2.968526
-2.862776 -2.945036 -2.936435 -2.983434 -2.831927
-2.954763 -2.966543 -2.976088 -3.00062 -2.963504
-2.992099 -2.952851 -2.979072 -2.958343 -2.959627
-2.82215 -2.950565 -2.954055 -2.950269 -2.981323
-2.982505 -2.958098 -2.992241 -2.968395 -2.968812
-2.988326 -2.948687 -2.851386 -2.977483 -2.956255
-2.980654 -2.829576 -2.970166 -2.849201 -3.008045
-2.939374 -2.964045 -2.989841 -2.954543 -2.972831
-2.967358 -2.979343 -2.9508 -2.823382 -2.974855
-2.954794 -2.964644 -2.978084 -2.983325 -2.989511
-2.97243 -2.96996 -2.857282 -2.98221 -2.923078
-2.84282 -2.937148 -2.977207 -2.992902 -2.939634
-2.936647 -2.975945 -2.981345 -2.976363 -1.975174
-2.830936 -2.870303 -2.975129 -2.965103 -2.948258
-2.976933 -3.008418 -2.965086 -2.998551 -2.937747
-2.998764 -2.96637 -2.942457 -2.949391 -2.986107
-2.948696 -2.860887 -2.988268 -2.933488 -2.965992
-3.004214 -2.97637 -2.984798 -3.001646 -3.005954
-2.881232 -2.950986 -2.97463 -2.971116 -2.938193
-2.958099 -2.98152 -2.985231 -2.979422 -2.857115
-2.956668 -2.944382 -2.829533 -2.99056 -2.94479
-2.973781 -2.972664 -2.974504 -2.96946 -2.949001
-2.923688 -2.929508 -2.967538 -2.990129 -2.951616
-2.969652 -2.964179 -2.993323 -2.960453 -2.981344
-2.995792 -2.961401 -2.976856 -2.933071 -2.971812
-2.984017 -2.958285 -2.984497 -2.816283 -2.963929
-2.98616 -2.941692 -2.970708 -2.985406 -2.949347
-3.015283 -2.949889 -2.938813 -2.959245 -2.958276
-2.951511 -3.006429 -2.981672 -2.949646 -2.962233
-2.916599 -2.965198 -2.954791 -2.824919 -2.957027
-3.011967 -2.838743 -2.965345 -2.950978 -2.97581
-2.999136 -2.840384 -2.95461 -2.97538 -2.958462
-2.921344 -2.867099 -2.956345 -2.971148 -2.982426
-2.95261 -2.966213 -2.984784 -2.964519 -2.005416
-2.951404 -2.956594 -2.864568 -2.948018 -2.82559
-2.972038
