-2.967061 -2.982582 -2.857882 -2.977708 -2.966474
-2.856866 -3.000468 -3.00254 -3.008843 -3.001976
-3.002209 -2.994713 -3.006273 -2.865817 -2.993698
-2.985235 -2.977411 -2.860385 -2.88177 -2.952567
-3.0038 -2.950812 -2.937377 -2.858367 -2.988905
-2.967201 -3.014829 -3.000366 -2.960936 -2.855528
-2.838769 -2.983405 -2.951044 -2.996448 -3.021723
-2.867312 -2.996061 -2.975016 -2.879016 -2.957639
-2.861122 -2.991284 -2.943516 -2.982301 -2.960151
-2.999495 -2.811878 -2.999874 -3.007665 -2.949188
-2.944505 -2.986355 -3.009492 -2.987115 -2.972838
-3.032362 -2.884736 -2.869836 -2.967943 -3.002364
-3.022626 -2.974798 -2.952341 -2.874134 -2.982801
-2.991802 -2.860824 -3.001834 -2.959291 -2.949568
-2.964398 -3.000513 -2.886121 -3.038927 -2.715431
-2.874081 -3.014288 -3.021825 -2.823939 -3.009281
-2.984213 -2.995507 -3.012019 -2.984423 -2.860698
-3.009149 -3.001134 -3.000603 -2.976219 -2.881557
-2.96356 -2.97129 -2.872381 -2.970455 -2.994416
-2.952794 -2.861368 -3.02818 -3.022792 -3.00716
-2.950976 -2.947925 -2.971423 -3.012155 -3.032627
-2.868318 -2.981713 -2.95656 -2.891749 -2.985195
-2.850579 -2.975438 -2.975925 -2.957832 -19.77156
-2.991093 -2.954802 -2.937241 -2.956634 -2.995712
-3.023214 -3.000546 -2.998396 -2.984984 -2.960257
-2.965512 -2.972176 -2.982446 -2.989847 -2.851081
-2.879268 -2.995607 -2.972006 -2.903946 -3.020904
-2.97477 -2.988852 -2.860871 -3.00954 -2.99512
-2.946508 -2.977356 -2.989061 -3.02056 -1.985022
-2.990687 -2.981638 -2.993962 -2.970214 -2.980256
-2.834697 -2.956542 -2.97027 -2.974971 -2.85956
-2.992821 -3.006848 -2.825941 -2.966429 -2.984385
-2.965364 -2.899491 -2.960126 -2.979614 -2.967347
-2.988061 -2.872407 -2.972028 -3.007331 -3.004211
-2.98176 -2.950652 -2.983231 -2.977078 -3.011795
-2.834056 -2.997475 -3.041167 -3.038241 -2.952799
-2.885762 -2.828663 -2.979856 -2.954052 -3.009285
-2.984147 -3.027746 -3.007194 -2.973671 -2.991619
-3.00341 -2.029202 -2.828707 -2.988361 -2.998125
-2.974722 -2.963552 -2.991202 -2.960465 -2.943003
-2.980546
