-2.985948 -2.984348 -2.954942 -2.991201 -3.011182
-2.975355 -2.987665 -2.953696 -2.980532 -3.023902
-3.012815 -2.991064 -2.950848 -2.968795 -2.962269
-2.980573 -2.991714 -2.997671 -2.952987 -2.9703
-2.964511 -2.995058 -2.918403 -2.946674 -3.012946
-2.943034 -2.954195 -2.992247 -2.993787 -3.000048
-2.989358 -2.958652 -2.942948 -2.974314 -2.952214
-2.977452 -2.997042 -2.999034 -2.998557 -3.006916
-2.999894 -2.998133 -3.000134 -2.990291 -2.988268
-2.969891 -3.010386 -3.038575 -3.027085 -2.959117
-2.773996 -2.992628 -2.977059 -3.018822 -3.026208
-2.965524 -2.989686 -2.830826 -2.998459 -2.982493
-2.937372 -2.975138 -3.03977 -2.998055 -3.012625
-2.956562 -2.939662 -2.994496 -3.022256 -3.006818
-3.039464 -2.968285 -2.979979 -2.949901 -3.011966
-2.988871 -2.961102 -3.02327 -3.007066 -3.04499
-3.014523 -2.94799 -2.97077 -2.948237 -2.988748
-2.950793 -1.977312 -2.956826 -2.983298 -3.007961
-2.948642 -3.011178 -3.024497 -2.982509 -2.973101
-2.967789 -2.948514 -2.948833 -3.001034 -3.000901
-2.951608 -2.997206 -2.930412 -2.992898 -3.033991
-2.923616 -3.045336 -2.932779 -3.006664 -2.995579
-2.987209 -2.95496 -2.962371 -3.009966 -2.992649
-2.986845 -2.992086 -2.981672 -3.004859 -3.03162
-2.986298 -2.993369 -2.983862 -2.971968 -2.960573
-3.023411 -2.919115 -2.819751 -2.950301 -2.955658
-2.969217 -3.007812 -2.983281 -2.998957 -2.991613
-2.958896 -3.025827 -2.989354 -3.043743 -2.948721
-2.983911 -2.986649 -2.999228 -2.950053 -2.99413
-2.985154 -3.016608 -3.032543 -3.019128 -2.979528
-2.983871 -3.01732 -3.03486 -2.99489 -2.989125
-2.980898 -2.939613 -2.964858 -2.95448 -2.951833
-2.576943 -2.943318 -2.985241 -2.968032 -2.99419
-2.937963 -2.965047 -3.024543 -2.877631 -2.938513
-2.992486 -2.998005 -2.925808 -2.971853 -2.957895
-2.985072 -3.011237 -2.994457 -3.052601 -2.980332
-2.887643 -2.961628 -2.851552 -2.90001 -3.010633
-2.93739 -3.014759 -2.934047 -3.006436 -2.98936
-3.010567 -2.994025 -2.999171 -2.977997 -2.992324
-2.983338 -2.986372 -2.993601 -2.970716 -2.982236
-2.98916
