-3.012824 -2.984182 -3.057062 -3.008503 -3.042169
-3.004786 -3.020692 -2.935141 -3.054468 -3.045321
-3.035214 -3.027895 -3.021273 -3.019711 -2.993827
-3.023588 -3.047866 -3.062424 -3.020772 -3.008639
-3.025164 -3.025911 -3.019656 -3.028969 -3.067828
-3.007167 -3.041519 -3.072728 -3.042177 -2.99945
-3.033948 -2.990743 -3.018309 -3.023032 -3.021102
-3.024018 -3.039898 -3.032192 -3.017108 -2.9998
-3.003041 -3.0447 -3.053517 -3.003671 -3.022568
-2.993291 -2.988693 -3.00688 -3.064955 -3.009069
-2.993094 -3.044005 -3.055154 -3.043626 -3.033305
-2.97071 -3.032199 -1.967502 -3.037276 -3.011057
-2.962637 -3.043403 -3.023359 -2.982091 -3.028686
-3.004297 -3.005847 -2.990518 -3.011293 -2.980038
-3.028404 -3.007676 -3.006241 -3.015174 -3.052146
-2.963211 -2.980988 -2.966905 -3.019464 -2.888642
-3.053791 -2.996806 -3.033499 -2.983258 -2.991978
-3.05832 -3.023054 -2.998926 -2.994519 -3.038746
-2.916526 -2.979492 -3.009347 -3.013293 -3.035145
-3.017369 -2.93964 -3.014866 -3.026688 -3.033708
-3.039219 -3.019701 -3.022238 -3.038597 -3.027876
-2.826125 -3.019373 -3.036961 -3.005689 -2.867515
-3.019824 -3.001143 -3.061634 -3.010787 -3.016911
-3.002374 -2.99323 -2.883518 -3.02513 -3.025921
-3.043367 -3.033874 -3.011858 -2.987974 -3.018992
-3.020566 -2.981132 -3.005146 -2.983691 -3.033832
-3.015754 -3.011588 -2.993566 -2.915158 -3.017469
-3.036839 -3.069749 -2.959542 -2.952555 -3.058876
-3.014906 -3.014425 -3.040244 -24.61059 -3.014676
-2.994627 -3.011797 -3.024777 -3.050685 -3.048463
-2.972122 -2.992612 -3.015302 -2.994524 -3.030058
-3.018003 -3.01837 -3.032693 -3.001401 -3.032678
-3.00776 -2.937325 -2.981703 -2.966837 -3.033532
-3.044887 -3.075966 -3.044709 -3.065274 -2.97301
-3.031277 -3.01551 -2.967121 -2.938466 -3.027244
-3.003257 -2.989016 -3.0191 -3.039282 -2.979787
-2.988013 -3.019603 -3.031664 -3.057732 -3.020214
-3.000937 -2.99677 -2.959461 -2.996742 -3.004138
-3.004702 -3.024187 -3.015101 -3.047148 -3.039663
-3.01371 -3.011849 -2.821787 -2.758033 -2.989058
-3.031157
