-2.845209 -2.880834 -2.771397 -3.037668 -2.853512
-2.88225 -2.941481 -2.905914 -3.033496 -2.996677
-3.028891 -2.940001 -3.127071 -2.942121 -3.085951
-2.874198 -2.959387 -3.038658 -2.968811 -2.84206
-2.906891 -2.953396 -2.982341 -2.901261 -3.112103
-3.076039 -2.950613 -3.023518 -2.993334 -2.844331
-2.972944 -2.624482 -2.891311 -2.867389 -3.077911
-2.737403 -2.644113 -2.992996 -2.929487 -2.987016
-2.991139 -3.035865 -3.045398 -3.075973 -2.996258
-2.82423 -3.009432 -2.822436 -2.934414 -2.939304
-2.981922 -3.038625 -2.900289 -3.107389 -3.002144
-2.955044 -3.128649 -2.859881 -2.926201 -2.954998
-2.868702 -2.987384 -2.971283 -2.92766 -2.945098
-3.047946 -3.095322 -2.881037 -2.875848 -2.880602
-3.152314 -2.90967 -2.743461 -3.037029 -2.98764
-3.021755 -2.95362 -2.955418 -2.82586 -2.923541
-2.913152 -3.100905 -3.00935 -2.974895 -2.846005
-2.974475 -3.039404 -3.008685 -2.945176 -2.844427
-2.845808 -2.883631 -2.99562 -3.017819 -2.99359
-2.871935 -2.91093 -2.869353 -3.018485 -3.110245
-2.852478 -3.012018 -2.844951 -3.117105 -2.974624
-2.871278 -3.022855 -2.873185 -2.977179 -2.967724
-2.926413 -2.845369 -3.071289 -2.875174 -2.872866
-3.015539 -2.974684 -2.92629 -3.074702 -2.917914
-2.885421 -3.075352 -3.097276 -2.886643 -3.021007
-3.023935 -3.006215 -2.928705 -2.999868 -2.950191
-2.953376 -3.023573 -2.924651 -3.008544 -2.967523
-3.019371 -2.943015 -3.034619 -2.916987 -2.94251
-2.836122 -2.894121 -2.990111 -3.095641 -3.107447
-3.012503 -2.889087 -2.908129 -2.77521 -2.872872
-2.89327 -2.924312 -3.001608 -2.896791 -2.937218
-2.97776 -3.043546 -3.020885 -3.147127 -3.146503
-2.897744 -2.974722 -2.955474 -3.005696 -2.634661
-2.795445 -2.931116 -2.895541 -2.705412 -2.760239
-3.026126 -2.974384 -3.02613 -3.089661 -2.831138
-2.826484 -2.855668 -2.943222 -2.897564 -2.893893
-3.076414 -2.996543 -2.935711 -2.881782 -3.016124
-2.675343 -2.818137 -2.953926 -3.005501 -2.975065
-2.911864 -2.996958 -2.872559 -2.94443 -2.874758
-2.842213 -2.89008 -2.933549 -2.956482 -2.877224
-2.978418
