-2.77967 -3.090718 -3.027608 -3.083496 -3.052888
-3.085514 -2.999698 -2.863942 -3.066199 -3.042765
-2.958017 -3.066152 -3.302492 -3.050004 -3.136499
-3.334324 -3.00869 -3.140177 -3.218697 -3.039983
-3.045541 -2.934614 -3.127101 -3.211711 -3.106961
-2.973009 -3.119229 -3.17074 -3.115915 -2.975426
-2.87295 -2.961967 -3.044303 -3.111712 -3.135074
-3.079038 -3.170222 -3.095019 -3.032352 -3.009238
-2.910575 -2.924661 -3.113731 -2.868822 -2.995724
-2.960782 -3.062535 -3.162363 -2.969793 -3.016496
-3.079006 -3.089618 -3.101037 -3.070289 -3.090703
-3.050338 -2.99997 -2.934999 -3.081809 -2.957077
-3.066894 -2.919739 -2.838219 -3.114321 -3.152942
-3.116899 -2.941584 -3.054728 -3.062082 -3.239226
-3.231141 -3.002977 -3.133915 -3.223464 -3.151964
-3.274662 -3.020252 -3.085905 -3.081176 -2.988438
-3.150423 -2.893473 -3.120946 -3.153396 -3.011032
-3.074096 -3.008441 -3.204077 -3.039003 -3.170083
-3.167319 -3.081173 -3.188178 -2.954515 -2.920483
-3.008767 -3.006985 -3.052461 -3.036822 -3.024907
-2.96172 -2.959543 -3.188438 -2.883713 -2.967216
-3.14425 -2.919396 -3.021672 -2.993636 -2.975909
-2.960025 -3.124609 -3.016456 -2.999409 -3.00218
-3.022788 -3.137284 -2.976955 -2.926502 -2.961493
-3.037411 -3.056943 -2.943166 -3.109458 -2.913572
-3.025748 -3.027474 -3.096476 -3.059381 -3.076239
-3.071524 -3.178363 -3.107379 -3.126831 -3.045664
-3.009182 -3.131296 -2.956632 -3.006484 -2.888129
-3.129363 -3.151535 -2.969976 -3.025931 -3.064212
-2.884308 -3.05239 -3.072626 -3.025608 -3.068841
-3.068996 -3.128639 -3.183667 -3.068417 -3.193759
-2.920332 -2.993225 -3.077002 -2.918358 -3.132817
-3.202342 -3.112194 -2.958466 -3.080149 -3.051495
-3.078764 -3.055065 -3.162378 -3.012589 -3.129865
-3.067491 -3.046641 -2.904622 -3.047935 -2.994719
-2.89585 -3.013245 -2.997161 -2.95386 -3.022104
-3.045917 -3.015707 -3.186747 -3.084795 -3.258064
-2.938506 -3.040865 -2.944696 -3.092398 -3.035874
-3.112324 -3.03898 -3.008052 -3.082731 -2.92561
-3.027509 -2.925231 -3.063253 -3.119246 -3.110171
-3.211808
