-2.853216 -2.96487 -2.904262 -2.887202 -2.981154
-2.971257 -2.947257 -2.939227 -3.000911 -2.868652
-2.820805 -2.979138 -3.037729 -2.880801 -2.860863
-2.862426 -2.895679 -2.942157 -3.061383 -3.182255
-2.910296 -2.933583 -2.905297 -3.077278 -2.963883
-2.938884 -2.949645 -3.094626 -2.924024 -3.077319
-3.072067 -2.95544 -3.037448 -2.896878 -2.865393
-3.12171 -2.902693 -2.895216 -3.020642 -3.028096
-3.031749 -2.908217 -2.908516 -3.038326 -2.926546
-2.778438 -2.967459 -3.04836 -2.736156 -2.811829
-2.887594 -3.034354 -2.918431 -2.987826 -3.005536
-2.918679 -2.865147 -2.881524 -2.870665 -2.957119
-2.912228 -3.11106 -3.174247 -3.069489 -2.999231
-3.029919 -2.979853 -2.855997 -2.876066 -3.014698
-3.028558 -2.911457 -2.952192 -2.920679 -2.97438
-2.827337 -2.766157 -2.887252 -3.005271 -2.878561
-2.921363 -3.033639 -3.142363 -2.982966 -2.903049
-2.926312 -2.890566 -2.983156 -3.077657 -2.970104
-2.986969 -2.947308 -2.888616 -2.996713 -2.871338
-3.072944 -2.795934 -2.951149 -2.88847 -3.08136
-3.017439 -2.92481 -2.964013 -2.944261 -2.983803
-2.912815 -2.959161 -2.770437 -2.85231 -3.011108
-3.012308 -2.993223 -2.932646 -3.008291 -3.042209
-2.935647 -2.936037 -2.926493 -2.989808 -2.952015
-2.997202 -2.901441 -3.09799 -2.907394 -3.066568
-2.832605 -2.958134 -2.853268 -2.805569 -2.947327
-3.013961 -2.921671 -2.966483 -3.008329 -2.866346
-2.817365 -2.967607 -3.30762 -3.004178 -2.876612
-3.001111 -2.929643 -2.968883 -2.955384 -3.034568
-2.878312 -2.890366 -2.965651 -2.772183 -2.814841
-2.955482 -2.919291 -3.151482 -2.931108 -3.027407
-2.983205 -2.969563 -2.910874 -2.929521 -3.035107
-2.975622 -2.816719 -2.954692 -2.87503 -2.939244
-2.899249 -3.042931 -2.937117 -2.985779 -2.924141
-3.144597 -2.923665 -2.991441 -2.946873 -2.995772
-3.141272 -3.01314 -2.901035 -2.950245 -3.076161
-2.972227 -2.969236 -2.905697 -2.909865 -3.118776
-3.007341 -2.880096 -2.848049 -3.148439 -3.002906
-2.968306 -2.854238 -2.96213 -3.015892 -2.884454
-2.905111 -2.958939 -2.975156 -2.903858 -2.904255
-2.930704
