-3.036497 -3.048612 -3.050225 -3.058993 -3.07571
-3.009105 -3.046011 -3.064381 -3.043425 -3.078156
-3.055893 -3.032153 -3.041337 -3.026222 -3.060374
-3.031821 -3.033796 -3.042463 -3.047313 -2.947514
-3.036005 -3.004087 -2.933866 -2.884049 -2.912217
-3.025593 -3.034511 -3.079978 -3.03448 -2.933714
-3.04219 -3.065906 -3.081587 -3.043499 -3.060014
-3.040067 -3.066315 -3.059065 -3.051299 -2.882748
-3.036778 -3.060409 -3.041723 -3.050437 -3.083748
-3.050861 -3.046495 -3.060724 -3.017058 -3.083487
-3.045682 -3.062446 -3.063388 -3.074158 -3.041971
-3.070084 -3.010519 -3.029133 -3.065297 -3.058666
-3.035294 -3.050762 -3.054849 -3.065778 -3.056813
-3.026223 -3.04571 -3.025969 -2.999312 -3.076604
-3.063446 -3.055684 -2.92949 -3.036306 -3.061463
-3.047284 -3.054058 -3.061452 -3.04846 -3.042781
-3.033221 -3.052867 -3.047233 -3.068144 -3.058909
-3.056515 -3.045777 -3.042084 -3.042827 -3.082903
-3.080098 -3.023542 -3.031495 -3.044214 -3.055895
-3.032273 -3.059106 -3.048752 -3.05621 -3.058872
-3.059368 -3.041104 -3.036815 -3.068167 -3.054478
-3.057389 -3.026219 -3.055774 -3.037728 -3.052353
-3.043342 -2.911848 -3.032711 -2.035127 -3.038204
-3.068632 -2.956782 -3.050108 -3.018348 -3.060433
-3.025344 -3.052132 -3.062099 -3.053657 -3.078127
-3.06775 -3.068104 -3.033779 -3.048024 -3.036765
-3.044417 -3.051287 -3.036536 -3.048596 -3.044369
-3.068605 -3.038091 -3.056872 -3.075774 -3.054189
-3.048117 -3.118075 -3.037565 -3.034753 -3.077696
-3.035448 -3.044078 -3.034324 -3.055564 -3.061401
-3.045256 -3.037537 -3.08524 -3.084522 -3.026913
-3.062824 -2.950477 -2.931891 -3.014267 -3.050299
-3.053559 -3.050966 -3.070499 -3.078351 -2.870728
-2.897742 -2.895579 -3.023389 -3.028635 -3.073372
-3.041154 -3.018681 -3.088341 -3.042153 -3.083741
-3.037689 -3.05724 -3.02054 -3.051179 -3.008928
-3.043857 -2.955842 -3.050502 -3.032536 -3.045595
-3.072513 -2.740293 -3.033612 -3.066561 -3.05608
-3.018375 -3.042992 -3.063856 -3.032242 -3.059387
-3.061385 -3.046181 -3.052897 -3.042044 -3.03385
-3.045954
