-2.984979 -2.997521 -3.004319 -2.997807 -3.051399
-3.021214 -2.98724 -3.004802 -3.024328 -3.036206
-3.024001 -2.984623 -3.018131 -2.985707 -3.00218
-3.012274 -3.036409 -2.997584 -2.996499 -3.029462
-2.993027 -2.982753 -3.005768 -2.985582 -3.011347
-2.982979 -2.997826 -2.896028 -2.99682 -2.049006
-2.978155 -2.883117 -3.007591 -3.030568 -2.995268
-3.00553 -3.004301 -2.985752 -2.997437 -3.02126
-3.065658 -3.028239 -3.02931 -2.987722 -2.990229
-3.002977 -3.018935 -2.999541 -3.000046 -2.946738
-2.980158 -2.870247 -3.016367 -3.024112 -3.032977
-3.014052 -3.023915 -3.006069 -3.053377 -2.890611
-3.012765 -2.89907 -2.856835 -3.012187 -3.000402
-3.019212 -2.98769 -3.023016 -3.015976 -3.026923
-2.997538 -2.992599 -3.015828 -3.012472 -3.066785
-3.004261 -3.019361 -2.842192 -2.976581 -2.878087
-2.984279 -2.669299 -3.01768 -2.941789 -2.983641
-2.983584 -2.978115 -3.019273 -3.013085 -2.975991
-2.899412 -2.99415 -3.023915 -2.974187 -3.00343
-3.017558 -3.001146 -2.884241 -3.056045 -2.982186
-2.996497 -2.997374 -3.003033 -2.995238 -2.98286
-3.030282 -3.006566 -3.015482 -3.022204 -3.004388
-2.971708 -3.009158 -3.006421 -2.983321 -2.994915
-2.980744 -3.02973 -3.026433 -2.026515 -2.991685
-3.002182 -2.982052 -3.049932 -2.967822 -3.05692
-3.007889 -3.007784 -3.016131 -2.9947 -3.002285
-2.86586 -3.012513 -3.000125 -3.014504 -3.011312
-2.899117 -3.024148 -2.990515 -3.022198 -2.991591
-3.030967 -3.0076 -2.978786 -2.970395 -2.979627
-3.02807 -2.89431 -3.034041 -3.016381 -2.989374
-3.00379 -3.017858 -2.967521 -3.010956 -3.022479
-2.976464 -2.971364 -2.871488 -3.048632 -2.976999
-3.011011 -3.034815 -2.984506 -3.044529 -3.020873
-3.002176 -3.013495 -2.888538 -3.007699 -3.0123
-3.001204 -3.019218 -2.984887 -3.013727 -3.003904
-2.994358 -3.029633 -2.980967 -2.977888 -2.957141
-2.980546 -3.002026 -2.887086 -3.02962 -3.0084
-2.961763 -3.029959 -2.991525 -3.026239 -3.024345
-2.982134 -2.999487 -3.017199 -2.870966 -3.007589
-2.952503 -3.022177 -3.01626 -3.036674 -2.983784
-3.028855
