-2.82585 -2.898582 -2.727208 -2.946651 -2.83076
-2.83835 -2.670616 -2.958611 -2.966424 -2.947551
-3.149935 -2.863245 -2.820448 -2.98935 -3.010855
-2.806488 -2.924384 -2.873306 -2.976372 -2.830495
-3.099979 -2.970041 -2.933858 -2.858582 -2.885065
-3.006409 -2.861953 -2.85533 -2.951051 -2.98872
-3.040391 -2.951412 -2.796095 -2.95876 -3.013616
-2.848521 -2.89907 -2.988431 -3.024944 -2.970586
-2.798182 -2.813143 -2.911097 -2.97458 -2.902997
-2.931193 -2.877602 -2.911653 -2.862749 -2.95353
-2.909979 -2.961678 -2.977616 -2.869358 -3.011909
-2.975419 -3.09532 -3.012049 -2.942058 -3.037771
-2.833237 -2.782026 -2.817917 -2.916829 -2.822454
-2.771854 -2.810495 -2.887357 -2.8768 -2.954563
-2.909044 -2.903987 -2.821175 -2.818556 -2.884029
-2.937127 -2.910595 -3.009143 -2.798079 -3.118553
-2.874821 -2.818881 -3.004728 -2.943298 -2.93184
-2.924304 -2.967678 -2.906996 -2.891536 -2.959311
-2.998831 -2.891411 -2.847188 -2.841704 -3.041802
-2.946881 -2.840837 -2.912618 -2.883405 -3.026122
-2.817327 -2.832078 -2.953577 -2.982884 -2.906868
-3.169422 -2.770818 -2.811003 -2.948974 -2.954578
-2.954157 -2.792334 -2.921762 -2.866977 -2.756094
-3.026634 -3.02113 -2.823443 -2.933546 -3.012484
-3.053401 -2.845545 -2.889565 -2.892404 -2.959464
-2.86696 -2.893927 -2.860958 -2.889461 -2.923003
-2.877373 -2.910487 -3.032568 -2.93684 -2.881957
-2.854765 -2.84045 -2.896129 -2.970654 -2.866072
-2.781074 -3.065808 -2.860928 -2.83441 -2.853357
-2.906237 -3.036734 -2.974481 -2.930443 -2.992122
-2.933625 -3.06238 -2.981422 -2.873769 -2.94997
-2.957205 -2.889029 -2.922217 -2.937746 -2.90395
-3.046733 -2.937516 -2.921646 -2.878188 -2.889164
-2.812643 -3.108904 -2.971952 -3.047324 -2.988934
-2.96193 -2.888211 -2.931775 -2.998056 -2.964875
-2.905637 -2.946022 -2.931771 -2.96118 -2.973461
-2.941264 -2.996855 -2.866729 -3.101931 -3.062895
-2.952809 -2.970059 -2.966882 -2.923003 -2.859123
-2.954594 -2.993514 -2.884868 -2.930739 -2.832047
-2.848801 -2.960301 -2.88541 -2.837919 -2.941454
-2.94851
