-2.962574 -2.849495 -2.994096 -2.972559 -2.962344
-3.015526 -2.992436 -2.936679 -2.978712 -2.981584
-2.954762 -2.992234 -2.957292 -2.976951 -2.993824
-2.975702 -2.978648 -2.949999 -2.989306 -2.990604
-2.998602 -3.001973 -2.990031 -2.977378 -2.960088
-2.987958 -2.997813 -2.958607 -2.979764 -3.012411
-2.963043 -3.002751 -2.982682 -2.971805 -2.976775
-3.000953 -3.025205 -2.965193 -3.002535 -2.953133
-2.986238 -2.971248 -3.00965 -3.007398 -2.960746
-2.999275 -2.972605 -2.988724 -2.991019 -2.98024
-2.960296 -2.99458 -2.974718 -2.974767 -2.975481
-2.975614 -2.986358 -2.945413 -1.931136 -2.933267
-2.966681 -2.835604 -3.005416 -2.922694 -2.978078
-2.997753 -2.986324 -2.986207 -2.968364 -2.963553
-2.973257 -2.995905 -2.964503 -2.992523 -2.938739
-1.996978 -2.990532 -2.980459 -2.981547 -2.999326
-2.956298 -2.996675 -2.959703 -2.973733 -2.898053
-2.965564 -3.00447 -2.977028 -2.991325 -2.981418
-2.970428 -2.938872 -2.97425 -2.987009 -2.989237
-2.982209 -2.877584 -3.014722 -3.048696 -2.991421
-2.954838 -3.000782 -2.954635 -2.986475 -2.998134
-2.99325 -2.968441 -2.986764 -2.953749 -3.012129
-2.973614 -2.970584 -2.997885 -2.991142 -2.980905
-2.983067 -2.999464 -2.966764 -2.85698 -2.980845
-2.961438 -2.995609 -2.964283 -2.910734 -2.961387
-2.987952 -2.995775 -2.985403 -2.969775 -3.005377
-2.996785 -2.989277 -2.99228 -2.848514 -2.987497
-2.984651 -2.982002 -2.893944 -2.979587 -2.972308
-2.992067 -2.965099 -2.948277 -2.99946 -2.974845
-2.986671 -2.998275 -3.006243 -2.963842 -2.980532
-2.974985 -2.986792 -2.984504 -2.997491 -2.965465
-2.856594 -2.952547 -2.977102 -2.963413 -2.990427
-2.976156 -2.982414 -3.008418 -2.973606 -2.968372
-2.861182 -2.971836 -2.870175 -2.958052 -3.00185
-2.952872 -2.995325 -2.951563 -2.990684 -2.97178
-2.991215 -3.016502 -2.997801 -2.984921 -2.936712
-2.984497 -2.97252 -2.862463 -2.985511 -2.969406
-2.836709 -2.968843 -2.995443 -2.997094 -2.856435
-2.975942 -2.976854 -2.986298 -2.824614 -2.963678
-2.98188 -3.003901 -2.960742 -2.845509 -2.98246
-2.838694
