-2.974853 -2.936134 -2.97264 -2.990477 -2.996327
-2.974005 -2.99552 -2.96157 -2.938462 -2.900798
-3.008028 -2.985771 -3.026445 -2.983685 -2.995034
-2.982334 -2.951326 -2.950355 -2.927224 -2.956228
-2.981283 -2.936323 -2.960655 -2.992332 -3.020171
-2.973533 -2.890134 -2.962436 -2.980538 -2.954468
-2.982969 -3.031482 -2.957497 -2.991442 -2.980491
-2.961738 -2.943075 -2.936274 -2.987803 -2.95215
-2.972732 -2.999015 -2.929889 -2.993885 -2.964815
-2.99526 -2.853488 -2.962967 -2.964172 -3.004119
-2.109103 -3.009879 -2.987624 -2.988806 -2.98715
-2.869597 -2.056669 -3.023772 -3.009414 -2.98889
-2.990191 -2.9713 -2.947317 -2.980535 -3.015029
-2.905104 -2.967359 -2.969591 -2.973715 -2.986663
-3.011909 -2.986126 -2.968261 -2.856909 -2.966648
-2.964143 -3.060858 -3.021549 -3.01157 -2.991394
-2.986324 -2.989156 -3.016668 -2.922783 -2.929086
-2.981736 -3.005396 -2.960508 -2.942535 -3.036846
-3.011064 -2.990716 -2.997859 -2.938873 -3.000546
-2.989747 -2.980056 -2.805647 -2.820442 -3.044087
-2.913856 -2.962757 -3.000977 -2.987507 -2.977259
-2.980171 -3.044713 -2.953816 -3.027502 -2.918209
-2.982262 -2.983827 -2.991936 -2.918926 -3.017388
-2.889436 -2.982037 -3.006429 -2.967221 -2.969344
-2.934278 -2.990564 -2.967204 -2.978489 -3.019498
-3.067425 -3.034919 -2.065488 -2.996784 -2.991491
-2.795333 -3.008536 -2.931151 -2.984014 -3.025366
-2.954072 -2.93547 -2.974176 -2.885891 -2.933779
-2.92529 -3.022442 -2.936657 -2.973497 -3.01336
-2.957583 -2.997669 -2.936426 -2.982014 -2.941594
-2.940245 -2.953138 -2.952033 -2.934024 -2.983693
-2.994453 -2.867255 -2.953539 -2.901665 -3.029122
-2.988304 -2.966349 -2.935365 -3.013117 -3.00584
-3.01444 -2.793563 -1.994179 -2.97362 -2.974923
-2.937733 -2.844576 -2.994617 -2.994225 -2.879891
-2.921311 -2.900638 -2.983704 -3.048196 -2.964107
-2.930576 -2.978657 -2.942012 -2.986113 -3.004384
-2.928136 -2.964226 -3.046104 -2.959649 -3.013913
-2.951145 -2.861301 -2.942542 -2.878476 -2.983622
-3.020198 -2.93842 -2.966154 -2.976529 -2.890731
-2.995976
