-3.033505 -3.083572 -3.044838 -3.067209 -3.055232
-3.084345 -2.917377 -3.070687 -3.056929 -2.728
-2.899839 -3.07454 -3.064592 -2.780012 -3.047754
-3.030114 -3.024557 -3.016689 -2.940409 -3.057583
-3.046477 -2.917916 -3.049463 -3.016452 -3.03248
-3.028226 -3.059418 -3.053774 -3.043848 -3.036552
-3.017794 -3.080384 -2.920248 -2.900181 -3.026534
-3.047149 -3.042792 -3.120358 -3.045603 -3.017971
-3.046305 -3.011578 -3.048723 -3.014801 -3.051026
-2.110105 -3.072117 -3.0812 -3.039012 -3.067168
-3.051082 -1.928073 -3.047901 -3.051284 -3.034049
-3.050141 -3.040132 -3.036972 -3.061085 -3.006301
-3.052711 -3.066292 -3.043875 -3.071234 -3.064215
-3.040456 -3.005293 -3.091247 -3.096304 -3.074557
-2.961835 -3.068449 -3.040197 -3.092365 -2.933418
-3.029456 -3.010217 -3.031581 -3.084857 -3.082281
-3.06696 -3.057011 -2.934068 -2.881077 -3.043312
-2.928047 -3.063103 -2.98733 -3.093568 -2.93762
-3.026581 -3.08015 -3.036926 -3.060236 -3.0686
-2.886263 -3.053237 -3.112492 -3.02558 -3.084944
-3.048495 -3.01676 -2.934351 -3.067121 -3.07552
-3.04679 -3.061025 -3.018279 -3.038497 -3.059086
-3.063954 -3.055687 -3.050897 -3.028885 -3.066951
-3.077747 -3.095118 -2.932958 -3.027494 -3.062003
-3.01594 -3.025306 -3.035397 -2.999144 -3.027808
-3.064728 -3.034301 -3.063283 -2.82385 -3.04345
-3.057834 -3.063315 -3.004589 -3.030797 -3.072242
-3.061596 -3.064294 -3.045364 -3.046526 -3.044029
-3.098624 -3.038213 -3.007618 -3.038389 -3.080137
-3.064203 -3.046288 -3.040262 -3.005856 -3.021135
-3.037531 -3.054981 -3.055664 -2.95403 -3.051055
-3.060688 -3.042645 -2.8776 -3.021554 -3.038081
-3.073181 -3.023058 -3.030726 -3.060684 -2.905065
-3.029791 -3.090178 -3.036438 -3.055028 -3.047443
-3.090549 -3.047509 -3.043564 -3.046185 -3.084356
-3.066295 -3.052305 -3.092193 -3.067267 -3.036597
-3.017384 -2.913451 -3.076651 -3.030255 -3.050456
-3.049822 -3.008558 -3.063035 -3.03235 -3.042193
-3.069895 -3.060797 -3.045125 -3.077467 -3.030252
-3.064162 -3.001927 -2.870789 -3.025718 -3.032271
-3.044451
