-3.036001 -3.063273 -3.04344 -3.020862 -3.059162
-3.03517 -2.894179 -2.894023 -3.027795 -3.020769
-3.01536 -3.04799 -3.096434 -3.046387 -3.031679
-2.893643 -3.039686 -2.009019 -3.041441 -3.06015
-3.025604 -3.010915 -2.914916 -2.887882 -3.038937
-3.003305 -3.042445 -3.048906 -2.999527 -3.058969
-3.047608 -2.887504 -3.045084 -2.903449 -3.061964
-2.887102 -3.045883 -2.910797 -2.905729 -3.041461
-3.05691 -3.068978 -3.041376 -3.055427 -3.064383
-3.004135 -3.106613 -2.863378 -3.031264 -3.034933
-3.020845 -3.070449 -3.039242 -3.041576 -2.939286
-3.019657 -3.03463 -3.048073 -3.038756 -3.04109
-3.021145 -3.026266 -3.045288 -2.952483 -3.021168
-3.032096 -3.053248 -2.906718 -3.032054 -3.026686
-3.081277 -2.011849 -2.892674 -3.034615 -3.038194
-3.047948 -3.038916 -3.027577 -3.036671 -3.039181
-3.049861 -2.924509 -3.077684 -3.035461 -3.052978
-3.022017 -3.040871 -3.036652 -3.030229 -3.053824
-3.067624 -3.032457 -3.044219 -3.006773 -3.051239
-3.057038 -3.049253 -2.93428 -3.025813 -3.026399
-3.019841 -3.05295 -2.00553 -2.950399 -3.044771
-3.07015 -3.030264 -2.915432 -3.057856 -3.057869
-3.048426 -3.100376 -2.947226 -3.065325 -2.998402
-3.049738 -3.047453 -3.049646 -3.01643 -3.042008
-3.079184 -2.894707 -3.021829 -2.93684 -3.06208
-2.884383 -2.975219 -2.998577 -3.062685 -3.044403
-3.044112 -3.035672 -3.052727 -3.087848 -3.049665
-3.026082 -3.048526 -3.023108 -3.020056 -3.035676
-3.038056 -3.046561 -3.06952 -3.01917 -3.037643
-3.050072 -2.994815 -3.04237 -3.04649 -3.023726
-3.064662 -2.923347 -2.917261 -3.038039 -3.070449
-3.045072 -3.037482 -3.026128 -2.999068 -3.042138
-3.000668 -2.045222 -3.069049 -3.034966 -3.041337
-3.059507 -3.058616 -3.024568 -3.028021 -3.021056
-3.054095 -3.022958 -3.063439 -2.903753 -3.0816
-3.060648 -3.048744 -3.017579 -3.059389 -3.072103
-2.938086 -3.019168 -3.01651 -2.880762 -3.040872
-3.065586 -3.019272 -2.923989 -3.039349 -3.05355
-3.019776 -3.059953 -3.006124 -2.986776 -3.021664
-3.024708 -3.01551 -3.034368 -2.895212 -2.928357
-3.052796
