-2.933262 -2.915198 -2.928832 -2.899666 -2.916475
-2.940728 -2.927469 -2.953369 -3.020583 -2.880615
-2.952948 -2.936281 -2.82018 -2.946666 -2.701102
-2.859865 -2.796388 -2.983542 -2.93499 -2.939863
-2.927727 -2.895809 -2.890873 -2.979119 -3.018347
-2.924409 -2.88938 -2.930871 -2.944581 -2.954355
-2.945776 -2.931248 -2.938929 -2.979392 -2.970111
-2.964186 -2.971796 -2.981278 -2.971132 -2.946533
-2.977263 -2.945683 -2.984027 -3.056975 -2.971274
-2.928326 -2.925207 -2.9747 -2.98251 -2.926793
-2.931631 -2.914074 -2.984037 -2.938023 -2.973619
-2.956514 -2.935062 -2.945952 -2.944701 -2.973994
-2.982856 -2.968597 -2.944095 -2.93146 -2.952887
-2.974453 -2.967375 -2.946117 -2.885787 -2.953726
-2.959057 -2.921168 -2.995329 -2.946037 -2.778025
-2.907456 -2.976211 -2.946609 -2.979121 -2.998113
-1.885433 -2.964722 -2.949576 -2.968411 -2.93907
-2.945781 -3.003681 -2.904779 -2.942003 -2.951027
-2.913162 -1.992024 -2.96259 -2.940443 -2.933467
-2.973012 -2.981858 -2.902719 -2.953323 -2.95423
-2.950121 -2.879445 -2.946406 -2.933367 -2.984926
-2.95353 -2.935674 -2.993793 -2.940794 -2.928491
-2.960549 -2.938083 -2.953718 -2.805245 -2.92358
-2.944987 -2.949293 -2.945012 -2.9516 -2.899054
-2.926412 -2.960595 -2.938386 -2.909821 -2.902016
-2.909316 -2.92645 -2.845484 -2.952845 -2.949004
-2.935161 -2.927821 -2.94849 -2.941733 -2.948931
-2.980544 -2.957408 -2.863166 -2.932735 -2.927426
-2.967603 -2.982572 -2.94826 -2.904493 -2.901157
-2.905715 -2.938192 -2.843787 -2.944307 -2.918105
-1.931172 -2.878262 -2.900527 -2.897155 -2.876913
-2.931917 -2.880386 -2.981 -2.931825 -2.94637
-2.904348 -2.959742 -2.876893 -2.90908 -2.958457
-2.982894 -2.965321 -2.936166 -2.910385 -2.87662
-2.916214 -2.869994 -2.947699 -2.949336 -2.970906
-2.945212 -2.946954 -2.792579 -2.811209 -2.964025
-2.958981 -2.83564 -2.930289 -2.940392 -2.907917
-2.945951 -2.890494 -2.952995 -2.983546 -2.939802
-2.942699 -2.888816 -2.964206 -2.95938 -2.92362
-2.954976 -2.962888 -2.930576 -2.945841 -2.928631
-2.931112
