-2.891548 -2.941412 -3.074808 -2.920378 -2.947613
-3.016589 -2.994809 -3.03296 -3.068094 -2.975549
-2.92694 -3.052311 -3.097327 -3.044829 -2.992718
-2.954062 -3.059166 -2.981058 -3.08935 -2.973789
-2.883729 -3.05238 -2.952809 -3.006817 -3.137994
-3.028802 -3.126312 -2.976571 -3.207233 -3.020716
-2.99021 -3.090576 -3.018578 -3.030603 -2.997868
-3.029249 -3.024331 -3.008163 -3.055868 -2.962151
-3.033902 -3.141102 -2.931768 -2.89233 -3.073418
-3.016978 -3.061761 -2.939298 -2.934201 -2.898964
-3.185656 -2.951195 -3.022942 -3.035946 -2.995769
-2.991891 -3.047953 -3.124387 -3.10538 -3.092447
-3.030113 -2.944123 -3.016784 -3.080675 -3.193246
-2.971101 -2.990785 -2.950481 -3.051889 -2.93096
-3.059902 -2.936173 -3.043127 -2.987202 -2.912634
-3.036105 -3.029611 -2.982435 -3.052967 -3.020409
-3.086921 -2.948216 -2.959447 -2.916261 -2.988884
-2.996632 -3.048758 -3.069294 -3.041553 -2.827629
-3.013657 -3.032531 -2.983614 -3.093106 -2.928616
-3.000833 -3.093279 -3.032163 -3.006596 -3.093118
-2.901233 -3.03112 -3.088903 -3.105519 -2.82128
-2.975625 -3.009209 -2.933376 -3.025749 -3.021998
-2.974684 -3.020422 -3.047202 -3.050758 -2.968612
-2.860537 -2.980362 -2.955036 -3.078444 -3.049064
-3.133572 -3.092139 -2.943712 -2.982449 -2.948785
-3.036019 -3.021945 -3.034234 -3.02708 -3.142476
-3.07075 -3.09986 -3.078827 -3.140241 -3.055495
-2.895312 -2.962242 -2.997205 -3.076584 -2.990995
-3.008616 -2.957362 -3.001318 -3.01217 -3.093932
-2.9402 -2.973141 -3.063498 -2.999282 -2.9463
-3.013369 -2.933043 -3.155976 -3.105678 -3.06487
-2.934128 -3.110249 -2.892831 -3.073259 -3.078018
-3.03596 -2.950242 -3.059648 -2.886508 -2.900833
-3.067055 -2.922107 -2.973889 -3.007656 -3.114878
-3.125424 -2.986199 -3.026753 -2.984582 -3.027588
-2.916394 -3.081878 -3.054907 -2.906196 -2.960756
-3.118165 -2.963623 -2.954954 -2.966952 -2.996755
-2.983213 -3.138121 -3.002244 -3.064832 -3.069938
-3.103302 -3.033742 -3.103632 -3.143936 -2.978778
-2.945077 -2.930668 -3.148204 -3.127134 -3.064153
-3.017349
