-2.976878 -3.002916 -2.986631 -3.042475 -2.944523
-3.007485 -2.978613 -2.959638 -3.024576 -3.006637
-2.979318 -3.025956 -2.981623 -2.758982 -3.03241
-3.03528 -3.060832 -2.984984 -2.9691 -2.980523
-3.012127 -2.965329 -2.881259 -3.074372 -3.007723
-2.995478 -2.979544 -3.012688 -2.995223 -3.016893
-2.984647 -3.021425 -2.900285 -2.998259 -3.024079
-3.027745 -2.985989 -2.967974 -2.975776 -2.981062
-3.010589 -2.987423 -2.965021 -2.991483 -2.98072
-3.005195 -2.983084 -2.991588 -2.979797 -2.971162
-2.986196 -2.983059 -2.990556 -2.983976 -2.965442
-3.011094 -2.992908 -3.030583 -3.023946 -2.968814
-3.016169 -3.025811 -2.007903 -2.970703 -2.986824
-3.042686 -2.924011 -3.047329 -2.995052 -3.005395
-2.980572 -2.915349 -2.992898 -3.038668 -3.0273
-3.023933 -2.977234 -2.9917 -2.975133 -2.998071
-2.960051 -3.040146 -2.972267 -2.974866 -3.02043
-3.007064 -3.044828 -2.96905 -3.010514 -2.981824
-3.040172 -2.995183 -3.009328 -2.95463 -2.98558
-2.969758 -3.021312 -3.01349 -3.021811 -2.936892
-2.98464 -2.998888 -3.010674 -2.946118 -3.03855
-2.989412 -3.015877 -3.024028 -2.944278 -2.974507
-3.018048 -2.976363 -2.979375 -3.021223 -2.958158
-2.983178 -2.942496 -3.035312 -3.041202 -2.98818
-2.96564 -2.975132 -2.994098 -3.014986 -3.011898
-3.0093 -2.960356 -2.996644 -3.007959 -3.02684
-2.936937 -2.990445 -2.936167 -2.948109 -2.996834
-3.013432 -3.028526 -3.04679 -2.979446 -2.855235
-3.00005 -3.066393 -3.008814 -2.997299 -3.0094
-3.004013 -3.000899 -2.981712 -3.022051 -2.911724
-3.012738 -2.986774 -2.980789 -2.967933 -2.970407
-2.852863 -2.938299 -2.977283 -3.022789 -2.993775
-2.961443 -2.987591 -2.973643 -3.018298 -3.023115
-2.945916 -2.976256 -2.964479 -2.993844 -2.999274
-2.977709 -2.97744 -2.795081 -2.967981 -3.02833
-2.982593 -3.008115 -3.041559 -3.005895 -2.986047
-2.999297 -2.940096 -3.036914 -3.03395 -3.005444
-2.901298 -2.947281 -3.026676 -2.985637 -3.012114
-3.018953 -3.005772 -2.990779 -3.017709 -2.948405
-2.974343 -3.003398 -3.025422 -3.013291 -3.028719
-2.978919
