-2.96995 -2.968284 -3.03717 -2.966475 -3.003989
-3.013273 -2.985529 -2.992494 -2.932815 -2.942857
-2.982381 -2.943602 -2.996719 -2.916615 -3.032857
-3.008488 -2.966708 -2.975548 -2.745057 -2.963912
-2.870642 -2.966857 -2.975256 -2.927771 -2.955242
-3.004653 -2.991135 -3.041639 -3.007001 -2.967539
-3.007892 -2.975623 -3.008717 -3.024553 -2.968498
-3.019022 -3.006393 -2.995328 -2.969817 -2.93527
-2.993035 -2.946004 -2.969698 -2.93876 -2.975358
-2.982271 -2.988297 -2.991592 -2.980407 -2.980458
-2.780989 -3.00783 -2.974545 -2.995862 -2.925178
-2.746096 -3.000181 -2.996903 -2.957446 -2.952907
-2.752953 -2.925619 -2.954086 -2.996757 -2.987802
-2.96263 -3.033378 -3.021307 -3.011553 -2.960349
-3.010038 -2.890168 -3.010928 -3.001802 -2.969327
-2.963706 -2.839984 -2.991312 -2.982761 -2.99769
-2.96456 -2.998691 -2.865608 -2.992009 -3.021711
-2.998359 -2.978852 -2.935294 -2.965991 -2.954022
-2.896912 -2.994741 -2.964451 -2.998967 -2.995945
-2.955039 -3.019679 -2.921026 -3.006777 -3.020221
-3.002063 -2.964686 -2.998491 -2.962582 -2.993776
-2.895925 -3.001321 -2.975973 -2.973544 -2.974249
-2.476856 -2.024537 -2.911748 -2.986609 -2.994916
-2.907433 -2.917837 -2.99099 -2.981298 -2.97185
-2.960152 -3.015002 -2.842319 -3.000736 -2.854157
-3.020901 -2.964179 -2.984133 -2.971234 -2.972692
-2.95449 -3.039124 -2.966591 -2.97219 -2.988359
-2.989211 -2.961421 -2.983095 -2.966551 -2.950045
-3.001762 -3.014951 -3.008855 -2.954257 -2.973138
-1.939067 -2.870521 -3.019745 -3.017766 -3.040551
-2.946355 -2.902057 -2.939172 -2.960049 -2.946931
-2.979534 -3.009635 -2.971069 -2.964296 -2.990841
-2.857793 -2.905475 -3.006513 -2.966094 -3.007743
-2.007632 -3.019597 -2.995165 -2.982698 -2.898872
-2.834063 -2.963813 -3.040466 -2.889966 -3.021049
-3.038648 -2.931909 -2.996081 -2.972168 -2.986446
-2.990718 -3.005397 -2.951251 -2.984141 -2.976576
-2.968968 -3.026443 -2.997972 -2.986095 -2.992788
-2.97399 -3.02639 -2.960694 -2.94449 -2.842112
-2.976194 -2.972055 -2.997152 -3.014465 -2.977826
-3.006693
