-2.95617 -3.010325 -3.016222 -3.023819 -2.962892
-3.052387 -3.044534 -3.080396 -2.974215 -3.01596
-3.031906 -3.000217 -3.004218 -2.963582 -2.977395
-2.984638 -3.023308 -3.047838 -2.934325 -2.968463
-2.947842 -2.965295 -3.001928 -3.024085 -3.013844
-3.032521 -2.869594 -3.013462 -3.0096 -2.988147
-2.993709 -3.053754 -3.018523 -2.978238 -3.033944
-3.040185 -2.962691 -2.962088 -2.982386 -3.010934
-3.018022 -2.990342 -3.020241 -2.994709 -2.95264
-2.979963 -3.002501 -3.024159 -2.964436 -3.013141
-3.016037 -3.016122 -3.018546 -3.036152 -3.021023
-2.957462 -2.947305 -2.990481 -3.048591 -2.980227
-3.013432 -2.970808 -2.952391 -2.998671 -3.014988
-3.01382 -3.003215 -3.037584 -2.987318 -2.998042
-2.974818 -3.002116 -2.999092 -2.990602 -3.005246
-3.01343 -3.027976 -2.981853 -2.977855 -2.980919
-2.997836 -3.005069 -2.996699 -2.976269 -2.994031
-2.963963 -3.018808 -2.940057 -2.979463 -3.024456
-2.86078 -2.85714 -3.011903 -2.994561 -2.993011
-2.97527 -3.05055 -3.02604 -3.00441 -2.959175
-2.831192 -3.112608 -3.024751 -3.02246 -3.000418
-3.007575 -3.001738 -3.018463 -2.916543 -3.012221
-2.911605 -3.014654 -2.880754 -3.047946 -2.899219
-3.033917 -2.970803 -2.984123 -3.035518 -2.980991
-2.864955 -18.42832 -2.91072 -2.984582 -3.039677
-3.026361 -3.073747 -2.964929 -2.953501 -2.961714
-3.009263 -2.989593 -2.997655 -2.996908 -3.016383
-2.960876 -2.962635 -2.994484 -3.011513 -2.940079
-2.989295 -3.00919 -2.973323 -2.994532 -3.043403
-3.026242 -3.02057 -2.896405 -3.013715 -2.964615
-3.001894 -2.978229 -2.948686 -2.979536 -3.051181
-2.947431 -2.991671 -2.967687 -2.974319 -2.99765
-2.924763 -3.020438 -3.015242 -2.992944 -2.975421
-2.981986 -2.876924 -2.988436 -3.000651 -2.997094
-2.979655 -2.928292 -3.001284 -2.992018 -3.018801
-3.010936 -2.957451 -3.043593 -2.963594 -3.000211
-2.989453 -3.048497 -2.966274 -2.876392 -2.992883
-2.99224 -2.994224 -1.931616 -2.917434 -3.004318
-3.016306 -2.992814 -2.985002 -3.037694 -3.030418
-2.979675 -3.042977 -2.94798 -2.995119 -2.967982
-2.964075
