-2.991162 -3.019294 -3.051062 -3.00631 -2.979896
-3.083052 -3.044639 -3.045639 -3.019231 -3.029804
-2.972786 -3.007118 -2.988598 -3.028187 -3.01519
-2.994852 -3.026298 -3.009077 -2.982464 -2.989099
-2.955891 -3.016022 -3.048987 -3.000185 -3.017544
-3.029967 -3.037352 -2.957449 -3.00245 -3.005614
-3.025612 -3.000073 -2.992382 -2.998608 -3.012046
-3.028413 -2.998284 -3.013314 -3.007008 -2.941941
-3.063771 -3.004116 -2.98898 -3.005245 -3.007998
-2.969322 -3.014406 -2.987856 -3.040883 -3.005103
-3.038067 -2.982942 -3.014357 -3.01947 -3.010537
-3.000667 -2.980508 -2.95857 -2.987551 -3.005095
-2.998545 -2.996957 -2.965347 -3.005055 -3.006594
-3.040737 -2.985737 -3.093875 -2.992737 -2.965888
-3.00706 -2.98494 -3.004285 -3.025237 -2.988952
-3.044923 -3.012183 -3.00767 -3.006028 -2.981277
-3.031113 -3.010023 -3.00138 -2.975395 -2.990802
-3.044742 -3.026659 -2.993925 -2.993689 -2.973327
-3.02203 -3.021687 -2.977865 -3.031719 -2.996778
-3.030222 -2.958483 -2.981672 -3.01019 -2.967699
-3.033778 -3.005181 -2.990133 -3.038883 -2.978778
-2.951117 -3.032816 -3.000095 -2.900974 -3.008894
-3.01273 -3.01095 -3.017367 -2.979185 -2.972595
-3.033154 -3.024076 -3.036733 -2.990204 -3.028436
-2.994268 -2.990619 -3.033936 -3.004639 -2.990363
-2.976572 -2.99596 -2.974769 -2.995642 -3.018726
-3.028659 -3.013484 -2.993234 -2.993609 -2.997319
-3.011266 -2.990381 -2.993621 -2.978697 -2.99633
-3.017872 -3.027498 -2.993174 -3.005334 -2.966133
-3.025466 -3.036243 -2.889102 -2.997232 -3.037269
-3.00325 -3.011535 -3.015001 -2.987728 -3.052295
-3.005177 -3.022786 -2.984232 -3.009707 -3.035846
-3.008294 -2.979158 -2.972194 -2.991414 -2.9751
-2.991234 -3.020239 -3.026757 -2.984281 -3.015284
-2.974745 -3.041314 -3.017886 -2.989448 -2.974734
-3.014331 -2.976218 -3.003476 -2.983551 -3.027429
-2.991617 -3.026187 -2.982416 -2.96587 -3.008176
-3.022045 -2.999277 -2.979131 -2.968391 -2.963532
-2.999801 -3.009736 -2.999935 -2.990875 -2.987031
-3.003683 -3.020705 -3.000053 -2.994405 -3.016354
-2.991064
