-2.911938 -2.925291 -2.935569 -2.864532 -2.926636
-2.795787 -2.873323 -2.813767 -2.898643 -2.898181
-2.890678 -2.929767 -2.781432 -2.896777 -2.849266
-2.911769 -2.94459 -2.925137 -2.92181 -2.915355
-2.900956 -2.909917 -2.921996 -2.941109 -2.919008
-2.935325 -2.88874 -2.922416 -2.948504 -2.782393
-2.932748 -2.932234 -2.801164 -2.963376 -2.883292
-1.950273 -2.991523 -2.934365 -2.949119 -2.924296
-2.926589 -2.926574 -2.912048 -2.965234 -2.908765
-2.95422 -2.886023 -2.889211 -2.944006 -2.919754
-2.950982 -2.943057 -2.948855 -2.930906 -2.907846
-2.774374 -2.916281 -2.900963 -2.876302 -2.912498
-2.924025 -2.864895 -2.970085 -2.883421 -2.747466
-2.960838 -2.865483 -2.932455 -2.939241 -2.766861
-2.969607 -2.948048 -2.893673 -2.907297 -2.96973
-2.899228 -2.881446 -2.930248 -2.94264 -2.920247
-2.91018 -2.90153 -2.945422 -2.901828 -2.909207
-2.93143 -2.900736 -2.925109 -2.94246 -2.900444
-2.792162 -2.942195 -2.909168 -2.923787 -2.903014
-2.897878 -2.959674 -2.803841 -2.983929 -2.918799
-2.889762 -2.9412 -2.868187 -1.964844 -2.934412
-2.913601 -2.907964 -2.903752 -2.771817 -2.911166
-2.913175 -2.784125 -2.914175 -2.978432 -2.929145
-2.935594 -2.917311 -2.964743 -2.963942 -1.899937
-2.832225 -2.79946 -2.911245 -2.942787 -2.89358
-2.927955 -2.921955 -2.922973 -2.904118 -2.922444
-2.935403 -2.950826 -2.92287 -2.897788 -2.918573
-2.924292 -2.886926 -2.933277 -2.973123 -2.925886
-2.93642 -2.932165 -2.935134 -2.933632 -2.766816
-2.909547 -2.921062 -2.928475 -2.941054 -2.921319
-2.963834 -2.887507 -2.622699 -2.922592 -2.875632
-2.923359 -2.90018 -2.899766 -2.968588 -2.918863
-2.948285 -2.889046 -2.937303 -2.914587 -2.936999
-2.968162 -2.92964 -2.914366 -2.929826 -2.898837
-2.929565 -2.922317 -2.914845 -2.924445 -2.945869
-2.883006 -2.877791 -2.777481 -2.930082 -2.824699
-2.87127 -2.942496 -2.815311 -2.917982 -2.934248
-2.839876 -2.911862 -2.943422 -2.92474 -2.90425
-2.92489 -2.900269 -2.904671 -2.926038 -2.918646
-2.895724 -2.901207 -2.926751 -2.904018 -2.93352
-2.914949
