-3.018382 -2.952959 -3.042416 -2.999277 -3.022291
-2.980069 -2.968128 -3.027797 -3.059382 -3.0109
-3.015237 -3.035417 -3.050518 -3.003646 -2.983534
-3.030493 -2.911431 -3.051701 -2.963444 -3.088532
-3.029615 -3.013082 -3.029871 -3.032006 -3.04417
-3.002527 -3.015051 -2.9623 -3.020428 -3.005876
-3.019086 -3.010455 -3.070568 -3.024746 -2.9823
-3.057481 -3.004389 -3.010689 -3.000988 -3.03484
-2.947482 -3.011687 -2.942535 -2.946351 -2.990583
-2.958522 -3.039137 -2.953179 -3.012929 -2.994176
-2.988015 -3.019325 -3.003913 -3.008626 -2.962785
-3.063009 -2.994065 -3.029512 -3.017815 -2.972514
-3.011015 -3.037156 -3.04949 -3.000029 -2.996143
-3.018271 -2.96807 -3.002546 -3.013048 -2.968603
-2.961269 -2.995543 -3.035951 -3.048634 -3.031604
-3.045834 -3.040618 -3.084164 -2.941902 -3.010568
-2.987148 -3.052384 -2.973333 -3.00365 -3.001224
-2.990902 -3.030796 -2.958387 -2.968046 -3.001538
-2.89918 -3.107215 -2.990096 -3.027099 -2.9612
-3.033502 -3.098 -3.053881 -2.979923 -3.003074
-3.035875 -3.053831 -2.988205 -3.027913 -3.035595
-3.036963 -2.97081 -3.016668 -3.028114 -3.061854
-2.952774 -2.969186 -3.04551 -3.067854 -3.015453
-2.953375 -3.041758 -3.052678 -2.99002 -3.02673
-3.056642 -3.015695 -3.019327 -3.012482 -3.049337
-2.982327 -3.019614 -3.035255 -3.011815 -3.043509
-3.04121 -3.069832 -3.019236 -2.983975 -3.00908
-3.019781 -3.054455 -2.997322 -3.009838 -2.951399
-3.048067 -2.994379 -2.946727 -3.003795 -3.010844
-3.030646 -3.062122 -3.047578 -2.987458 -2.989557
-3.006135 -3.035407 -3.059704 -3.061663 -2.974334
-3.019063 -2.983632 -2.993321 -2.989108 -2.758379
-3.000791 -2.993639 -3.014141 -2.994441 -3.032444
-3.029298 -3.032617 -2.996371 -3.004163 -3.116739
-3.012337 -3.013845 -2.96223 -3.056864 -3.017049
-3.059511 -2.975782 -3.026742 -3.003134 -2.974099
-3.038523 -3.026219 -2.985968 -3.012341 -3.087843
-3.003314 -3.027567 -3.03753 -3.009525 -3.051673
-2.94074 -2.996322 -3.026706 -2.98609 -3.058049
-3.024027 -2.988539 -3.034321 -3.021692 -2.970679
-3.07848
