-2.850316 -2.948223 -2.799686 -2.918025 -3.044282
-3.124423 -3.040428 -2.905363 -2.924688 -2.856603
-2.885476 -3.054102 -2.911251 -2.780663 -3.0867
-2.912097 -3.043321 -2.949883 -2.864625 -3.055688
-2.851831 -3.06868 -2.936554 -2.943125 -2.894586
-2.967537 -3.092488 -2.869629 -2.86009 -3.039335
-2.936244 -2.877197 -2.887871 -3.123831 -2.933804
-2.912663 -3.047151 -2.940129 -2.898804 -3.044064
-3.041802 -2.996825 -3.022979 -2.888902 -2.90667
-2.945843 -3.064221 -3.087873 -2.905613 -3.029141
-3.140213 -2.951826 -2.974377 -3.013312 -3.16117
-3.089272 -2.940684 -2.86655 -2.926604 -2.985214
-2.949902 -3.084944 -3.026189 -3.00658 -3.121027
-2.987313 -3.000865 -2.954194 -2.96709 -3.013614
-2.879291 -2.840885 -3.018612 -2.943625 -2.962389
-2.922723 -2.973815 -3.014023 -2.879503 -2.967158
-3.081711 -2.965752 -2.870746 -3.034238 -3.053451
-2.999501 -3.035413 -2.943856 -2.947355 -3.016068
-2.961087 -3.124567 -2.897437 -2.956731 -3.08971
-2.923537 -2.969444 -2.959603 -2.854965 -3.046367
-2.9984 -3.030235 -2.898699 -2.995471 -3.117761
-2.90584 -2.836268 -2.856856 -2.870565 -2.9872
-3.034294 -2.903766 -2.953456 -3.016331 -2.809493
-2.987654 -3.031965 -2.959625 -2.942223 -2.961272
-3.12193 -3.052863 -2.969454 -3.12795 -2.97229
-3.062531 -2.803698 -3.049149 -3.042798 -2.930702
-2.980544 -2.984295 -2.959142 -3.161681 -2.907298
-2.996975 -3.039489 -3.018012 -3.061899 -3.119462
-2.993695 -2.911392 -3.051595 -2.979848 -2.890514
-3.006599 -3.06501 -2.926317 -2.875083 -2.973214
-2.936901 -2.941344 -3.067919 -3.058507 -2.955779
-3.021207 -2.930824 -3.000277 -2.891816 -2.999811
-2.997372 -2.927631 -3.114489 -2.912904 -2.847574
-2.90579 -2.896428 -3.087855 -2.986943 -2.874101
-3.027214 -3.005269 -3.107823 -2.872255 -3.036669
-3.01659 -2.875902 -2.877255 -2.93401 -2.929974
-3.101973 -3.080266 -3.073748 -2.992008 -3.014903
-3.084407 -2.831689 -2.930287 -2.946471 -3.072806
-2.957862 -2.918365 -3.029259 -2.968047 -3.078039
-2.934295 -2.806134 -2.921345 -3.000699 -2.939627
-2.838245
