-2.985236 -2.975808 -3.02763 -2.979263 -3.008963
-3.002781 -2.982414 -3.036773 -2.878314 -2.976306
-2.980722 -2.995387 -3.011327 -2.980487 -2.969987
-3.040556 -2.959181 -2.840405 -3.015936 -2.986608
-2.874058 -2.978694 -2.967864 -2.962091 -3.006699
-2.911139 -2.608597 -3.022193 -3.0199 -2.964189
-2.953427 -2.998353 -3.009754 -2.968722 -2.975037
-2.94576 -2.994028 -2.989965 -2.990836 -2.980114
-3.017379 -2.988409 -3.023703 -2.996901 -2.992527
-2.967657 -2.979454 -2.979584 -2.85642 -2.97209
-2.994056 -2.91269 -2.979357 -2.969544 -3.005527
-3.003038 -2.843112 -2.99758 -2.974948 -2.998151
-2.988657 -2.960972 -2.993152 -2.984065 -2.843063
-2.855567 -2.994521 -3.003869 -3.005701 -3.006118
-2.977684 -2.980786 -2.972633 -2.989671 -2.97399
-2.968267 -3.033169 -2.986049 -3.003687 -2.983757
-2.848325 -2.045942 -2.952243 -2.972516 -2.984397
-2.993442 -3.001469 -3.009003 -3.006219 -2.99923
-2.999944 -2.963846 -2.981383 -2.979471 -2.971944
-2.984956 -3.014933 -3.008164 -2.987472 -2.962825
-3.016423 -2.974192 -2.966638 -3.011406 -2.982091
-2.976287 -2.995669 -2.840532 -3.004368 -3.026686
-2.998659 -2.993347 -3.031161 -3.007751 -2.990446
-2.983139 -3.000631 -2.986996 -3.012634 -2.97094
-2.98543 -3.026342 -3.021917 -2.998023 -2.012284
-2.963873 -1.987754 -3.012322 -3.004592 -3.010974
-2.867392 -2.983845 -3.029487 -2.842947 -3.001067
-2.868712 -2.862017 -3.000699 -3.013471 -2.993764
-2.987664 -2.984086 -2.833935 -2.979056 -2.996533
-2.932907 -3.026062 -2.997588 -2.977425 -2.996183
-2.979086 -3.014101 -2.985454 -2.985457 -2.989288
-2.994118 -2.963428 -2.976955 -2.830831 -2.991173
-2.973288 -2.982981 -3.013725 -2.942445 -2.977774
-2.960975 -3.003106 -2.996348 -3.005783 -2.842909
-3.00903 -2.978096 -2.98188 -2.975291 -3.015819
-2.951476 -2.845896 -2.991153 -2.963723 -3.007642
-2.859571 -2.984699 -3.029951 -2.026286 -3.013202
-2.992131 -2.992676 -3.017976 -2.96815 -2.926651
-2.973443 -3.049943 -3.003974 -2.946491 -2.956203
-2.978666 -2.980036 -2.973704 -2.998904 -2.951457
-2.99822
