-2.952674 -3.02021 -2.967041 -2.950428 -2.979581
-2.939053 -2.907003 -2.914089 -2.991424 -2.944349
-2.961401 -2.958302 -2.943921 -2.970176 -2.948624
-2.955166 -3.003849 -2.936175 -2.950127 -2.947547
-2.996368 -2.931039 -2.947408 -2.833325 -2.988608
-2.968787 -2.954378 -2.950043 -2.943251 -3.00723
-2.996939 -2.956003 -2.947021 -2.934931 -2.933178
-2.961702 -2.945066 -2.953095 -3.031929 -2.951639
-2.966731 -2.951115 -2.941178 -2.928453 -2.992202
-2.999861 -2.905534 -2.911133 -2.917749 -2.967098
-2.984486 -2.991263 -2.98278 -2.966973 -2.946042
-2.923011 -2.905474 -2.98443 -2.942332 -2.952864
-2.962777 -2.809937 -2.95616 -2.991954 -2.961672
-2.934519 -2.949429 -2.933388 -2.921769 -2.987712
-2.96793 -2.987927 -2.929653 -2.9463 -2.932935
-2.984482 -2.938643 -2.971903 -2.844028 -2.944172
-2.995699 -2.941466 -2.908345 -2.950403 -3.008565
-2.970881 -2.98501 -2.979247 -2.841804 -2.990124
-2.983374 -2.947611 -2.937604 -2.902979 -2.946716
-2.932228 -2.941565 -2.954231 -2.950146 -2.918535
-2.934306 -2.932992 -2.93494 -2.916224 -2.937691
-2.962368 -2.906823 -2.995392 -2.997098 -2.94513
-2.956723 -2.938144 -3.004197 -2.927255 -2.938403
-2.974814 -2.911662 -2.953109 -2.97773 -2.94677
-2.990663 -2.974073 -2.924431 -2.976232 -2.948967
-2.942053 -2.848213 -2.969716 -2.925855 -2.956561
-2.989227 -2.950697 -2.950584 -2.862434 -2.933113
-2.926065 -2.932313 -2.992437 -2.940405 -2.947996
-2.949001 -2.999245 -2.956227 -2.966313 -2.967803
-2.965766 -2.952227 -2.989901 -2.940391 -2.941548
-3.008691 -2.990535 -2.966397 -2.017912 -2.842499
-2.898028 -2.985193 -2.994576 -2.944981 -2.995429
-2.96651 -2.956054 -2.959478 -2.969352 -2.97386
-2.973272 -2.95119 -2.967376 -2.987634 -2.997543
-2.96938 -2.975304 -2.948329 -2.903243 -2.97337
-2.949759 -2.954597 -2.912439 -2.957637 -2.797083
-2.831933 -2.948873 -2.920689 -2.839742 -2.98206
-2.936705 -2.9432 -2.986586 -2.964776 -2.948129
-2.962101 -2.921961 -2.958478 -2.976272 -2.928614
-3.000832 -2.916139 -2.858177 -2.945642 -2.959304
-2.949984
