-2.956741 -2.884885 -2.98161 -2.952034 -3.019974
-2.89871 -2.947436 -2.963898 -3.003866 -3.025336
-2.946758 -3.032004 -2.958833 -3.007617 -2.982432
-2.984818 -2.969504 -3.00314 -2.877804 -2.838077
-2.937992 -2.951089 -2.945901 -2.999887 -3.009621
-2.984584 -2.994962 -2.963244 -2.951473 -2.801291
-2.949949 -2.966177 -2.961318 -2.966161 -3.031887
-3.029884 -3.017356 -2.95788 -2.973579 -3.014951
-2.987517 -2.907621 -2.998284 -2.955316 -2.971467
-3.022449 -3.012922 -3.003502 -2.97418 -2.948758
-2.939341 -2.755879 -2.987578 -3.011718 -2.930196
-3.038612 -2.981967 -2.962921 -2.997686 -1.920919
-2.85135 -2.98948 -2.939525 -3.024705 -2.950198
-3.054837 -3.010243 -2.968917 -2.980644 -2.869539
-3.011666 -2.977716 -2.837114 -3.005574 -2.995367
-2.924608 -2.847521 -2.915837 -2.978126 -2.957363
-2.871779 -3.004794 -2.989601 -2.987254 -3.004528
-2.989503 -2.96773 -3.008955 -2.895485 -2.982982
-3.065295 -3.001395 -2.988034 -2.82403 -2.94554
-2.82766 -2.941425 -2.977224 -2.990179 -3.005219
-3.009738 -2.961396 -2.951157 -3.010429 -2.973644
-2.047205 -2.966699 -2.913481 -2.987071 -3.054015
-2.992443 -2.953149 -2.955169 -3.062841 -2.96825
-2.976862 -2.966571 -2.943779 -2.981567 -2.971101
-2.944469 -3.023104 -2.978814 -3.000308 -2.975281
-2.995283 -3.000627 -2.960478 -2.968207 -3.015577
-2.983552 -2.955939 -2.933242 -2.95251 -3.02822
-2.952458 -2.849378 -3.016705 -3.049546 -2.968457
-3.009672 -2.998476 -2.925789 -2.989178 -2.937067
-2.983252 -2.052647 -2.95978 -2.997625 -2.999497
-2.989548 -2.807424 -2.957437 -2.98984 -2.98069
-3.00829 -2.991353 -3.008588 -2.9988 -2.947219
-3.016684 -2.912704 -3.002653 -2.741583 -2.946986
-2.967266 -3.028767 -2.875959 -2.945468 -2.928931
-2.910459 -3.008737 -2.094616 -2.938837 -2.974921
-2.999236 -2.995306 -2.98693 -2.964647 -2.990086
-2.982765 -2.913825 -2.997174 -2.93596 -2.999202
-2.966332 -3.028718 -3.009543 -2.971832 -2.991131
-2.975139 -3.034659 -3.000991 -3.064522 -2.996594
-3.004241 -2.85878 -2.978498 -3.011732 -3.021108
-3.007905
