-2.973104 -2.835114 -2.995679 -2.118948 -2.996336
-2.995436 -3.02455 -3.012076 -3.03091 -3.014239
-2.724748 -2.977825 -2.975391 -3.021061 -3.038205
-3.022026 -3.020129 -2.985072 -3.030752 -2.972019
-3.010188 -2.977752 -3.010386 -3.00667 -3.035924
-3.023055 -2.973364 -2.889344 -2.062682 -2.965479
-2.96328 -3.011272 -3.005424 -3.016692 -3.023963
-3.016426 -2.868186 -2.84148 -2.859955 -2.857262
-2.986962 -3.050666 -3.039749 -3.014656 -3.003265
-2.976553 -3.015918 -3.016029 -3.027901 -2.985461
-3.039181 -3.036657 -3.076486 -2.938537 -2.847012
-2.986764 -3.056853 -2.979397 -1.944849 -3.017461
-2.905866 -3.0002 -2.911871 -3.036245 -2.862462
-3.021976 -2.888575 -3.025999 -2.968377 -3.003914
-1.940374 -3.01133 -3.044564 -2.89552 -2.983924
-3.024386 -3.018811 -3.029642 -3.001185 -3.010356
-2.943712 -2.934008 -2.903377 -2.991168 -2.826404
-3.059033 -2.99529 -3.010573 -2.87119 -3.018779
-3.024639 -1.931604 -1.938135 -3.00513 -3.0665
-2.985427 -3.048472 -2.947858 -3.017909 -3.005458
-2.960613 -2.978211 -2.940332 -3.068607 -3.007804
-3.008267 -3.0019 -2.99852 -2.980512 -2.99026
-2.970623 -3.081672 -3.019402 -3.008508 -2.994645
-3.015919 -2.960127 -2.959975 -2.999732 -2.969343
-3.024688 -2.995668 -2.975544 -2.969817 -2.988494
-2.992731 -2.990223 -3.00573 -3.033059 -3.002651
-3.053453 -2.988915 -3.007479 -2.919602 -2.971682
-3.036539 -3.043658 -3.058587 -2.978559 -2.959441
-2.967235 -2.952856 -2.975398 -3.044051 -2.968082
-2.996591 -2.977795 -2.950361 -2.837704 -2.994396
-3.039728 -2.91008 -2.990623 -2.987922 -3.000196
-2.886719 -3.081903 -3.030105 -2.996451 -3.006902
-3.064275 -2.99895 -2.989488 -3.02197 -2.868038
-3.010029 -2.995087 -3.000471 -3.056002 -2.972397
-3.066645 -3.047347 -3.008474 -3.021783 -3.00529
-2.989686 -2.971915 -3.004337 -1.932926 -2.922378
-3.007588 -3.054816 -3.030568 -3.019484 -3.015996
-2.915956 -2.991241 -3.029637 -2.983119 -2.987502
-3.022039 -2.927728 -3.060086 -3.022109 -3.022039
-3.037486 -2.986242 -3.057241 -3.00654 -1.923426
-3.025739
