-3.012251 -3.068678 -2.96397 -3.038959 -2.90169
-3.057145 -3.049217 -3.040131 -3.025117 -2.75487
-3.037712 -2.89069 -2.755094 -3.027345 -2.871916
-3.036607 -3.024839 -3.005836 -3.017195 -3.014917
-3.039053 -3.02317 -3.003679 -3.038927 -3.054447
-3.012765 -3.039122 -3.022951 -2.768563 -3.040804
-1.953189 -3.013075 -2.889681 -2.910771 -3.025635
-3.010768 -3.022839 -3.038322 -3.009716 -2.986969
-3.046587 -3.049568 -2.892116 -2.772499 -3.035764
-3.015479 -3.030046 -3.014774 -3.037402 -2.894052
-3.032061 -3.011123 -3.031386 -3.017099 -2.866463
-2.904808 -2.962542 -3.022782 -3.021503 -3.015477
-2.984645 -3.010607 -3.06208 -2.086998 -2.871059
-2.897768 -3.03452 -3.051092 -3.018329 -3.051748
-2.984258 -3.070689 -2.910306 -2.920202 -2.86887
-3.012444 -3.023529 -3.020765 -3.035473 -3.063202
-2.995606 -2.915264 -3.050079 -2.897577 -3.037549
-3.033155 -3.030267 -3.008131 -2.903503 -3.022304
-3.027673 -3.035862 -3.044366 -3.042224 -3.006368
-3.037338 -3.018425 -3.067903 -3.02452 -3.02154
-2.995385 -3.013273 -2.927311 -3.043038 -3.022418
-2.993671 -3.033536 -3.04642 -3.005208 -3.025603
-3.0556 -2.89034 -3.061672 -2.999812 -2.953141
-2.885117 -3.052711 -3.004642 -2.893607 -3.012459
-3.027737 -3.012821 -3.035387 -2.864297 -3.014763
-3.030122 -2.999429 -3.039618 -3.026182 -3.034108
-3.038194 -3.036538 -2.99758 -3.020579 -2.908602
-2.992812 -3.035747 -3.06075 -3.030355 -3.016431
-3.019993 -3.018063 -3.027403 -3.008292 -3.027571
-3.012132 -3.040771 -2.993028 -3.027961 -3.026106
-3.020233 -2.92439 -3.00404 -3.030232 -2.981335
-2.885778 -3.016651 -2.883012 -3.036905 -3.061587
-2.959535 -3.037342 -3.012155 -2.058626 -3.051157
-3.014751 -3.040048 -3.038623 -3.053424 -3.026658
-3.028387 -3.014225 -3.03614 -3.034428 -2.876667
-3.066085 -2.871473 -2.993416 -3.050914 -3.003931
-3.022368 -3.038078 -2.887973 -2.999491 -2.877795
-2.923836 -2.87098 -3.025368 -3.007183 -3.030996
-3.032926 -3.030856 -3.017938 -3.048161 -3.090358
-3.007466 -3.040623 -3.026911 -3.007712 -3.030356
-3.00335
