-2.960431 -2.978829 -3.003387 -2.955803 -2.957126
-3.003012 -2.940499 -2.957152 -2.983989 -2.996968
-2.977788 -2.997403 -2.960666 -3.005428 -2.942426
-2.951517 -2.930046 -2.888547 -2.99653 -2.928978
-2.96712 -2.94779 -2.981541 -2.9581 -2.896926
-3.012306 -2.830875 -3.024441 -2.849029 -2.939959
-3.037084 -2.982511 -2.937076 -2.962239 -2.826737
-2.956793 -2.97528 -2.946116 -2.973566 -2.950546
-2.948511 -2.852127 -2.959317 -2.99303 -2.920765
-2.959397 -2.965322 -2.950663 -2.920014 -2.952758
-2.986918 -2.947614 -2.963339 -2.933116 -2.971642
-2.955352 -2.943977 -2.950669 -2.953451 -2.989369
-2.958709 -2.984632 -2.968056 -2.964922 -3.021332
-2.948367 -2.969734 -2.977308 -2.986875 -3.022974
-2.991127 -2.944344 -2.988607 -2.967941 -3.003945
-2.986244 -2.967296 -2.957247 -2.956305 -2.968245
-2.967775 -2.953822 -2.933157 -2.971088 -2.960945
-2.955438 -2.994038 -2.955184 -2.965604 -2.969211
-2.948004 -2.942429 -2.944155 -2.960965 -2.825031
-2.994918 -1.973743 -2.978721 -2.941802 -2.958436
-2.984551 -3.006109 -2.993473 -2.82987 -2.95645
-2.833455 -2.958247 -3.019176 -3.020215 -2.984247
-2.946546 -2.948407 -2.936357 -3.004623 -2.970313
-2.941683 -2.962036 -2.998531 -2.926879 -2.959317
-2.902996 -2.826091 -2.959657 -2.943951 -2.933718
-3.035671 -3.011666 -3.021513 -3.005393 -2.928067
-2.960215 -2.968001 -2.913762 -2.968458 -2.993041
-2.951369 -2.989943 -2.991373 -2.819267 -2.9426
-2.844684 -2.984287 -2.967567 -2.983486 -2.935524
-2.975057 -2.953009 -2.925589 -2.989759 -2.967354
-2.944997 -2.932994 -2.962971 -2.941372 -2.9352
-2.915275 -2.949004 -2.926702 -2.967141 -2.973781
-2.986196 -3.019229 -2.959558 -2.961092 -3.00738
-2.929709 -2.943438 -2.978742 -2.924913 -2.960441
-2.990002 -2.964433 -2.859599 -2.995178 -2.979213
-2.935017 -2.932214 -2.801458 -2.965343 -2.987292
-2.851598 -2.982982 -2.816503 -2.995475 -2.997153
-2.967239 -2.971299 -2.975838 -2.990892 -2.944742
-2.976248 -2.992671 -2.962231 -2.962551 -2.951386
-2.986487 -2.935102 -2.99324 -2.843146 -2.935801
-2.946538
