-2.901069 -2.954483 -2.967857 -2.839896 -2.924846
-3.037396 -2.980392 -3.034169 -3.160195 -2.975878
-2.989891 -3.039766 -2.982463 -2.968549 -2.985434
-2.856297 -3.102276 -2.9392 -2.928598 -3.036269
-3.112093 -3.06113 -3.166961 -2.990322 -3.097437
-2.949618 -2.91588 -2.979777 -3.084629 -3.054451
-3.017458 -3.009141 -3.156222 -2.95921 -2.959255
-3.05568 -2.885047 -3.03103 -2.944292 -3.09152
-3.024781 -3.029922 -2.998185 -2.960055 -3.221483
-3.144986 -3.034449 -3.060315 -3.078532 -3.098593
-3.074538 -3.041364 -3.081443 -2.971744 -2.846774
-3.027403 -3.041296 -3.047867 -3.081734 -3.004207
-2.975424 -2.970924 -2.991553 -2.889819 -2.928536
-3.117858 -2.884316 -3.056681 -3.008472 -3.022993
-3.126171 -2.990424 -3.041975 -3.058804 -3.128494
-3.241864 -3.032663 -3.015509 -2.992835 -3.0212
-3.196262 -3.016725 -2.983477 -3.0135 -3.056698
-3.082559 -2.971108 -2.928719 -3.041747 -3.13372
-2.979644 -2.940529 -2.978203 -3.000498 -3.141241
-3.090998 -2.950383 -3.107816 -3.002479 -2.933874
-3.231983 -3.145472 -2.944092 -2.91759 -3.055343
-2.95926 -3.160325 -3.132697 -2.950336 -2.96364
-3.180154 -2.934448 -3.190055 -3.102009 -3.040401
-2.966062 -3.062802 -2.985915 -3.12469 -3.079312
-2.944956 -2.990385 -3.039791 -3.128572 -3.070182
-3.008018 -2.982716 -3.107693 -3.056767 -2.914864
-3.095786 -2.990775 -3.051985 -3.010446 -2.865623
-3.016692 -3.102265 -3.088341 -3.003542 -2.970629
-2.976416 -3.034226 -2.88315 -3.042569 -2.998101
-3.192016 -2.97391 -3.161092 -2.917304 -2.982667
-3.049385 -2.874921 -2.98499 -2.989914 -3.122494
-3.199098 -2.93126 -2.985951 -2.990916 -3.011526
-2.892404 -3.056728 -2.993487 -2.957091 -2.959444
-2.992126 -3.006881 -2.942099 -3.159488 -2.99195
-3.051852 -2.916552 -3.023127 -2.975619 -2.993654
-2.996037 -3.017468 -3.093721 -3.04119 -2.926368
-3.040731 -3.076572 -2.916753 -3.017957 -3.02408
-3.06458 -3.012793 -3.137484 -3.25789 -2.954198
-3.099179 -3.084754 -3.121695 -3.044311 -2.867435
-3.074542 -3.037303 -3.029655 -3.057256 -3.123875
-2.988179
