-2.973371 -3.029115 -3.016382 -2.999813 -3.036036
-2.98664 -2.986612 -3.000923 -3.061005 -3.007815
-2.98044 -3.005185 -3.017214 -2.931861 -3.022868
-2.98378 -2.984201 -2.993178 -3.039936 -3.050423
-3.00277 -2.990039 -2.867998 -2.988472 -2.974626
-2.955795 -3.005773 -3.020957 -2.863814 -3.035005
-3.004899 -3.00802 -2.975437 -2.977163 -2.86189
-3.005809 -2.997407 -3.004804 -3.015857 -3.0158
-2.947822 -3.032977 -3.004101 -3.054348 -2.970899
-3.020846 -3.003531 -3.000456 -2.983682 -2.994929
-2.986104 -3.019321 -3.036075 -2.971441 -2.96354
-3.011311 -3.012561 -3.014564 -3.033212 -3.007067
-2.985946 -3.006059 -3.031945 -2.973836 -2.818128
-2.967357 -2.980112 -3.035343 -2.872267 -2.998612
-3.010279 -3.011769 -2.991588 -2.887687 -3.044745
-2.971708 -3.018358 -3.048282 -2.962079 -2.996872
-3.015622 -2.927186 -2.96016 -1.940137 -2.979025
-3.023253 -2.987677 -2.977017 -2.983552 -3.001138
-2.955883 -2.983978 -2.94397 -3.033021 -3.008254
-3.015548 -3.040954 -2.986719 -2.99919 -2.94853
-2.993578 -2.979342 -3.048838 -2.952133 -2.978728
-3.026348 -2.942263 -3.035307 -3.046133 -3.061507
-2.983341 -2.965148 -2.982846 -2.963303 -2.850882
-2.988845 -2.955283 -2.996118 -2.978717 -2.997156
-3.011705 -2.983339 -2.891586 -2.995834 -2.955905
-2.986197 -3.009998 -3.014252 -3.024185 -3.019859
-3.003801 -3.006953 -3.021909 -2.94332 -3.049234
-3.02894 -2.993533 -2.931524 -3.038133 -2.987892
-3.030778 -3.041921 -3.029957 -3.016616 -2.951918
-3.014742 -3.017136 -3.055774 -2.981965 -2.930773
-3.009032 -2.984376 -3.0148 -2.999265 -3.063836
-3.016108 -2.944048 -2.97519 -3.017495 -3.025893
-2.989349 -3.029115 -2.996605 -2.990456 -2.957871
-3.028756 -2.993396 -2.959488 -2.94708 -2.886465
-2.977211 -2.998049 -2.970522 -3.004821 -2.979573
-2.994358 -2.976205 -2.989457 -3.016879 -3.002718
-2.976917 -2.971078 -2.982348 -2.984233 -2.977966
-2.969342 -3.049667 -2.992679 -3.045443 -2.996366
-3.000814 -3.022266 -3.003182 -2.89868 -2.989382
-2.903684 -3.005799 -2.976961 -2.978749 -3.029495
-2.99864
