-2.935002 -2.922934 -2.972749 -2.985444 -2.948711
-2.944491 -2.944201 -2.940644 -2.946157 -2.941778
-2.930845 -2.957139 -2.907927 -2.918086 -2.956938
-2.941764 -1.942267 -2.920778 -2.926654 -2.959093
-2.957058 -2.939941 -2.887736 -2.942688 -2.947411
-2.947017 -2.93149 -2.940914 -2.947536 -2.908096
-2.932672 -2.943811 -2.992375 -2.930108 -2.949716
-2.961884 -2.957497 -2.938661 -2.927913 -2.933886
-2.908682 -2.961129 -2.926609 -2.932428 -2.850922
-2.954642 -2.945153 -2.934157 -2.919489 -2.953507
-2.929908 -2.946085 -2.946645 -2.977475 -2.919806
-2.954927 -2.941337 -2.94908 -2.996612 -2.921207
-2.939327 -2.917155 -2.954137 -2.945663 -2.847
-2.821842 -2.983434 -2.913496 -2.937609 -2.937273
-2.968961 -2.955157 -2.951712 -2.919419 -2.959562
-2.938101 -2.952633 -2.928511 -2.930844 -2.941709
-2.934758 -2.915903 -2.951777 -2.917071 -2.830243
-2.940225 -2.945311 -2.95877 -2.942713 -2.944367
-2.920403 -2.929702 -2.94325 -2.947423 -2.948259
-2.932335 -2.926327 -2.928349 -2.959061 -2.965896
-2.942263 -2.955434 -2.909801 -2.93225 -2.913019
-2.927516 -2.937651 -2.898567 -2.953416 -2.939479
-2.977147 -2.938285 -2.936953 -2.963443 -2.962532
-2.942462 -2.84503 -2.840341 -2.949659 -2.956051
-2.97057 -2.945419 -2.973574 -2.931919 -2.947598
-2.922616 -2.95999 -2.962026 -2.952746 -2.938252
-2.943967 -2.951109 -2.938957 -2.933082 -2.931937
-2.908905 -2.930763 -2.931831 -2.980275 -2.927539
-2.954789 -2.964665 -2.936484 -2.961543 -2.970187
-2.948313 -2.944317 -2.943388 -2.964243 -2.95705
-2.925021 -2.924072 -2.950463 -2.9329 -2.945075
-2.967237 -2.961693 -2.947528 -2.952689 -2.933043
-2.983446 -2.937237 -2.92096 -2.940243 -2.953923
-2.93703 -2.922171 -2.943591 -2.955568 -2.945374
-2.950575 -2.951654 -2.980622 -2.933631 -2.946741
-2.936226 -2.934375 -2.948289 -2.955915 -2.970711
-2.952542 -2.951573 -2.926894 -2.908791 -2.921284
-2.926052 -2.938261 -2.94123 -2.916669 -2.939746
-2.849882 -2.945125 -2.946872 -2.940607 -2.958406
-2.948113 -2.934678 -2.95376 -2.947756 -2.946877
-2.952098
