-2.984072 -2.999648 -3.020706 -3.002884 -2.993538
-2.974047 -3.015227 -2.992448 -3.012195 -2.995907
-2.987023 -2.902001 -3.010142 -2.780329 -3.027734
-3.000672 -2.065539 -2.967338 -2.990095 -2.99414
-2.966655 -2.99617 -3.008285 -3.00204 -2.982558
-2.972894 -2.966347 -2.992816 -2.974394 -2.992228
-2.888397 -2.957647 -3.00875 -2.961792 -2.979921
-2.98802 -2.97463 -2.966338 -2.948257 -2.944805
-3.017055 -2.905189 -2.956279 -2.902157 -2.961602
-3.007901 -2.84743 -2.992332 -2.972905 -2.949798
-3.003856 -2.957534 -3.015889 -2.97098 -2.959955
-3.035936 -2.96727 -2.987725 -3.031368 -2.958309
-2.987214 -2.947618 -3.016052 -2.994088 -2.962343
-2.979462 -2.985449 -2.960791 -3.017766 -2.994467
-2.993126 -2.98167 -3.012602 -2.867723 -2.993899
-3.019606 -3.025103 -3.036696 -2.883394 -2.943056
-2.993224 -2.987457 -2.951187 -2.988046 -2.931179
-2.980259 -2.99602 -2.980067 -3.024063 -3.025826
-3.006796 -2.967466 -3.020616 -2.962007 -2.996036
-2.99528 -2.978208 -2.956896 -2.972893 -3.004681
-2.975489 -3.006654 -2.955699 -2.812273 -2.965028
-3.051492 -3.002753 -2.997172 -2.996256 -3.001634
-3.021797 -2.987517 -3.027706 -3.003581 -2.982181
-2.974738 -2.969728 -2.979842 -3.007155 -2.954911
-2.988503 -3.014524 -3.027285 -3.006322 -2.947767
-2.997035 -3.003624 -2.90078 -2.955962 -2.995319
-2.882315 -3.052468 -2.867922 -2.997725 -2.996166
-2.948822 -3.00765 -2.936025 -3.045013 -3.003544
-2.981721 -2.964914 -3.009837 -2.991884 -3.020819
-2.82875 -2.957631 -2.99594 -3.003526 -2.987883
-2.957988 -2.964616 -2.878514 -2.977165 -2.856489
-2.951785 -3.013985 -2.951425 -2.967843 -2.998882
-3.0617 -2.99504 -3.013987 -3.009633 -2.975674
-2.989388 -2.976311 -2.850395 -2.987685 -3.030211
-2.976824 -3.046032 -2.968456 -2.986761 -3.045715
-2.983478 -2.97464 -2.986686 -2.998328 -3.01867
-2.956182 -2.901575 -2.999577 -3.027942 -2.015747
-2.962076 -2.996794 -2.974949 -2.959895 -3.012927
-3.023073 -3.001218 -2.98361 -2.925125 -3.019879
-2.983913 -3.000202 -2.996746 -2.966862 -2.975938
-2.975526
