-3.021651 -3.055178 -3.011672 -3.030026 -3.04482
-3.032676 -3.029432 -3.012899 -3.008033 -3.070505
-3.032587 -2.879207 -2.905898 -3.048736 -3.027224
-2.017505 -3.003569 -2.853023 -3.06662 -2.991743
-3.033501 -2.889161 -2.000081 -3.000863 -2.879173
-3.039431 -2.996606 -3.07711 -3.020758 -2.997236
-3.017773 -3.032864 -3.024062 -2.885521 -2.901046
-3.074761 -2.992398 -3.031125 -3.015553 -3.029299
-2.913213 -3.078735 -3.026567 -2.891318 -3.029475
-3.047628 -2.999136 -3.017607 -3.026025 -3.008522
-3.052783 -3.037899 -2.884719 -1.997143 -3.026494
-2.991949 -3.031362 -2.933476 -3.028119 -3.052104
-3.011949 -3.002401 -3.031737 -3.018748 -3.057014
-3.031096 -3.016735 -3.044406 -3.032064 -3.017618
-3.044281 -3.042519 -3.061133 -3.052367 -3.033573
-3.071144 -3.048105 -3.009296 -3.032643 -3.079059
-3.027074 -3.039341 -3.026076 -2.885167 -3.033951
-3.045881 -2.979418 -3.051007 -3.027857 -2.898526
-3.028084 -2.989012 -2.87457 -3.057032 -3.011036
-2.93398 -3.018732 -3.025268 -2.997127 -3.048744
-3.053918 -2.992107 -3.046528 -2.999456 -3.038662
-3.025927 -3.009569 -3.016767 -3.048157 -3.066958
-2.992798 -3.04532 -3.078614 -3.000331 -3.020259
-3.015791 -2.906102 -3.037645 -3.007524 -3.020849
-3.001565 -3.053474 -3.035591 -3.031238 -2.851306
-2.999398 -3.033391 -3.017829 -3.01283 -3.023605
-3.035009 -3.04006 -3.055889 -3.03192 -3.050805
-2.035645 -2.909635 -3.041468 -2.986042 -2.999256
-3.053003 -3.023035 -3.011066 -3.024309 -2.893584
-3.011075 -2.978035 -2.91334 -3.048806 -3.072361
-3.002923 -3.022041 -3.03396 -3.067682 -3.009538
-3.077705 -2.959109 -3.049985 -3.02914 -2.882254
-3.053134 -3.028568 -2.667556 -3.016716 -3.05496
-3.021392 -3.072555 -3.063244 -3.006625 -3.03618
-3.025001 -3.027877 -3.052133 -2.876563 -3.041256
-3.037128 -3.023254 -3.044128 -3.003479 -3.03336
-2.983507 -2.929999 -3.056351 -2.923431 -3.057747
-3.062989 -3.050778 -2.997746 -3.083515 -2.883196
-2.905411 -3.060088 -3.074532 -2.990127 -2.996066
-3.04181 -3.021768 -3.023266 -3.039958 -2.892847
-3.041748
