-2.895373 -2.887444 -2.906172 -2.989476 -3.128415
-2.98064 -2.969887 -3.06519 -2.961458 -3.055448
-2.892694 -3.052895 -2.985846 -2.958117 -2.939164
-3.077563 -2.904658 -3.048493 -3.040197 -2.945505
-2.91411 -3.061721 -3.138643 -2.949757 -3.106066
-3.057425 -3.055788 -2.961985 -2.980847 -3.033694
-3.0121 -3.109256 -3.034048 -2.966772 -3.090786
-3.050254 -2.961932 -2.957806 -3.068844 -2.95498
-3.129735 -2.941088 -2.906144 -3.138464 -3.054402
-2.957131 -3.138415 -3.03431 -3.068389 -3.021998
-2.951412 -2.91687 -2.950858 -2.879634 -2.94124
-3.051138 -3.015997 -3.150788 -3.027677 -3.09174
-2.885289 -3.191316 -2.934234 -2.984915 -3.046285
-3.010596 -3.080622 -3.077295 -2.935525 -2.917426
-3.100375 -3.0262 -3.191424 -2.924023 -3.081994
-3.111323 -3.048191 -2.940321 -2.937547 -2.933586
-2.918861 -3.07065 -2.957099 -2.977664 -2.965523
-2.983938 -3.041271 -3.023586 -3.004693 -2.842078
-2.971689 -2.888815 -3.190631 -3.094098 -2.870947
-2.97281 -3.070598 -3.00772 -3.061701 -3.225085
-2.961784 -3.017693 -3.047536 -2.910986 -3.109037
-3.070505 -2.966708 -3.130512 -3.056261 -3.100663
-3.016461 -3.17838 -2.991039 -2.958297 -3.020264
-2.965356 -2.967685 -3.04298 -3.076155 -2.880094
-2.882632 -2.983392 -2.991759 -2.985702 -3.001184
-2.910598 -3.218437 -3.065374 -3.072755 -2.939057
-3.075823 -2.925138 -2.940965 -3.018751 -3.139788
-2.959157 -2.946597 -3.046874 -3.031732 -3.218864
-2.966331 -3.045915 -2.980973 -3.014969 -3.089972
-3.081658 -3.007748 -3.082241 -2.983485 -2.846968
-3.088781 -3.017305 -3.080957 -2.985362 -3.000749
-3.010126 -3.044323 -2.98903 -3.036267 -3.079422
-3.104536 -3.024413 -3.131429 -3.126372 -3.106967
-2.935762 -2.99729 -2.957594 -3.07072 -2.85178
-3.104382 -3.015432 -2.872459 -3.043202 -2.991995
-2.920124 -3.038622 -2.791251 -3.163709 -2.892025
-2.917075 -2.9867 -2.953828 -2.999409 -2.937412
-2.975292 -2.864343 -3.095586 -3.066514 -2.997102
-2.993053 -2.831881 -3.074975 -3.046923 -2.893968
-3.121664 -3.069966 -3.112629 -2.886656 -2.814588
-2.985606
