-2.962253 -2.994747 -2.987317 -2.871401 -2.967247
-2.984147 -2.835457 -2.983215 -2.989865 -2.96001
-2.96599 -2.964733 -2.968572 -2.967186 -2.966992
-3.019346 -2.967733 -2.960561 -2.965584 -2.970539
-2.94504 -2.995873 -2.962587 -2.965696 -2.96537
-2.967064 -2.961901 -2.930163 -2.989463 -3.002781
-2.969018 -2.990394 -2.815411 -2.957375 -2.815659
-2.828481 -2.996847 -2.905436 -2.938709 -2.96286
-2.952986 -3.04694 -2.970282 -2.959361 -2.944835
-2.99537 -2.956588 -2.973123 -2.970413 -2.97309
-2.928734 -2.987508 -2.970938 -2.998648 -2.938044
-2.844303 -2.928316 -2.983583 -2.839969 -2.977129
-2.965617 -3.010035 -2.972908 -3.000378 -2.942619
-2.760017 -2.870032 -3.005989 -2.96965 -2.948795
-2.981979 -2.942154 -2.984718 -2.941997 -2.977764
-2.931012 -2.921332 -2.974728 -2.973402 -2.981927
-2.871069 -2.959641 -2.978318 -2.953637 -2.960583
-2.87265 -2.968239 -2.808487 -2.97311 -2.956994
-3.007397 -2.972601 -2.949166 -2.970273 -2.98348
-3.034686 -2.97587 -2.949555 -2.994717 -2.989546
-2.847514 -2.990626 -2.947575 -2.984326 -2.871099
-2.969145 -3.021714 -2.948694 -2.930557 -2.951777
-2.928217 -2.995286 -2.945252 -2.94329 -2.964129
-2.966127 -2.982837 -2.971203 -3.013576 -2.943871
-2.96611 -2.941749 -2.964204 -2.983376 -2.935755
-2.966582 -2.960249 -2.93257 -2.986393 -2.954175
-2.987203 -3.000631 -2.961408 -2.943555 -2.939233
-3.008423 -2.988276 -2.946035 -2.948876 -2.956841
-2.947279 -2.986884 -2.985714 -2.909743 -2.971029
-2.981615 -2.971641 -2.990174 -2.984863 -2.965462
-2.958122 -2.955247 -2.944621 -2.918651 -3.00438
-2.850458 -2.982223 -2.976076 -2.980573 -2.990023
-2.983361 -2.981258 -2.960282 -2.955533 -2.792629
-2.968297 -2.856993 -2.948556 -2.934277 -2.976147
-2.96189 -2.985247 -2.970738 -2.975743 -2.961383
-2.926107 -2.972709 -2.92652 -2.942424 -2.919589
-2.935901 -2.969803 -2.997186 -2.993008 -2.916805
-2.967354 -2.921249 -2.949238 -2.836143 -2.88686
-2.937403 -2.950817 -2.968753 -2.964028 -2.961619
-2.964649 -2.987432 -2.976425 -2.945933 -2.939675
-2.972388
