-2.932339 -2.952812 -2.935237 -2.833891 -2.93082
-18.33242 -2.9133 -2.915748 -2.993211 -2.983182
-2.951236 -2.931386 -1.968742 -2.967081 -2.94481
-2.930854 -2.928839 -2.94058 -2.9202 -2.967504
-2.937441 -2.955983 -2.947363 -2.977789 -2.951494
-2.950284 -2.967984 -2.922527 -2.928778 -2.930725
-2.983974 -2.919202 -2.83108 -2.949105 -2.943472
-2.946951 -2.941584 -2.93576 -2.94547 -2.955733
-2.960206 -2.971859 -2.939697 -2.953955 -2.951569
-2.926512 -2.924886 -2.972526 -2.910266 -2.963446
-2.981823 -2.970908 -2.969146 -2.933732 -2.953325
-2.945724 -2.969133 -2.918721 -2.922794 -2.975249
-2.931502 -2.971177 -2.975421 -2.928893 -2.939896
-2.933881 -2.950556 -2.931228 -2.948852 -2.920894
-2.938413 -2.931499 -2.940233 -2.942025 -2.946958
-2.957605 -2.994892 -2.977851 -2.917134 -2.957914
-2.93726 -2.805153 -2.964386 -2.940567 -2.945826
-2.980241 -2.932921 -2.931186 -2.932775 -2.974571
-2.924838 -2.949496 -2.956118 -2.928381 -2.964127
-2.914261 -2.984695 -2.916811 -2.903719 -2.949395
-2.92139 -2.944132 -2.985798 -2.935353 -2.933881
-2.94408 -2.924775 -2.967912 -2.956923 -2.943918
-2.938956 -2.950921 -2.945729 -3.010095 -2.957416
-2.956672 -2.959105 -2.851156 -2.938477 -2.947838
-2.961771 -2.983683 -2.936219 -2.957722 -2.967161
-2.958083 -2.933877 -2.950785 -2.962056 -2.958784
-2.949188 -2.937255 -2.944757 -2.962001 -2.962128
-2.919502 -2.970271 -2.461257 -2.953208 -2.953209
-2.922483 -2.949748 -2.931425 -2.959621 -2.954285
-2.942073 -2.935449 -2.975356 -2.925021 -2.95983
-2.96394 -2.84382 -2.97018 -2.958125 -2.030073
-2.924168 -2.927233 -2.02976 -2.976112 -2.982673
-2.962105 -2.92921 -2.810408 -2.960219 -2.846258
-2.930753 -2.957676 -2.94243 -2.946179 -2.947028
-2.97056 -2.940926 -2.939883 -2.976068 -2.954102
-2.969439 -2.929153 -2.951082 -2.823075 -2.940906
-2.968802 -2.956724 -2.958103 -2.952313 -2.971447
-2.958714 -2.942176 -2.947607 -2.961301 -2.95599
-2.964821 -2.927435 -2.939582 -2.933943 -2.922706
-2.943525 -2.968782 -2.949241 -2.960081 -2.959831
-2.984221
