-2.987583 -3.008534 -2.966089 -3.038618 -3.035142
-3.007062 -2.962518 -3.014734 -3.016158 -2.97619
-3.011069 -2.954423 -2.974526 -2.87573 -2.984882
-3.026748 -2.996167 -2.968989 -2.999456 -3.001533
-2.868765 -2.984349 -3.041152 -2.944765 -2.90844
-2.877275 -2.972581 -2.942406 -2.962579 -2.956652
-3.002465 -3.029648 -3.007232 -2.898365 -2.949914
-3.042971 -2.970316 -2.847555 -3.060327 -2.940712
-2.944832 -2.937152 -2.879433 -3.043996 -2.989844
-2.920988 -2.992123 -2.964263 -3.014715 -2.964487
-2.98352 -2.99198 -2.944451 -3.021942 -3.021968
-2.958196 -3.002318 -2.905466 -3.014664 -3.030229
-2.979671 -2.970354 -2.939922 -3.011226 -2.976407
-2.999943 -2.962653 -3.031746 -2.97191 -3.020397
-2.984499 -2.986837 -3.004705 -2.978592 -2.975444
-2.994656 -2.969859 -2.964263 -3.034921 -3.028557
-2.988847 -3.010395 -3.027733 -2.979007 -3.0002
-2.983775 -2.994712 -3.005184 -2.973446 -2.974906
-2.963808 -3.055049 -3.037525 -3.012812 -2.960877
-2.981269 -2.985863 -2.98082 -2.993367 -3.023429
-2.999445 -3.088409 -2.952869 -3.022344 -2.962985
-3.002573 -2.954439 -2.98168 -2.977619 -2.888581
-2.900003 -2.997998 -2.993004 -2.978752 -2.995504
-2.999879 -2.987992 -3.010541 -2.989335 -3.023633
-3.031746 -3.002046 -3.020826 -3.024611 -2.865175
-2.966106 -2.842504 -2.989335 -2.97067 -3.006605
-3.029211 -3.004635 -3.00706 -3.026824 -2.99475
-2.946652 -3.020067 -3.022489 -2.983677 -2.991702
-2.881067 -3.047798 -2.990459 -2.904331 -2.970024
-2.943901 -3.044982 -2.936399 -2.965076 -2.995225
-2.972328 -2.993495 -3.006799 -1.995327 -2.952298
-2.966641 -2.957849 -2.997764 -3.017372 -2.977401
-3.004155 -2.996833 -3.003447 -3.030206 -2.966523
-3.003115 -3.020543 -2.980937 -2.991663 -2.995121
-2.979501 -3.011023 -3.016319 -2.99868 -2.972255
-3.004967 -3.009935 -2.84069 -3.016465 -2.98473
-2.977244 -2.941285 -2.997525 -3.000804 -2.998626
-3.028213 -2.957273 -2.987979 -2.967884 -3.021202
-3.002787 -2.812592 -3.000151 -3.012983 -3.00852
-2.988813 -2.996177 -3.009384 -3.062916 -3.001091
-2.995813
