-2.970618 -2.974185 -3.020943 -3.032636 -1.931511
-2.950227 -2.958298 -2.965528 -2.859218 -2.972104
-2.961459 -2.982541 -2.962099 -2.963453 -2.967611
-2.982997 -2.946636 -2.93795 -2.977517 -2.955474
-3.004927 -3.006147 -2.999696 -2.979175 -2.967714
-2.947764 -2.932412 -2.962366 -2.927136 -3.004332
-2.947173 -2.805996 -2.973692 -2.999066 -2.981916
-3.002038 -2.990233 -2.975533 -2.956558 -2.949394
-2.985082 -2.993902 -2.96626 -2.989599 -2.948172
-2.994486 -2.96097 -2.955946 -2.993431 -3.006454
-2.842899 -2.958506 -2.964815 -2.950119 -2.990098
-2.971413 -2.946183 -2.964268 -2.957999 -2.981704
-3.007098 -2.988647 -2.97978 -2.964117 -3.004297
-2.962129 -2.96729 -2.992593 -2.961079 -2.958604
-2.978655 -2.984328 -2.963476 -2.894937 -2.962596
-3.002041 -3.008423 -2.995481 -3.0076 -2.961317
-2.985027 -3.017809 -2.995386 -3.003561 -3.00426
-2.960959 -2.968057 -2.94418 -2.971504 -2.95755
-2.964555 -2.978075 -2.979333 -3.004834 -2.964918
-2.976177 -2.977952 -2.926199 -2.968505 -3.022297
-2.976759 -2.993278 -2.956281 -2.977569 -2.994756
-2.970622 -2.958726 -3.008801 -2.97092 -2.920297
-3.015101 -2.972926 -3.013219 -2.821666 -2.978502
-2.978371 -2.984595 -3.02283 -2.978315 -3.007063
-2.982454 -2.988887 -2.969783 -2.963378 -2.980897
-2.999958 -2.997581 -2.9839 -3.009208 -3.002874
-2.995499 -2.966264 -2.981831 -2.980889 -2.926676
-3.002053 -2.978765 -2.96417 -2.977611 -2.944134
-2.969443 -2.978621 -2.95513 -2.956193 -2.962425
-2.988443 -3.016318 -2.908775 -2.880831 -2.974782
-2.954216 -2.928636 -3.018135 -2.959475 -2.850122
-2.969321 -2.990545 -2.970106 -2.959793 -1.966419
-2.99533 -3.004216 -2.988657 -2.982912 -2.984923
-2.983891 -2.875221 -2.989443 -1.984658 -2.99682
-2.972142 -2.965592 -2.97396 -2.972852 -2.996369
-2.979705 -2.935173 -2.977391 -2.985349 -3.02571
-3.002952 -3.009051 -2.976638 -2.955232 -2.975884
-2.984355 -2.992013 -2.961596 -2.987288 -2.936856
-2.92033 -3.010505 -2.984162 -2.980402 -2.976761
-2.96696 -3.004255 -2.997942 -3.010204 -2.97655
-2.950728
