-3.008221 -3.033681 -2.725023 -2.872333 -2.983678
-2.814219 -2.713266 -2.684113 -2.987387 -2.837415
-2.967913 -2.986648 -3.067803 -2.960025 -3.015082
-2.998296 -2.97738 -2.920298 -3.055026 -2.976313
-2.943073 -2.99675 -2.922008 -2.990789 -2.989711
-3.020384 -3.026719 -3.007853 -2.960294 -2.789865
-2.988925 -2.633435 -2.962282 -2.774487 -2.979301
-2.656079 -3.04118 -2.730583 -3.01946 -3.043097
-2.781634 -2.967708 -3.018996 -3.034339 -2.87988
-3.007157 -2.858123 -3.028619 -2.861645 -2.972141
-2.781979 -2.484772 -2.945016 -2.782631 -2.862147
-2.966251 -2.870722 -3.010631 -2.975958 -2.99162
-2.971585 -2.731262 -2.886869 -2.693441 -2.98552
-2.792887 -2.971615 -2.916748 -2.671594 -3.002865
-2.841151 -2.907685 -3.025893 -2.847858 -2.75657
-2.632534 -2.735951 -2.952755 -2.960633 -2.681248
-3.039696 -2.98638 -2.967031 -2.744343 -2.715537
-2.765701 -2.967482 -2.673981 -2.911054 -2.840657
-2.897461 -2.986569 -2.980258 -2.962231 -2.985607
-3.010635 -3.029142 -2.893951 -2.79192 -2.972483
-2.914139 -2.811662 -2.835569 -2.872894 -2.838598
-2.844244 -3.01336 -3.01771 -3.016963 -2.959779
-2.97582 -2.954312 -2.951317 -2.970722 -2.996692
-2.918099 -2.681143 -2.90409 -2.625212 -2.993314
-2.81789 -2.852647 -2.857593 -2.949996 -2.954228
-3.029392 -2.794235 -2.943134 -3.030719 -2.976459
-3.013442 -2.783365 -3.009428 -3.005595 -2.845231
-2.820798 -3.023948 -2.837966 -2.655734 -2.820641
-2.943523 -2.807641 -2.603016 -2.93075 -2.780222
-2.885124 -2.974489 -2.658746 -2.99727 -2.996576
-1.980509 -2.999741 -3.021636 -3.03357 -2.714464
-3.011537 -2.975062 -2.905141 -2.808462 -3.006152
-2.982683 -2.074941 -2.911741 -2.555051 -2.963826
-2.960323 -2.798393 -2.966161 -2.5852 -2.91786
-2.973468 -2.890902 -3.016325 -2.764582 -2.835846
-3.028615 -2.768157 -2.851394 -2.953025 -2.810838
-2.960538 -2.067236 -3.004752 -2.991652 -3.020387
-2.787909 -2.938436 -1.963803 -3.011181 -3.003043
-3.020009 -2.905274 -2.967603 -2.953015 -2.798552
-2.604613 -2.985994 -2.879944 -3.002475 -3.036611
-2.747327
