-2.986754 -3.031745 -2.974736 -2.997386 -2.993638
-3.052855 -3.033557 -2.996558 -3.045623 -3.000556
-2.984597 -3.029954 -3.010644 -2.986593 -2.999812
-2.860819 -2.966273 -2.98725 -3.005979 -2.999385
-3.026813 -2.99209 -2.975352 -2.978697 -3.021233
-2.985403 -3.001841 -2.925163 -2.993755 -2.998557
-3.006231 -3.053564 -2.958455 -2.973853 -3.008153
-3.010539 -3.004592 -3.040899 -3.021798 -3.017564
-3.057633 -2.944619 -3.049656 -2.995048 -3.037637
-2.977922 -3.034066 -3.034601 -3.030338 -3.004114
-2.895068 -3.015357 -2.962841 -3.004254 -3.015584
-2.971573 -2.805706 -3.014964 -2.89346 -3.007064
-2.999173 -2.995347 -2.999285 -2.977016 -2.983313
-3.018595 -3.000407 -3.012254 -3.022923 -3.020146
-3.003339 -3.006016 -2.982351 -2.993372 -2.985096
-2.99838 -2.991358 -3.012806 -2.995443 -2.974731
-3.014257 -3.012983 -3.019533 -2.970656 -2.994448
-2.984151 -2.969445 -2.989289 -2.87569 -2.999554
-3.043468 -3.025149 -3.038274 -3.026246 -3.013197
-3.004153 -2.978804 -2.970989 -3.026412 -2.999321
-3.018531 -2.988656 -2.974094 -3.00163 -2.853801
-2.986859 -3.017179 -2.975766 -3.000778 -3.0345
-2.979325 -3.017249 -3.013827 -2.893635 -3.012182
-2.995759 -2.990757 -3.008867 -3.016297 -3.033733
-2.987874 -2.994992 -2.991675 -2.886849 -3.011936
-2.979857 -3.035016 -3.001876 -2.975529 -2.949178
-2.823135 -2.906039 -2.982835 -3.003865 -3.028659
-3.036109 -2.984848 -3.019092 -3.011352 -2.873527
-2.963022 -3.032929 -3.015701 -2.997181 -3.03369
-2.991727 -2.994403 -3.01773 -3.011705 -3.019297
-2.983331 -3.010527 -2.90971 -3.010784 -2.959141
-2.990917 -2.984788 -2.887534 -2.998502 -2.96553
-3.049214 -3.003195 -3.026164 -3.013189 -3.051696
-2.985893 -2.970888 -2.969653 -2.990729 -2.888292
-2.884777 -3.037961 -3.006424 -3.004256 -2.991324
-3.009955 -3.004506 -3.002067 -3.012568 -3.003556
-2.995747 -2.871126 -3.033864 -2.984689 -3.009994
-3.00916 -3.013642 -3.012773 -3.017742 -3.013734
-3.019589 -3.030552 -3.010287 -2.864395 -2.992672
-2.966067 -2.981084 -2.996753 -2.9793 -2.910466
-3.002691
