-2.879875 -2.958133 -2.933662 -2.894395 -2.896718
-2.899406 -2.878592 -2.908892 -2.90045 -2.923108
-2.811 -2.902565 -2.896029 -2.878247 -2.89519
-2.900403 -2.877454 -2.775807 -2.919195 -2.873979
-2.912024 -2.010392 -2.934832 -2.869743 -2.863249
-2.942691 -2.931259 -2.920348 -2.950776 -2.947844
-2.911496 -2.877821 -2.879963 -2.916633 -2.879623
-2.853842 -2.927312 -2.896851 -2.847198 -2.878599
-2.887209 -2.876514 -2.932101 -2.851046 -2.900459
-2.854227 -2.901399 -2.879676 -2.892176 -2.886488
-2.948633 -2.871186 -2.933141 -2.824546 -2.848509
-2.866412 -2.873798 -2.912199 -2.906558 -2.812388
-2.905204 -2.954844 -2.927864 -2.771661 -2.903701
-2.926373 -2.878489 -2.882296 -2.909607 -2.856045
-2.863583 -2.967158 -2.917262 -3.007106 -2.954482
-2.885817 -2.848377 -2.834757 -2.85126 -2.917584
-2.872416 -2.867227 -2.902119 -2.927565 -2.907051
-2.893779 -2.93046 -2.906878 -2.903955 -2.877519
-2.813097 -2.873339 -2.846363 -2.837708 -2.922974
-2.924348 -2.827925 -2.845962 -2.806104 -2.871855
-2.835929 -2.890868 -2.890691 -2.887282 -2.884576
-2.965208 -2.914038 -2.931271 -2.882129 -2.89755
-2.92408 -2.887966 -2.926841 -2.874156 -2.910853
-2.87147 -2.920955 -2.931281 -2.909086 -2.909867
-2.910156 -2.870359 -2.940918 -2.955141 -2.874788
-2.896234 -2.959177 -2.862008 -2.896067 -2.88089
-2.934318 -2.897041 -2.90155 -2.873991 -2.8901
-2.921647 -2.864464 -2.851123 -2.860395 -2.911317
-2.851622 -2.896864 -2.896865 -2.908409 -2.819995
-2.816497 -2.935773 -2.871546 -2.863091 -2.870972
-2.910798 -2.923156 -2.880991 -2.853051 -2.913382
-2.900287 -2.838944 -2.874455 -2.879245 -2.868529
-2.883589 -2.891525 -2.899175 -2.918778 -2.929422
-2.885874 -2.908808 -2.895225 -2.829984 -2.892745
-2.904168 -2.942007 -2.85821 -2.905772 -2.884178
-2.931094 -2.888659 -2.892254 -2.546202 -2.865509
-2.837662 -2.859841 -2.856692 -2.909778 -2.876179
-2.934994 -2.852709 -2.856612 -2.926873 -2.968558
-2.842142 -2.926611 -2.959164 -2.914606 -2.906077
-2.936332 -2.893494 -2.898113 -2.925886 -2.860872
-2.87509
