-2.92265 -2.946281 -2.919921 -2.90577 -2.961173
-2.952815 -2.985181 -2.946785 -2.938869 -2.9132
-2.917624 -2.986978 -2.898581 -2.884245 -2.883792
-2.954602 -2.925299 -2.961446 -2.917233 -2.962981
-2.912274 -2.926094 -2.940163 -2.930156 -2.938334
-2.943375 -2.937323 -2.938095 -2.920404 -2.908226
-2.863471 -2.921829 -2.951926 -2.933095 -2.887459
-2.935893 -2.955978 -2.958635 -2.959922 -2.944856
-2.9722 -2.947267 -2.970145 -2.921719 -2.958108
-2.934693 -2.870952 -2.916667 -2.998767 -2.91279
-2.904204 -2.938368 -2.93951 -2.950442 -2.936017
-2.910912 -2.934778 -2.968162 -2.947525 -2.925567
-2.984653 -2.946351 -2.851094 -2.954637 -2.908574
-2.941264 -2.919884 -2.9089 -2.920467 -2.938992
-2.98454 -2.940252 -2.941338 -2.959624 -2.949048
-2.905213 -2.91281 -2.902129 -2.932643 -2.83061
-2.915544 -2.958071 -2.818946 -2.953659 -2.989045
-2.991391 -2.931186 -2.956114 -2.94314 -2.926506
-2.964745 -2.919776 -2.937627 -2.904951 -2.899875
-2.948997 -2.930473 -2.992056 -2.885749 -2.985035
-2.924991 -2.942981 -2.886549 -2.932924 -2.959168
-2.936229 -2.941178 -2.927024 -2.988425 -2.938285
-2.988784 -2.941027 -2.918957 -2.937224 -2.982137
-2.903179 -2.961646 -2.972998 -2.973597 -2.903726
-2.955328 -2.946478 -2.909206 -2.936173 -2.888866
-2.95537 -2.772128 -2.903558 -2.929666 -2.95053
-2.937785 -2.964967 -2.942207 -2.94123 -2.820662
-2.955875 -2.906232 -2.906351 -2.950794 -2.909834
-2.929451 -2.927708 -2.962047 -2.951878 -2.977619
-2.932201 -2.913126 -2.927777 -2.904661 -2.965046
-2.922286 -2.88314 -2.826704 -2.941354 -2.942581
-2.875932 -2.796929 -2.910321 -2.948134 -2.969969
-2.987446 -2.913608 -2.957906 -2.943239 -2.905718
-2.986028 -2.917293 -2.908595 -2.966778 -2.941927
-2.971244 -2.920337 -2.966495 -2.945285 -2.900125
-2.938664 -2.899926 -2.956899 -2.949617 -2.957081
-2.944231 -2.831359 -3.00061 -2.971184 -2.958927
-2.894715 -2.951835 -2.956998 -2.921721 -2.908316
-2.935239 -2.902853 -2.919708 -2.909601 -2.924878
-2.933767 -2.935696 -2.959615 -2.932147 -2.91008
-2.920179
