-2.954072 -2.954393 -2.97811 -2.961591 -2.91997
-2.938987 -2.960642 -2.991922 -2.963702 -2.960796
-2.940498 -2.985919 -2.949888 -2.917692 -2.991175
-2.828989 -2.934171 -2.946806 -2.982477 -2.942583
-2.958264 -2.955573 -2.985043 -2.919465 -2.824513
-2.950536 -2.945314 -2.828703 -2.948145 -2.964484
-2.99156 -2.960465 -2.94666 -2.958016 -2.965515
-2.939651 -2.970795 -2.994351 -2.96185 -2.992541
-2.961269 -2.834938 -2.958834 -2.999167 -2.918622
-2.93822 -2.969254 -2.950867 -2.921671 -2.948129
-2.983349 -2.973209 -2.964878 -2.969664 -2.922613
-2.939825 -2.954969 -2.961691 -2.96474 -2.958998
-2.9537 -2.930405 -2.952267 -2.952031 -2.937747
-2.968847 -2.964637 -2.841519 -2.971868 -2.949761
-2.935895 -3.008743 -2.959009 -2.935939 -2.998798
-2.855472 -2.992742 -2.838626 -2.960149 -2.93584
-2.974163 -2.952781 -2.963841 -2.981988 -2.961608
-2.976476 -2.903174 -2.917852 -2.98568 -2.829315
-2.976265 -2.844984 -2.955233 -2.972023 -2.948792
-2.828968 -2.8598 -2.967046 -2.942213 -2.989088
-2.815885 -2.950797 -2.94144 -2.976303 -2.961811
-2.959313 -2.9366 -2.979028 -2.96968 -2.925803
-3.00816 -2.960964 -2.933054 -2.901906 -2.914591
-2.99308 -2.948415 -2.965997 -2.9884 -3.016929
-2.959363 -2.952219 -2.97376 -2.934374 -2.857269
-2.902585 -2.960162 -2.978927 -2.974489 -2.95102
-2.963867 -2.979585 -2.939746 -2.951637 -2.954118
-2.952513 -2.959179 -2.954539 -2.96323 -2.957536
-2.995926 -2.951559 -2.968566 -2.943152 -2.898043
-2.940561 -2.988924 -2.956028 -3.010551 -2.941007
-2.974737 -2.904875 -2.972992 -2.953992 -2.94603
-2.967822 -2.933925 -2.990758 -2.958323 -2.976041
-2.932242 -2.953126 -2.956249 -2.972349 -2.965222
-2.980199 -2.962489 -2.955248 -2.966989 -2.969284
-2.927553 -2.978904 -2.94058 -2.835879 -2.92945
-2.948363 -2.934997 -2.962712 -2.970688 -2.968879
-2.938058 -2.969858 -2.950314 -2.964419 -2.969428
-2.943061 -2.993191 -2.825352 -2.915471 -2.951943
-2.951319 -2.94769 -2.976913 -2.979174 -2.980336
-2.983545 -2.956773 -2.969475 -2.952374 -2.982419
-2.987326
