-2.982897 -2.878169 -2.989616 -2.980295 -3.026861
-2.984821 -2.99951 -2.986123 -3.021357 -2.9236
-3.017116 -2.782202 -3.012261 -3.004643 -2.885901
-3.013937 -2.97432 -2.908757 -3.019868 -2.948069
-3.002125 -2.951371 -3.039987 -3.030484 -2.799317
-3.008745 -3.042393 -2.866313 -3.05957 -2.967689
-2.961183 -2.992297 -2.971308 -3.023859 -2.987681
-3.007168 -3.017158 -3.013929 -2.885681 -2.867051
-3.036399 -3.012696 -3.011861 -2.966151 -2.957539
-2.920392 -2.999985 -2.990175 -2.979143 -2.981811
-2.944882 -2.994066 -2.948877 -3.026859 -3.014027
-2.944148 -2.982129 -2.912428 -3.017274 -3.008897
-2.996139 -2.968606 -2.988514 -2.972315 -2.855995
-3.025974 -3.016067 -3.00273 -3.006281 -3.023651
-2.922451 -2.867172 -2.96089 -2.958156 -2.947806
-2.970688 -2.96184 -2.958783 -2.994917 -3.021111
-3.050316 -3.016981 -2.999794 -3.028955 -2.992939
-2.947329 -3.011909 -2.951497 -2.963683 -2.950071
-2.98937 -2.948951 -2.955539 -2.827686 -3.04135
-3.014966 -2.986931 -3.015171 -3.025793 -2.873449
-3.008727 -2.981737 -3.009367 -3.030348 -2.850843
-2.863275 -2.932182 -2.987019 -2.959866 -2.955231
-2.984371 -3.019082 -3.007006 -2.976101 -2.953781
-2.988948 -2.971355 -3.016279 -2.912351 -3.008919
-3.025957 -2.994984 -2.996493 -3.024427 -3.007805
-2.969949 -2.991724 -3.03606 -2.993081 -2.851073
-3.018096 -2.965761 -3.006619 -3.048219 -2.998555
-2.853822 -3.006152 -2.95678 -3.017725 -3.001303
-2.96846 -2.990383 -2.993424 -3.029258 -3.016559
-2.891475 -2.979526 -2.988721 -2.979424 -3.071111
-3.046648 -3.041529 -2.995355 -3.043378 -2.990494
-3.007654 -2.970186 -2.984805 -3.03826 -2.947162
-2.997516 -2.980042 -2.922277 -2.992869 -2.998189
-2.81173 -3.02411 -2.970898 -2.971388 -2.981402
-2.967238 -2.906373 -3.019695 -2.973326 -2.935594
-3.001223 -2.965119 -2.963421 -2.956976 -2.9382
-3.01049 -3.008629 -3.005839 -3.017762 -3.038687
-3.024716 -2.992032 -2.985739 -2.966082 -3.020357
-3.038034 -3.019177 -2.852956 -2.967418 -3.027961
-3.015206 -2.967671 -3.007701 -3.006391 -2.95872
-3.029722
