-2.860327 -2.931589 -3.020378 -2.844662 -3.10005
-3.013406 -3.238707 -2.847952 -3.069016 -2.996127
-2.961552 -3.03133 -2.969661 -3.105028 -3.081026
-3.025013 -3.106879 -3.072094 -2.950918 -2.977872
-2.962905 -2.963558 -2.917783 -2.882286 -3.047206
-2.904858 -3.162608 -3.110647 -2.974122 -2.875372
-2.84283 -2.981632 -2.936347 -2.964587 -3.028144
-3.005041 -3.030561 -2.994234 -2.972371 -2.914939
-2.874366 -3.048705 -3.032492 -3.084096 -2.85224
-2.859989 -3.000985 -3.009524 -3.009528 -2.959668
-3.054076 -2.917138 -2.975649 -2.964308 -2.976782
-3.017529 -2.993131 -2.959518 -2.805064 -2.999896
-3.114127 -2.968135 -2.912389 -2.899972 -2.829476
-2.790058 -2.865099 -2.794759 -2.992841 -3.139757
-3.035362 -2.822293 -2.920433 -2.893535 -2.970007
-2.961393 -2.961352 -2.951479 -2.873325 -2.964693
-3.043894 -2.925837 -2.857652 -2.919923 -2.964561
-2.871361 -2.843662 -3.024553 -2.937249 -2.915176
-2.942091 -2.763528 -3.076634 -2.874149 -3.043307
-2.981853 -2.878495 -3.079905 -3.060252 -2.986818
-3.010347 -3.024954 -2.935845 -2.934303 -2.966548
-2.917304 -2.88083 -2.808905 -2.96295 -2.937923
-3.017698 -3.031645 -2.958803 -2.860543 -2.956497
-2.947724 -3.060051 -2.881218 -2.967462 -2.864534
-3.057368 -2.957354 -2.940749 -2.97514 -3.034817
-2.982383 -2.948209 -2.962931 -2.948973 -2.902327
-3.036752 -3.029926 -2.940495 -3.048048 -3.138998
-3.069485 -2.996373 -3.030793 -3.026599 -3.063197
-2.928172 -2.819013 -3.046911 -2.944457 -3.015792
-3.125765 -2.869128 -2.981526 -3.027434 -2.989432
-3.030634 -2.896815 -2.798187 -2.862304 -2.977021
-2.919518 -3.086617 -2.982296 -2.818348 -3.023657
-2.988886 -3.13396 -2.899588 -2.98396 -2.922685
-2.965698 -2.997263 -2.863974 -3.046197 -3.098828
-3.06531 -2.90854 -2.928817 -2.929217 -2.937609
-2.978026 -2.880393 -2.899696 -2.946845 -2.962452
-2.959581 -3.046028 -2.870495 -2.937681 -2.967431
-3.079077 -2.983566 -3.000146 -2.920142 -2.917838
-3.202757 -2.934561 -2.869903 -2.883048 -3.005186
-3.035211 -2.973188 -2.853623 -2.923335 -2.909863
-2.926606
