-3.036162 -3.0526 -3.131897 -2.945762 -3.044572
-3.037658 -3.051178 -3.050442 -2.951892 -3.045176
-2.984563 -3.047052 -2.889925 -3.026214 -3.029291
-3.03745 -3.090967 -3.022495 -3.054856 -3.075838
-3.020399 -3.015229 -2.93414 -3.093347 -3.036861
-2.991472 -3.134764 -2.951544 -3.068568 -3.06785
-3.090725 -3.021278 -3.080837 -3.099805 -3.04486
-3.021614 -3.080229 -2.940504 -2.938567 -3.091384
-3.041573 -3.054429 -3.060594 -3.042133 -3.041005
-3.043577 -3.027534 -3.051328 -3.050125 -3.049889
-3.00254 -3.081219 -3.03391 -3.055425 -3.009147
-3.071134 -3.072835 -1.946026 -3.053388 -3.017695
-3.034637 -3.029994 -3.031477 -2.950688 -3.108877
-2.857495 -3.075491 -3.1175 -3.056848 -3.053436
-3.074453 -3.093486 -3.067539 -2.026651 -2.773243
-3.08802 -3.051945 -3.04446 -3.07265 -3.060414
-3.057706 -3.035736 -3.041935 -3.057155 -3.049068
-2.920977 -3.087298 -3.036721 -2.901214 -3.055263
-3.100059 -3.097715 -2.947709 -2.947408 -3.115767
-3.056273 -3.098766 -2.998925 -3.064905 -2.917387
-2.954658 -3.033842 -3.087322 -3.007765 -3.007274
-3.061577 -3.063232 -2.991238 -3.047164 -3.047733
-3.08806 -3.027025 -2.930104 -3.079844 -3.068973
-3.069999 -3.078179 -2.839101 -3.036541 -3.031346
-3.018284 -2.946833 -3.02278 -3.037979 -1.942719
-3.063292 -3.01744 -3.060865 -3.036697 -3.036826
-2.988095 -3.004544 -3.061438 -3.061385 -3.050052
-3.070189 -3.030007 -2.114287 -3.049727 -3.082709
-2.974207 -2.964778 -3.050869 -3.018117 -3.052906
-3.090419 -3.114538 -3.066551 -3.060439 -2.107121
-2.114348 -3.077322 -3.057466 -3.018607 -3.095851
-3.081863 -3.061125 -3.062525 -3.094902 -2.9097
-3.096392 -3.071768 -3.037716 -3.040727 -3.041707
-3.113216 -2.995169 -3.040644 -3.035697 -3.048444
-2.994921 -3.020495 -2.974558 -2.928477 -3.051313
-3.03414 -3.053844 -3.047265 -3.030544 -2.899982
-3.068582 -3.06459 -3.106274 -3.071935 -3.062019
-3.018811 -3.098021 -2.967086 -3.047262 -2.876457
-3.008623 -3.080706 -3.054738 -3.060206 -3.070024
-3.096148 -2.920102 -2.962617 -3.078738 -2.877788
-3.061288
