-2.877655 -2.914609 -3.105836 -2.96833 -2.834456
-3.115492 -3.050686 -2.967714 -2.902837 -2.912654
-2.855374 -2.983138 -2.953207 -3.06137 -2.955201
-3.030015 -2.895674 -2.873063 -3.022954 -3.084192
-3.248576 -2.977333 -3.035217 -2.990356 -2.925525
-2.955529 -2.952613 -3.171 -2.913063 -2.83938
-3.05614 -2.94927 -3.024587 -3.153198 -2.898699
-2.990347 -2.993461 -2.901197 -3.079189 -2.889185
-3.106257 -2.921144 -2.998423 -2.962076 -2.93182
-2.956552 -2.844795 -2.876249 -2.962016 -2.968529
-3.147669 -2.992501 -3.018487 -2.918591 -3.147471
-2.925578 -2.942025 -2.932957 -3.130172 -2.832176
-3.113849 -2.95339 -2.890327 -2.933008 -2.97101
-2.999239 -2.994028 -2.92754 -2.985151 -3.044962
-2.982694 -2.979592 -3.068392 -3.025767 -2.965106
-2.929995 -3.100181 -2.872504 -2.92878 -3.030101
-2.997788 -3.071101 -2.882282 -2.969934 -2.887102
-2.918935 -2.973682 -3.046336 -3.081649 -2.989604
-2.968697 -3.152933 -3.010008 -3.006138 -2.943485
-3.074093 -2.843635 -2.967594 -2.935605 -2.945121
-3.199441 -2.946675 -3.191148 -3.024776 -2.903776
-2.854786 -3.020248 -2.9116 -3.036312 -2.896928
-3.211627 -2.999403 -2.896642 -3.15896 -2.857201
-2.800842 -2.992808 -2.97105 -3.035054 -2.98869
-2.895819 -2.885171 -2.964549 -2.879558 -3.164955
-3.042175 -2.991574 -2.889053 -2.947655 -3.079892
-3.012701 -2.970028 -2.839706 -2.895044 -2.936473
-2.9603 -2.969079 -2.910247 -3.015785 -2.832417
-2.971465 -2.847619 -3.04161 -2.854908 -2.989046
-2.909996 -2.979123 -3.191012 -3.019728 -3.269649
-2.962051 -2.892887 -2.955425 -2.916165 -2.984794
-3.095185 -2.85391 -3.121351 -3.113748 -3.004899
-3.009379 -2.905655 -2.805417 -2.883826 -2.934022
-2.829083 -3.019388 -2.932011 -2.997536 -3.097136
-2.910115 -2.976518 -3.152311 -2.985519 -2.955795
-2.864947 -2.926376 -3.016647 -3.136689 -2.96453
-2.96709 -2.966905 -3.035816 -2.891939 -3.052163
-3.11281 -3.035162 -3.003622 -3.13577 -3.03672
-2.819678 -3.106231 -2.912218 -2.940969 -3.07487
-2.905762 -3.017075 -2.859094 -2.929956 -2.956642
-3.038425
