-3.002022 -3.015624 -2.999859 -3.036623 -3.002639
-2.989247 -3.031611 -3.008777 -3.005569 -2.97661
-3.005577 -3.011992 -3.017206 -3.008767 -2.97395
-3.026459 -3.005898 -3.047596 -3.045388 -2.999439
-2.997805 -2.991911 -3.029684 -2.989463 -3.031899
-3.003568 -3.000221 -3.015086 -2.999517 -3.053339
-3.007324 -2.990275 -3.031088 -3.026241 -3.015704
-2.992535 -3.021257 -3.080154 -3.032915 -3.016595
-3.020486 -2.975811 -2.888658 -3.002037 -3.020178
-2.988096 -2.887714 -3.079255 -3.000492 -3.037254
-3.023013 -2.964099 -3.004553 -3.049797 -3.021706
-2.997267 -2.998795 -3.012143 -3.026307 -2.99367
-2.999717 -3.005368 -2.978122 -3.012207 -3.00497
-3.020287 -2.922536 -3.010381 -3.003484 -3.062942
-2.994484 -3.032763 -3.014191 -3.03508 -3.045068
-3.010837 -3.031571 -2.995371 -3.017054 -2.962509
-3.014584 -2.872257 -3.02934 -2.988765 -3.029769
-2.880629 -2.927616 -3.011339 -3.037734 -3.003013
-3.018777 -2.993382 -3.007649 -2.983544 -3.030602
-3.056185 -3.018362 -2.988517 -3.024466 -3.023968
-3.005387 -2.999155 -3.016513 -3.015529 -2.988502
-3.0225 -3.008354 -3.016028 -3.007117 -3.044536
-3.022805 -3.059326 -3.004282 -3.009028 -2.988794
-2.989259 -3.005888 -3.006635 -3.017275 -3.045624
-3.014969 -3.036748 -3.013499 -2.996825 -3.030385
-3.044164 -3.049876 -2.98385 -2.979629 -3.027998
-3.033009 -3.047682 -3.044002 -3.04317 -2.994459
-3.00099 -2.978761 -3.002631 -2.997737 -3.02019
-3.076665 -3.019165 -3.008181 -3.019279 -3.019657
-3.046856 -3.025037 -3.007741 -3.02016 -3.026046
-2.919321 -3.026158 -2.985483 -2.887294 -2.071191
-3.032005 -3.014697 -2.982001 -3.030174 -3.038052
-3.02608 -2.995286 -2.976127 -3.018529 -2.990179
-3.016506 -3.011498 -3.002473 -3.03359 -2.996469
-2.992452 -3.037425 -2.91887 -3.04817 -2.967793
-3.038882 -3.031117 -2.984095 -2.975604 -2.938987
-3.036882 -2.99553 -3.050947 -2.988783 -3.045442
-3.009045 -3.056427 -3.049221 -3.039063 -3.023707
-3.041843 -3.014783 -3.01193 -3.0213 -2.898583
-3.052303 -2.98107 -3.077362 -3.028315 -3.030871
-3.001014
