-2.883304 -3.06698 -3.102504 -2.944589 -2.856486
-3.113289 -2.96005 -3.014795 -2.973005 -2.949813
-3.068635 -3.029626 -3.03949 -3.076172 -3.198596
-3.040779 -3.11184 -2.967321 -3.10574 -3.1922
-3.000765 -2.991056 -2.911067 -2.975117 -3.124332
-2.994365 -3.12964 -3.102811 -3.034485 -3.023547
-3.149304 -3.051831 -3.039145 -3.032978 -3.015972
-2.892915 -3.173023 -3.025102 -3.107578 -3.048136
-2.938386 -2.997329 -3.107744 -2.990614 -2.958394
-2.959856 -3.083536 -3.00628 -3.050947 -2.899
-3.070133 -3.055676 -2.971541 -3.082653 -3.168301
-3.199545 -3.071038 -2.938022 -2.996033 -3.053216
-2.932952 -3.183485 -2.869633 -2.989137 -3.005399
-3.030784 -3.135054 -2.930415 -3.079365 -3.048654
-3.081577 -3.054035 -3.112379 -3.095564 -2.87602
-3.000534 -3.10944 -2.960163 -2.869624 -3.039728
-3.067259 -3.001123 -3.007718 -2.945921 -3.066984
-3.059347 -3.01476 -3.101302 -3.04169 -3.123931
-2.999444 -2.997637 -3.051609 -3.112798 -3.063668
-3.054693 -2.958927 -2.990973 -3.067402 -2.873059
-2.904213 -3.015028 -3.042866 -2.999306 -3.028841
-2.919681 -2.95482 -2.989273 -3.239386 -2.973369
-3.170036 -3.014254 -3.140445 -2.92808 -3.052779
-3.044102 -3.06449 -3.04891 -2.98898 -2.955836
-3.062139 -2.970253 -3.169599 -2.986865 -3.096633
-2.975922 -3.112273 -2.914732 -2.922849 -2.989193
-2.855722 -2.977988 -2.935451 -2.936201 -3.127612
-2.969708 -3.017361 -3.018313 -2.882603 -3.086706
-2.940906 -2.982525 -2.963733 -2.954401 -2.892398
-3.073911 -3.057048 -3.115414 -3.006794 -2.967363
-2.826698 -2.977216 -2.975137 -2.879573 -2.964713
-3.092664 -2.976044 -3.049829 -2.985761 -3.1647
-2.971953 -3.11586 -3.047139 -2.947061 -2.94696
-3.086828 -2.872289 -3.040595 -2.964176 -2.92819
-3.068743 -2.945855 -3.074403 -2.99364 -3.016318
-2.871931 -2.911473 -3.033102 -3.066238 -2.983268
-2.906132 -3.170081 -2.960249 -3.138936 -3.125114
-3.086709 -3.094554 -2.994899 -3.064769 -3.046194
-3.096214 -2.920666 -3.081836 -2.969845 -2.909792
-3.028939 -2.824944 -3.075006 -2.981638 -2.920112
-3.161327
