-2.95488 -2.952823 -2.957839 -2.957925 -2.953835
-2.949647 -2.980799 -2.994678 -3.029055 -2.980256
-2.972699 -3.048124 -2.942654 -2.984762 -2.959501
-2.957678 -2.937805 -2.807978 -2.954059 -2.95132
-2.98796 -2.999433 -2.96264 -2.833876 -2.960061
-2.992606 -2.999713 -2.965182 -2.871188 -2.96712
-2.935616 -2.974895 -2.971609 -2.889862 -2.953918
-2.948197 -2.959553 -2.96849 -2.826988 -2.964534
-2.991998 -2.964986 -2.986221 -2.991535 -2.849293
-2.934956 -2.962725 -2.965864 -2.953552 -2.963757
-2.94686 -2.973492 -3.009443 -2.962848 -2.96821
-3.005326 -2.972326 -2.872849 -2.986034 -2.945063
-2.991973 -2.970169 -2.955044 -2.952122 -2.964198
-2.871334 -2.939952 -2.87993 -2.951284 -2.950185
-2.968674 -2.982177 -2.978288 -2.976101 -2.927834
-3.011892 -2.937833 -2.973497 -2.961769 -2.963599
-2.95784 -2.984508 -2.996151 -2.933003 -2.964593
-2.958106 -2.838864 -2.976644 -2.954958 -2.981324
-2.976413 -2.928028 -2.989519 -3.0062 -2.966242
-2.94661 -2.990093 -2.962455 -2.948656 -2.864913
-2.979917 -2.969851 -2.813069 -3.003639 -2.966213
-2.978123 -2.953484 -2.937616 -2.9757 -2.976
-2.984941 -2.923093 -2.852769 -3.003426 -2.936943
-2.989322 -2.975857 -2.964798 -2.945246 -2.975118
-2.973642 -2.958628 -3.021077 -2.933517 -2.970906
-2.813555 -2.991674 -2.973946 -2.974715 -2.821764
-2.977281 -2.94536 -2.948507 -2.961418 -2.976147
-3.037549 -2.994201 -2.964932 -2.958759 -2.967811
-2.842322 -2.981026 -2.968329 -2.97471 -2.964907
-2.963012 -2.981784 -2.959516 -2.964097 -2.96636
-2.794322 -2.97201 -2.951379 -3.005963 -2.985639
-2.958557 -3.001876 -3.008958 -2.953675 -2.950682
-3.015261 -2.955284 -2.98954 -2.970519 -2.940555
-2.962386 -2.96563 -2.960368 -2.850746 -2.961641
-2.990416 -2.933433 -2.923534 -3.006768 -2.94081
-2.092482 -2.98478 -2.953897 -2.980732 -2.963189
-2.939896 -2.983495 -2.947222 -2.929109 -2.970101
-2.965539 -2.989137 -2.86555 -2.845539 -2.964978
-2.967461 -2.977456 -2.968295 -2.996358 -2.94523
-2.937104 -2.93927 -2.996923 -2.980748 -2.971579
-2.999166
