-2.973666 -2.96555 -3.026984 -3.038936 -3.02998
-3.012285 -2.998104 -2.992805 -2.989848 -2.954882
-2.975163 -2.962416 -2.962889 -2.972078 -3.043963
-2.939091 -2.957909 -2.945877 -2.972188 -2.957906
-2.951269 -2.986317 -2.958485 -2.979576 -2.840407
-2.985015 -3.019058 -3.015105 -3.018335 -2.937515
-3.037005 -2.941227 -2.930718 -2.967474 -2.94189
-3.001482 -3.034043 -2.998473 -2.969255 -2.983843
-3.013354 -2.888169 -3.018847 -3.016015 -3.014471
-3.037845 -3.020951 -2.979149 -2.894372 -2.995773
-2.967579 -2.9586 -3.028573 -2.989341 -2.963214
-2.985973 -3.009032 -3.042856 -3.01973 -2.987839
-3.074863 -3.011259 -2.98572 -3.005587 -3.024319
-3.001382 -2.96776 -2.975339 -2.98435 -2.967726
-2.932952 -2.951887 -3.002282 -3.06942 -2.993738
-2.996924 -3.038793 -3.020951 -2.981057 -2.88922
-2.997256 -2.72009 -2.981216 -3.018803 -2.953031
-2.968862 -2.957315 -2.942425 -2.960293 -3.036664
-2.958352 -2.9959 -3.003234 -2.998093 -3.019917
-2.981537 -3.057603 -3.036414 -2.944015 -2.950749
-3.028859 -3.002989 -3.009238 -2.956726 -3.020384
-2.99804 -2.930705 -2.989562 -2.995874 -3.040653
-2.980643 -2.98414 -3.017709 -3.003572 -2.975875
-2.927798 -2.98103 -3.00566 -3.003777 -2.79402
-2.977199 -2.962726 -2.977673 -3.019164 -3.041479
-2.959419 -3.000158 -3.073882 -2.816366 -2.967259
-3.018106 -3.00431 -2.990113 -2.851615 -3.000321
-2.96989 -3.028558 -2.991752 -2.996428 -2.972612
-2.822089 -2.942488 -2.935548 -2.97167 -2.993695
-3.044675 -2.959259 -2.932397 -2.957322 -3.029213
-3.014371 -3.041136 -2.996346 -2.941104 -2.975702
-3.009293 -2.952819 -2.941023 -2.967607 -2.980347
-3.013353 -2.994171 -2.865423 -3.048443 -2.972972
-2.958937 -3.01682 -3.001285 -2.965499 -2.997476
-2.999542 -2.965714 -3.012008 -2.950892 -3.002454
-2.984551 -2.984826 -2.947137 -2.978275 -3.047309
-2.996217 -3.012391 -2.777508 -2.994665 -3.023953
-2.966335 -2.989789 -2.993525 -2.901814 -3.015057
-2.944694 -2.959677 -3.023053 -2.84915 -3.055798
-3.007462 -2.893388 -3.096041 -3.005601 -3.044627
-3.015177
