-2.955546 -2.858504 -2.948116 -2.805015 -2.989431
-2.950285 -2.908124 -2.892679 -2.955624 -2.839649
-3.009866 -2.969177 -2.983509 -2.870931 -2.892633
-2.914681 -2.973469 -2.98825 -2.797757 -2.932901
-2.98108 -2.941164 -2.728736 -2.97956 -2.898871
-2.974492 -2.902405 -2.95709 -2.915911 -2.981811
-3.036581 -2.6598 -2.966357 -2.903097 -2.952997
-2.956889 -2.663412 -2.998045 -2.378894 -2.980008
-2.964159 -2.945677 -2.9465 -2.943259 -2.963139
-2.989693 -2.96752 -2.970157 -2.744701 -2.81025
-2.70613 -2.976821 -3.017947 -2.746045 -2.930234
-2.691178 -2.969377 -2.932773 -2.854583 -2.878973
-2.965373 -2.830679 -2.856895 -2.905376 -2.771978
-2.971378 -2.950054 -2.895444 -2.800487 -2.902921
-2.874683 -2.829032 -2.935415 -2.701925 -3.007716
-2.792826 -2.845113 -2.933917 -2.910678 -2.955576
-2.925412 -2.823881 -2.815066 -2.924408 -2.954125
-2.793102 -2.982434 -2.954583 -2.974031 -2.953664
-2.706246 -2.846944 -2.894501 -2.962376 -2.87364
-2.545164 -2.984856 -2.611937 -2.955008 -3.033447
-2.938123 -2.783539 -2.968142 -3.047028 -2.889154
-2.776086 -2.948508 -2.806365 -2.937042 -2.844611
-2.675269 -2.929722 -2.869883 -2.966812 -2.493733
-2.763328 -2.702615 -2.720321 -2.90314 -2.936507
-2.886606 -2.916914 -2.804361 -2.978879 -2.419396
-2.817308 -2.82 -2.959614 -3.006999 -2.878488
-2.997097 -2.728066 -2.976886 -3.011621 -3.024564
-2.746534 -2.739992 -2.956515 -2.951611 -2.914082
-2.956022 -2.845478 -3.014917 -2.993085 -2.936267
-2.920608 -2.898206 -2.901507 -2.899736 -2.899179
-3.000368 -2.947344 -2.854349 -2.891238 -2.887493
-2.699102 -2.890951 -2.941602 -2.912971 -2.992267
-2.996033 -2.962697 -2.888291 -2.875875 -2.903863
-2.904956 -2.935287 -2.884708 -2.969607 -2.894722
-3.000527 -2.947218 -2.905984 -2.953159 -2.975915
-2.91194 -2.956148 -2.923934 -2.961999 -2.953413
-2.932746 -2.919144 -3.039184 -2.943659 -2.863111
-2.820361 -2.876992 -2.878121 -2.664015 -2.911513
-2.952254 -2.821405 -2.805185 -2.810551 -2.706335
-2.86762 -2.786987 -2.847582 -2.897151 -2.874875
-2.86914
