-2.950061 -2.981171 -2.955452 -2.98563 -3.000282
-2.991907 -2.941811 -2.997254 -2.953221 -2.831189
-2.969936 -2.976326 -3.031051 -2.989534 -2.969845
-2.905993 -2.926675 -2.999329 -3.046065 -2.986873
-2.938858 -3.008873 -2.954003 -3.008386 -3.040152
-2.959154 -2.935511 -2.95298 -2.97036 -2.922453
-2.973229 -2.958935 -2.925708 -2.9672 -2.932458
-2.892766 -3.05328 -2.779148 -2.939999 -3.015827
-2.861695 -2.989123 -2.936511 -2.92196 -2.98706
-2.970497 -2.927334 -2.967063 -3.058852 -2.966317
-2.980641 -3.034221 -2.961951 -2.952834 -2.969972
-2.990845 -2.932044 -2.928912 -2.906411 -3.041647
-2.94723 -2.980604 -2.965007 -3.005222 -2.909124
-2.963982 -2.986224 -2.947263 -2.961459 -3.067307
-2.955497 -2.972034 -2.955357 -2.993616 -3.013913
-2.961433 -3.023251 -2.974658 -3.02074 -2.947596
-2.961201 -2.855631 -2.993112 -2.961837 -2.967625
-2.951642 -3.014174 -3.03197 -3.024816 -2.967606
-2.991979 -2.977877 -2.9539 -2.962582 -2.955884
-2.951785 -2.999602 -2.973099 -2.969844 -2.929996
-2.938461 -2.980593 -2.987387 -3.083014 -2.945493
-2.971154 -2.96526 -2.974874 -2.966285 -2.954898
-2.923621 -2.955676 -2.989987 -3.048964 -2.941611
-2.924689 -2.937952 -2.979082 -2.990221 -2.987156
-2.972418 -3.026743 -2.978541 -2.967322 -2.983057
-3.037196 -2.950437 -2.961405 -2.900017 -3.029666
-2.942007 -3.000301 -2.931386 -2.946343 -3.021547
-3.007851 -2.971588 -2.962707 -2.986115 -2.956654
-2.975505 -3.098491 -2.970922 -2.970094 -2.979091
-2.971116 -2.982802 -2.964739 -2.915559 -3.007248
-2.93565 -3.010155 -2.948035 -3.016076 -2.953782
-2.964934 -2.993193 -2.842236 -3.010481 -2.848947
-3.03109 -2.97146 -2.926626 -2.934853 -2.824966
-3.02013 -2.930083 -2.989861 -2.990437 -3.014932
-2.988761 -2.956371 -2.982503 -3.002217 -2.906943
-2.922226 -2.982063 -2.960783 -2.944751 -2.976269
-3.0176 -2.948064 -3.008467 -3.025226 -2.921254
-2.953033 -2.975888 -2.981479 -2.964193 -2.973665
-2.99617 -3.037558 -2.939033 -3.013138 -2.976073
-2.992765 -2.937013 -2.894967 -2.991872 -3.031731
-2.937334
