-2.96488 -2.978083 -2.961745 -2.998037 -2.984782
-2.965256 -2.930791 -2.961901 -2.964788 -2.944475
-2.924032 -2.938593 -3.001856 -2.972879 -2.98108
-2.935938 -2.99096 -2.950161 -3.029261 -2.998054
-2.962617 -2.97271 -2.981979 -2.943405 -2.988398
-2.980532 -2.94483 -2.968893 -2.922906 -2.874554
-3.002958 -2.908253 -2.942702 -2.957223 -3.003729
-2.959903 -2.819297 -2.976372 -2.972996 -2.979653
-2.997682 -2.880691 -2.980652 -2.968779 -3.015274
-2.976211 -2.998925 -2.970311 -2.977701 -2.953231
-3.027679 -2.978541 -2.95234 -2.763715 -2.989705
-2.970038 -2.994291 -2.984284 -2.795517 -3.026415
-3.013584 -2.982197 -2.977846 -2.964907 -2.955979
-2.937602 -2.99432 -2.925617 -2.952021 -2.947846
-2.973434 -3.019458 -2.810731 -2.959874 -2.985365
-3.019718 -2.986592 -2.972106 -2.991115 -2.989875
-2.97278 -2.90057 -2.99024 -3.020109 -2.950368
-3.016062 -2.989012 -2.964388 -2.963323 -2.972009
-2.998578 -2.96022 -2.946982 -2.974086 -2.978343
-2.993739 -3.010389 -2.9682 -2.928385 -2.996803
-2.959924 -2.983335 -2.945606 -2.835122 -2.925975
-2.985551 -2.944048 -2.897137 -2.916957 -2.984246
-2.81605 -2.957652 -2.974323 -2.82021 -3.025679
-3.025792 -2.977907 -3.00227 -3.032065 -2.955141
-2.958225 -3.033135 -2.850433 -2.950226 -2.969332
-2.959088 -3.000401 -2.984699 -3.003606 -2.95362
-2.829288 -2.94181 -2.94521 -2.977122 -2.951769
-2.986036 -2.932698 -2.917059 -2.95362 -1.948484
-2.980885 -2.979635 -2.964236 -3.00524 -2.987316
-3.000656 -2.985439 -3.026581 -3.011613 -2.950497
-2.985973 -2.999955 -2.989459 -2.960903 -2.983869
-2.98101 -2.838463 -2.926356 -2.993424 -2.977496
-2.908922 -2.997495 -2.973511 -2.942512 -3.011978
-2.967253 -2.931494 -2.956952 -2.890497 -2.984644
-2.982945 -2.805045 -2.992415 -2.982779 -3.026709
-2.969965 -2.954246 -2.975332 -3.029011 -2.962594
-2.998734 -3.018518 -2.961796 -2.948852 -2.95402
-2.938333 -2.822088 -3.0017 -2.969168 -2.975875
-2.975484 -2.985556 -2.973564 -2.963873 -2.964425
-2.936337 -2.839886 -2.971178 -2.918885 -2.958533
-2.95162
