-2.956326 -2.971812 -2.92561 -2.982003 -2.930187
-3.01385 -2.971848 -2.960548 -2.930592 -3.002724
-2.984555 -2.977738 -2.971603 -3.023192 -2.962201
-2.909116 -2.964797 -2.920671 -2.99724 -2.942162
-2.974484 -2.960309 -2.924403 -2.954894 -2.927328
-2.972407 -2.973129 -2.975871 -2.862446 -2.962494
-2.98561 -2.974985 -2.859919 -2.987846 -3.004267
-2.928803 -2.970918 -2.978054 -2.995149 -2.956225
-2.99219 -2.955763 -2.997519 -2.938503 -2.855985
-2.958128 -2.941931 -3.016984 -2.993056 -2.955452
-2.957242 -2.940999 -3.007892 -3.007412 -2.951212
-2.924732 -2.906678 -3.023497 -3.010392 -2.99335
-2.999832 -3.006544 -2.968276 -2.944797 -2.972991
-3.020938 -2.951463 -2.988318 -2.98008 -2.972189
-2.97784 -2.966746 -2.949554 -2.966653 -3.012483
-3.007509 -2.962095 -2.994567 -3.013912 -1.973909
-2.973764 -2.919385 -2.994112 -2.91281 -2.954267
-2.957616 -2.967303 -2.977883 -2.959591 -2.959737
-2.939505 -2.953939 -2.925834 -3.011757 -2.98813
-2.921284 -2.92648 -2.980519 -3.003556 -2.930885
-2.932676 -2.950602 -2.975018 -2.839592 -2.852711
-3.006248 -2.963867 -2.958941 -2.943701 -3.002589
-2.969152 -2.972684 -2.972064 -2.970678 -2.95004
-2.939136 -2.973293 -2.91034 -2.932384 -2.947525
-2.911255 -2.943325 -2.983375 -2.933418 -2.930298
-3.016865 -3.035831 -1.914373 -2.91894 -2.884162
-2.972152 -2.937595 -2.966723 -2.930315 -3.001178
-2.862919 -2.97595 -2.936735 -2.97376 -2.957361
-2.925542 -2.810297 -3.01409 -2.961892 -2.841143
-2.931372 -2.976022 -2.953182 -3.063392 -3.007805
-2.98655 -2.810472 -2.965251 -2.990043 -2.997496
-2.950575 -3.010037 -2.95898 -2.934444 -2.969459
-2.948282 -2.985091 -3.027758 -2.957563 -2.922823
-2.987025 -3.016387 -2.957621 -2.946282 -3.005789
-2.957332 -3.010688 -2.955822 -2.95785 -2.949276
-2.996922 -2.961577 -2.991182 -2.98829 -2.986026
-2.963765 -3.000188 -3.004928 -2.84918 -2.974254
-2.954286 -2.963564 -2.969485 -3.004879 -2.942567
-3.005263 -2.954197 -2.951962 -2.993413 -2.947828
-2.943749 -2.938769 -3.01631 -2.946168 -3.001532
-3.000212
