-2.9742 -2.935214 -2.964891 -2.927018 -2.999052
-2.993508 -3.008909 -2.997688 -2.998253 -3.03375
-2.923789 -2.999507 -2.994981 -3.016101 -2.992583
-3.006413 -2.982496 -2.955262 -2.961096 -2.982876
-2.972499 -2.827431 -2.983351 -2.979559 -3.002853
-2.98384 -3.012038 -2.970326 -2.968098 -3.031588
-3.010403 -3.003726 -2.992241 -2.965983 -2.878782
-2.98477 -3.015729 -2.869017 -2.975418 -2.984147
-2.933824 -2.985923 -2.992438 -3.016021 -2.97974
-3.042385 -2.810074 -2.940945 -2.975097 -2.73016
-2.974133 -3.006362 -2.957264 -2.964077 -3.014576
-2.957438 -2.952335 -2.982865 -3.006441 -3.020616
-2.973194 -2.979885 -2.926128 -2.984927 -3.019131
-2.992625 -2.955783 -3.003119 -2.954042 -2.949629
-3.002316 -3.009859 -3.013102 -2.959037 -2.976712
-2.998666 -2.945421 -2.991868 -2.971414 -3.089852
-2.969992 -2.957894 -2.973893 -2.96338 -2.995868
-2.974511 -2.955948 -2.991589 -2.97361 -2.938386
-3.014425 -2.975879 -3.003898 -2.962935 -2.995609
-2.92886 -3.042541 -2.967392 -2.981707 -2.967253
-2.99088 -2.952428 -2.968331 -3.002553 -2.990035
-3.042863 -2.989662 -2.961911 -3.003785 -2.990718
-3.001836 -2.851618 -2.977636 -2.973945 -3.008679
-2.853264 -2.882619 -2.990544 -2.993684 -3.001627
-2.973167 -2.093531 -2.946052 -2.794464 -2.996289
-2.966586 -2.994067 -2.953054 -2.97363 -3.000163
-2.936842 -2.993852 -3.007336 -2.991529 -2.986384
-2.941786 -2.980352 -2.983174 -3.007775 -2.969721
-2.962719 -2.982397 -2.982384 -2.969993 -3.000125
-2.974144 -2.962357 -2.974473 -2.980918 -3.037378
-2.959759 -2.969113 -2.990838 -2.078948 -2.954326
-2.969803 -3.023036 -3.014224 -2.981643 -2.87601
-2.96724 -2.967842 -2.989947 -2.962288 -3.008485
-2.886749 -2.989579 -2.972258 -2.984427 -2.993106
-3.008674 -2.968069 -2.959007 -2.969244 -3.016118
-2.99866 -2.976079 -2.969014 -2.989214 -2.975391
-2.967423 -3.001348 -2.024852 -3.014629 -2.94003
-2.970419 -2.97636 -3.01564 -3.003056 -2.965764
-2.973945 -2.973072 -2.974015 -2.968446 -3.022082
-2.997894 -3.005653 -2.976277 -2.975285 -2.983205
-2.897829
