-2.992052 -2.860973 -3.024567 -2.981887 -3.002393
-3.029683 -3.028672 -3.043669 -3.021035 -3.013
-3.007049 -2.963474 -2.973922 -3.010687 -2.984373
-3.088017 -3.028145 -2.886031 -3.00348 -3.001826
-3.021313 -2.996444 -3.020922 -3.009107 -3.007908
-2.983618 -3.000397 -3.003087 -2.800422 -3.028682
-3.008723 -2.990455 -3.023287 -3.008401 -3.048671
-2.893317 -3.057556 -2.998812 -3.038433 -3.053134
-3.02475 -2.911969 -3.02022 -3.016116 -3.074736
-2.987889 -3.01075 -2.969281 -2.944664 -2.983614
-2.984603 -3.020838 -2.963273 -2.994386 -3.017923
-3.050462 -3.004943 -3.053926 -3.015069 -3.017881
-2.915746 -3.0353 -3.062993 -2.068158 -3.040279
-3.054348 -3.004137 -2.852041 -3.015794 -3.065647
-2.96663 -2.916693 -3.067733 -2.988843 -3.02398
-2.975044 -3.043383 -2.993108 -3.00263 -3.040724
-2.993139 -2.97061 -3.058838 -2.779969 -3.03321
-2.886212 -2.94252 -2.995853 -3.043112 -2.913532
-3.026507 -2.971015 -2.997037 -3.073039 -3.036718
-3.033375 -3.081154 -3.014523 -2.965768 -2.988024
-3.009132 -3.010462 -2.871052 -2.985489 -3.013595
-3.029921 -3.021284 -2.996433 -3.024067 -3.042768
-3.020996 -2.993507 -3.004735 -2.979856 -3.00784
-2.977863 -3.014423 -2.984646 -2.961942 -3.05914
-3.027478 -2.98 -3.007343 -3.020437 -2.058872
-3.015546 -3.036258 -2.967259 -3.012716 -3.005527
-2.951098 -2.990078 -2.967546 -2.981968 -3.022353
-3.003385 -2.065893 -2.87951 -3.043844 -2.938372
-3.008548 -2.962079 -3.037985 -2.890272 -3.01193
-3.016274 -3.000264 -3.00307 -3.037219 -2.972481
-2.995527 -3.005402 -3.044157 -3.008075 -3.021557
-3.041191 -3.01714 -3.010677 -2.969013 -2.984517
-2.97649 -2.964852 -2.801848 -3.008723 -2.993709
-3.008804 -3.054931 -3.007791 -2.975696 -3.059114
-3.014196 -3.031311 -3.03612 -3.028846 -3.016673
-3.014511 -2.964135 -2.978305 -3.021339 -2.98965
-3.003743 -2.952029 -3.046075 -3.045002 -3.046677
-3.046948 -3.042866 -3.023593 -3.025905 -3.038021
-3.018379 -3.038191 -2.988697 -2.977592 -3.029288
-3.033174 -3.013727 -3.006378 -3.066201 -3.037557
-3.026663
