-2.977277 -2.952294 -2.092436 -3.033459 -2.989956
-3.032845 -2.949873 -2.979489 -2.990813 -3.001205
-2.959286 -2.987493 -2.996484 -3.03958 -2.975941
-2.963873 -3.029343 -2.991922 -2.959918 -2.980627
-2.964056 -2.96007 -3.047207 -3.009006 -2.980847
-2.997697 -3.05587 -3.049437 -3.019751 -2.898348
-2.967519 -3.082515 -3.012363 -2.977996 -2.998592
-3.003713 -2.937766 -2.986578 -3.037253 -3.058019
-2.985693 -2.97917 -2.934374 -2.925821 -2.991633
-2.993916 -3.018693 -2.97918 -2.986286 -3.034987
-2.801581 -3.018757 -2.734415 -2.973188 -3.005683
-2.996803 -2.993555 -3.031617 -2.987643 -3.019765
-2.925406 -2.868337 -3.023825 -2.940833 -2.911869
-3.018249 -3.073678 -3.003585 -2.988877 -3.008699
-3.013945 -2.896165 -2.985416 -2.965322 -3.01564
-3.028397 -3.016962 -2.022248 -3.025122 -3.037461
-2.979296 -3.034744 -2.977202 -2.969302 -2.948582
-2.983066 -2.972841 -2.930867 -3.031326 -2.885328
-2.99361 -2.888992 -3.004955 -2.984567 -2.943087
-3.035792 -3.023384 -2.962229 -2.976434 -2.958173
-2.993328 -2.990558 -2.973216 -2.884269 -2.988151
-3.030867 -2.952486 -2.929793 -2.971117 -2.973963
-2.834039 -2.939228 -2.980667 -2.988821 -3.001076
-2.959803 -2.867177 -2.939973 -2.988459 -3.027383
-2.970085 -2.922294 -2.991513 -2.983785 -2.970515
-2.851436 -3.006193 -2.9854 -2.93054 -2.9605
-2.986319 -2.973542 -2.954026 -2.99546 -2.936329
-2.861161 -3.043148 -2.893393 -3.025357 -2.967654
-2.970446 -2.943645 -2.974402 -3.02154 -3.028633
-2.957327 -3.011706 -3.022093 -2.974675 -3.004834
-3.014221 -2.970381 -2.956751 -2.972348 -2.968168
-2.969293 -2.995302 -2.93485 -2.969184 -2.871726
-2.910566 -2.980715 -2.997457 -2.951165 -2.984661
-2.955559 -3.014658 -3.018721 -2.956508 -3.00099
-2.957212 -3.042354 -2.984181 -2.894809 -2.990996
-2.972205 -2.923125 -2.965258 -2.993983 -2.958811
-2.944882 -3.00143 -2.111482 -2.99686 -2.967651
-3.004698 -2.899823 -3.0173 -3.029504 -2.975255
-2.986436 -3.06724 -3.009031 -2.950733 -2.986361
-3.034632 -2.998158 -2.970123 -2.989624 -3.005737
-3.048572
