-2.936466 -2.945749 -2.999748 -2.018969 -2.940027
-2.938561 -2.950276 -2.910607 -2.989217 -2.950955
-2.849833 -2.945179 -2.978177 -2.930271 -2.969762
-2.968547 -2.957039 -2.800508 -2.93321 -2.926253
-2.986055 -2.928365 -2.950328 -2.978627 -2.977839
-2.906371 -2.961482 -2.989694 -2.946555 -2.961278
-2.926947 -2.930288 -2.932037 -2.93078 -2.925171
-2.960442 -2.963472 -2.96151 -2.93735 -2.947094
-2.991653 -2.946289 -2.935389 -2.947688 -2.959817
-2.923677 -2.944592 -2.938283 -2.924423 -2.948466
-2.93389 -2.937717 -2.936873 -2.932451 -2.923519
-2.936423 -2.9772 -2.930217 -2.947639 -2.910703
-2.973859 -2.898551 -2.771278 -2.959502 -2.949365
-2.985904 -2.956962 -2.953638 -2.944811 -2.942518
-2.987258 -2.956104 -2.932275 -2.947243 -2.9498
-2.979241 -2.974573 -2.941056 -2.961507 -2.946075
-2.819575 -2.946374 -2.934343 -2.954293 -2.938097
-2.960607 -2.919375 -2.953687 -2.943028 -2.918177
-2.965781 -2.979523 -2.958445 -2.940708 -2.910575
-2.94748 -2.927023 -2.931965 -2.941442 -2.937694
-2.928436 -2.928463 -2.907544 -2.944688 -2.931495
-2.946869 -2.979402 -2.953393 -2.937808 -2.929157
-2.962603 -2.944141 -2.968096 -2.933259 -2.932548
-2.955864 -2.957734 -2.925708 -2.981557 -2.927378
-2.991574 -2.914478 -2.981734 -2.90363 -2.983049
-2.939812 -2.955083 -2.952887 -2.947208 -2.963911
-2.94969 -2.94749 -2.930457 -2.941209 -2.96061
-2.962877 -2.814415 -2.963381 -2.981014 -2.981584
-2.966756 -2.947461 -2.934738 -2.900382 -2.954667
-2.955617 -2.982502 -2.934469 -2.946798 -2.940613
-2.993425 -2.939223 -2.962195 -2.93148 -2.985182
-2.932417 -2.93407 -2.952425 -2.923567 -2.959727
-2.974594 -2.951298 -2.979415 -2.935729 -2.916214
-2.947847 -2.938976 -2.95315 -2.972777 -2.943163
-2.952951 -2.966996 -2.970788 -2.955529 -2.922728
-2.974434 -2.985632 -2.93306 -2.914849 -2.937303
-2.900473 -2.924558 -2.943229 -2.935672 -2.924289
-2.947879 -2.929331 -2.949155 -2.916628 -2.945318
-2.937871 -2.958678 -2.971269 -2.918112 -2.928767
-2.968161 -2.966462 -2.94753 -2.979259 -2.961986
-2.963036
