-2.837818 -2.89887 -3.012502 -3.034223 -3.084612
-2.946439 -3.034622 -3.143724 -3.052185 -2.967269
-2.984412 -2.868102 -2.901546 -2.925022 -2.922392
-2.894308 -2.934077 -2.843789 -2.990439 -2.918016
-3.0457 -3.02399 -2.930731 -2.947108 -3.010027
-3.05597 -2.899868 -3.032912 -3.027593 -2.92455
-2.954109 -2.907346 -3.015879 -2.886015 -2.959124
-2.945836 -2.866502 -2.979222 -2.979776 -2.949838
-2.919607 -2.934221 -2.891734 -3.048658 -2.93342
-2.874172 -2.882433 -2.868893 -2.906693 -3.001696
-2.902167 -3.084176 -3.189163 -3.004637 -2.982903
-2.990366 -2.930264 -3.06097 -2.947414 -2.981113
-2.843798 -2.959307 -3.004911 -2.974373 -2.821559
-2.975421 -3.008531 -3.218931 -2.97318 -2.893977
-3.126874 -3.014317 -2.962327 -2.970707 -2.920207
-2.820388 -3.088836 -2.946269 -2.927229 -3.042818
-2.871566 -2.997975 -2.954516 -3.164725 -2.846117
-2.839706 -2.964413 -3.060839 -3.086716 -3.029737
-2.974405 -3.025941 -3.000139 -2.909797 -2.973634
-2.935974 -3.070147 -2.927111 -3.121542 -2.905141
-2.892842 -2.937546 -3.127763 -2.976682 -2.89206
-2.911036 -3.035015 -2.926289 -3.09757 -2.938769
-3.084471 -2.819481 -3.071209 -3.155738 -2.875234
-2.844486 -2.871278 -2.910252 -2.868075 -2.998056
-3.136357 -2.979249 -2.931067 -3.076509 -2.999362
-3.074483 -2.85731 -2.948984 -3.061377 -2.984454
-3.00676 -3.015295 -3.019015 -3.030382 -2.920023
-2.911717 -3.064195 -3.08537 -3.055023 -2.876493
-2.847281 -3.070897 -3.009765 -3.007256 -2.908852
-3.117698 -2.860303 -3.095696 -3.075354 -2.929711
-2.971578 -2.949095 -3.080249 -2.999976 -2.888068
-2.913671 -2.852574 -3.050869 -2.958068 -3.191328
-3.086241 -2.989329 -2.830157 -2.90383 -2.902809
-3.031218 -2.99294 -2.8679 -2.89049 -2.87056
-2.951214 -2.992195 -2.991462 -2.977488 -3.102097
-3.093447 -2.876376 -2.856608 -3.053956 -2.955384
-2.969939 -2.883963 -3.024932 -2.985043 -3.002825
-2.984285 -2.934626 -3.013282 -2.930521 -3.06846
-2.846718 -3.112249 -2.8965 -3.023074 -2.977161
-2.951661 -2.967304 -2.965685 -2.859524 -3.121065
-2.960028
