-2.948153 -2.920051 -2.972604 -2.900074 -2.972301
-2.887267 -2.988873 -2.952612 -2.973648 -2.817568
-3.014677 -3.007372 -2.952097 -2.981407 -2.944817
-3.013664 -2.997759 -2.983023 -2.957595 -2.972963
-2.943763 -2.997358 -3.003895 -2.955879 -2.868486
-2.939741 -3.039561 -2.973603 -3.006835 -2.978375
-2.934258 -3.002939 -2.877052 -2.978554 -2.99072
-2.960313 -2.993785 -2.950699 -2.937278 -3.012572
-2.927283 -2.976195 -2.987702 -2.978852 -2.822382
-2.980439 -2.986473 -3.042581 -2.957243 -2.948016
-2.942952 -2.983494 -3.016244 -3.004623 -3.039101
-2.993056 -2.967576 -2.984112 -2.982129 -2.908206
-2.99642 -2.997132 -3.038522 -2.952826 -2.911467
-2.928164 -2.991878 -2.993982 -2.95653 -2.971187
-2.85644 -3.00303 -2.982452 -2.987953 -2.937897
-3.059434 -3.020069 -2.929635 -3.026853 -3.050279
-2.976608 -3.015223 -2.95105 -2.951225 -2.918373
-2.986708 -3.041618 -2.952145 -2.947692 -2.968831
-2.898478 -2.99495 -2.947407 -2.929941 -2.95113
-3.042071 -2.962321 -2.966655 -2.83881 -2.982161
-2.945649 -2.99118 -2.832885 -2.957534 -2.920107
-3.02242 -3.019208 -2.968561 -2.979882 -2.971119
-2.973414 -3.045774 -2.933849 -2.941167 -2.987222
-2.922791 -3.02915 -2.98371 -2.946649 -2.959019
-3.004155 -2.999296 -2.954257 -2.944761 -2.997192
-3.001818 -2.948968 -2.993296 -2.96574 -2.931445
-2.981233 -2.940115 -2.964682 -2.904201 -2.979703
-2.987066 -2.998776 -2.913462 -2.968309 -2.98639
-2.996065 -2.868987 -2.967517 -2.980549 -2.942968
-2.98306 -2.997812 -2.977776 -2.975874 -2.95903
-2.939406 -3.005303 -2.95213 -3.051915 -2.89044
-3.061739 -2.997966 -2.973657 -2.942793 -2.997485
-2.920315 -2.95517 -2.936244 -3.007068 -2.922128
-3.006672 -2.976894 -2.995913 -2.849272 -2.953551
-2.977488 -2.94145 -2.981002 -2.955629 -2.988509
-2.963434 -2.970323 -2.970841 -2.072463 -2.965966
-2.959267 -2.982123 -2.935802 -2.976781 -3.019776
-2.871703 -2.978231 -2.931734 -2.980625 -2.982614
-2.937292 -3.018211 -3.005047 -2.969256 -2.911496
-3.035832 -2.895316 -3.003201 -2.921933 -2.978489
-3.014139
