-2.97154 -2.959183 -2.957118 -2.953751 -3.002939
-2.969412 -2.978346 -2.982584 -3.000861 -1.895393
-2.945841 -2.949772 -3.032991 -3.002082 -2.979146
-3.002736 -2.952425 -3.011584 -3.013682 -2.038413
-3.005682 -3.004908 -2.955662 -2.967096 -2.962466
-3.000271 -2.943456 -2.98805 -3.028834 -3.006481
-2.967647 -3.049326 -2.968386 -2.983938 -1.996375
-3.054633 -2.967463 -3.00617 -2.986949 -2.947648
-2.843452 -2.996684 -3.020151 -2.72442 -2.981099
-3.055364 -2.977243 -2.951077 -3.011624 -2.841782
-3.01427 -2.974265 -2.978313 -2.912518 -2.956886
-2.989057 -2.909916 -2.962167 -3.005625 -2.996161
-2.983683 -2.960435 -2.946731 -3.01436 -3.011798
-3.024447 -3.006813 -3.041593 -2.880058 -2.986493
-3.018617 -2.993804 -3.006898 -2.980756 -3.010576
-2.989049 -2.983757 -2.99314 -2.973233 -3.024032
-2.969384 -2.987366 -2.968058 -2.988053 -3.009013
-3.012799 -2.973782 -1.957047 -3.015341 -2.999256
-2.956456 -3.033387 -2.957429 -3.023585 -2.977719
-2.987884 -2.998343 -2.975752 -3.037315 -3.03226
-3.026539 -2.966549 -2.124632 -2.842659 -2.981493
-3.022904 -2.854874 -2.951065 -2.983854 -2.87207
-2.96465 -2.997789 -2.971392 -1.978628 -2.939261
-2.86623 -2.970151 -2.982335 -3.047536 -3.001151
-3.004207 -1.990313 -2.978626 -2.8913 -3.00499
-3.009324 -3.00537 -2.993463 -2.981248 -3.008844
-2.986441 -2.976063 -2.971654 -3.007788 -3.022112
-2.970976 -2.985863 -3.016669 -2.994671 -2.965033
-3.026404 -2.988513 -2.957887 -2.934238 -2.913397
-2.970497 -2.977071 -2.961285 -3.036562 -2.998118
-2.989825 -2.985352 -2.91711 -3.014352 -3.009875
-3.015996 -3.010287 -2.981882 -2.88022 -2.95908
-2.996298 -3.001009 -2.72549 -2.957099 -2.998132
-2.984343 -2.960042 -3.011054 -2.974763 -2.97283
-2.983256 -2.959582 -2.974765 -2.941406 -2.896655
-2.850147 -3.018695 -2.996544 -2.980438 -3.018052
-2.991229 -2.972751 -3.00148 -2.978481 -2.971562
-2.998729 -2.859695 -3.034904 -2.980165 -3.037519
-2.975419 -2.845543 -3.032254 -3.004933 -2.901139
-3.004168 -2.88469 -3.008123 -3.002529 -2.986654
-2.972465
