-2.990641 -3.026778 -3.047735 -3.021863 -2.933098
-3.071406 -3.00663 -2.931807 -2.931689 -3.016805
-2.988209 -3.009295 -2.991585 -3.052914 -3.021567
-3.036951 -3.037686 -3.017861 -3.020005 -2.981282
-2.978085 -2.968212 -3.04478 -3.003662 -2.995757
-3.027061 -3.007494 -2.980963 -3.010131 -3.002736
-2.985789 -2.875406 -3.02365 -2.919149 -2.970214
-2.984151 -2.92729 -2.998487 -3.025587 -2.989383
-3.016576 -3.019065 -3.024303 -2.968407 -3.020613
-3.033855 -2.97944 -2.952029 -2.977093 -2.984696
-3.020785 -3.01915 -2.994941 -2.966228 -2.930759
-3.041227 -3.037968 -3.036082 -3.000658 -2.974327
-2.966159 -2.979447 -3.026042 -3.060301 -2.993684
-3.064132 -2.972425 -2.995654 -2.95049 -2.971537
-3.0318 -2.989636 -2.988171 -2.99536 -2.983051
-2.883723 -3.021979 -2.986785 -3.06394 -2.97285
-2.980056 -2.968968 -3.005415 -3.007103 -3.048397
-3.007561 -2.970943 -2.987773 -2.938847 -3.025782
-2.951125 -2.978407 -2.974083 -2.940551 -3.006288
-2.994296 -2.986377 -3.034014 -3.002641 -3.011375
-2.972203 -3.035937 -3.038837 -2.917527 -3.00044
-2.878902 -2.817375 -2.955394 -3.009325 -2.996469
-2.978032 -3.054027 -2.915619 -3.002618 -3.012165
-3.002196 -3.011026 -2.960263 -2.947277 -3.048811
-2.991691 -2.980343 -3.012922 -3.018123 -2.967064
-2.923173 -3.030418 -2.980312 -3.049016 -2.972124
-3.003615 -2.999899 -2.959044 -2.963485 -3.004755
-3.003614 -2.995343 -3.069815 -3.009138 -3.017601
-2.934387 -3.045426 -2.980393 -2.99808 -3.02796
-2.980699 -2.998183 -2.942201 -2.978107 -3.00325
-3.009495 -2.973617 -2.977505 -2.964669 -3.010948
-2.98348 -2.985039 -3.048722 -3.018866 -3.003983
-2.997932 -3.013654 -3.04523 -2.96044 -3.039669
-2.991424 -2.980897 -3.007677 -3.028842 -2.996682
-2.913738 -3.011811 -3.010397 -2.980095 -3.014196
-3.009086 -2.99456 -2.962129 -2.893759 -2.990019
-3.025725 -2.995038 -3.005925 -3.019281 -3.014251
-2.937874 -3.044092 -2.982135 -2.988875 -2.875657
-2.993799 -3.013423 -3.028059 -3.037837 -2.964441
-3.015969 -2.991122 -2.988689 -3.007981 -3.021292
-2.956724
