-2.960621 -2.940711 -2.973738 -2.960774 -2.991931
-2.997199 -2.985975 -2.978082 -2.973808 -2.970985
-2.937851 -2.860829 -2.970513 -2.967629 -2.99575
-2.940658 -2.969118 -2.832891 -2.979103 -2.006249
-2.92684 -2.963242 -2.990632 -2.957834 -2.984427
-2.987134 -2.991955 -2.95342 -2.956018 -2.96014
-2.908975 -2.970427 -2.967311 -2.980563 -2.818609
-2.984453 -2.954781 -2.952662 -2.976257 -2.968475
-2.950407 -2.945729 -2.982544 -2.97704 -2.985087
-2.902727 -2.950392 -2.976303 -2.946014 -2.953971
-2.993164 -2.824852 -2.970472 -2.920849 -2.955045
-2.987267 -2.962783 -2.937143 -2.973952 -3.011483
-2.96657 -2.831206 -2.97547 -2.971317 -2.98814
-2.840059 -2.959128 -2.960861 -2.957956 -2.978668
-2.977546 -2.959484 -2.952849 -2.938445 -2.958262
-2.962819 -2.986636 -2.935571 -2.962128 -2.965119
-2.937991 -2.977161 -2.953673 -2.932188 -2.95245
-2.947832 -2.92583 -2.951267 -2.952205 -2.936884
-2.95631 -2.97684 -2.990191 -2.922776 -2.963026
-2.951131 -2.947437 -2.985127 -2.965397 -2.836956
-2.966681 -2.962803 -2.840043 -2.996363 -2.981516
-2.985758 -2.964219 -2.982769 -2.994207 -2.979516
-2.818636 -2.947305 -2.95466 -2.976839 -2.990738
-2.958621 -2.967561 -2.938364 -2.976303 -2.976975
-2.993583 -2.819221 -2.979986 -2.944961 -2.921115
-2.977167 -2.961459 -2.94563 -2.844443 -2.855438
-2.981621 -2.953631 -2.848993 -2.820323 -2.96005
-2.960573 -2.966542 -2.967824 -2.978198 -2.941479
-2.922671 -2.956801 -2.943211 -2.989328 -2.87564
-2.990048 -2.948015 -2.983583 -2.927601 -2.968069
-2.975313 -2.988785 -2.974421 -2.979508 -2.983466
-2.969036 -2.981408 -2.930538 -2.975455 -2.98038
-2.990754 -2.978409 -2.993369 -2.866025 -2.873405
-2.820278 -2.971009 -3.020782 -2.029997 -2.967019
-2.967348 -2.990664 -2.962814 -2.955603 -2.976142
-2.93641 -2.970338 -3.006461 -2.975124 -2.932034
-2.982473 -2.946512 -2.949177 -2.946115 -2.982291
-2.958499 -2.991541 -2.973209 -2.963713 -2.963172
-2.972544 -2.984005 -2.991003 -2.992955 -2.962774
-2.959005 -2.959772 -2.93321 -2.964144 -2.966843
-2.944943
