-3.001471 -3.070137 -3.065477 -3.052626 -3.039914
-3.039847 -2.999621 -3.007477 -3.056243 -3.005304
-3.021022 -3.044288 -3.04806 -3.042092 -2.859217
-3.040441 -2.996632 -3.042782 -2.99204 -3.059346
-2.971602 -3.060815 -3.003178 -3.040196 -3.041037
-3.045027 -3.041422 -2.980454 -2.984265 -3.052118
-3.012373 -3.007361 -2.983042 -3.055769 -3.008996
-3.023046 -2.981774 -2.964854 -2.984492 -3.074348
-3.072564 -3.055269 -2.966068 -2.999201 -1.964596
-2.974346 -3.026965 -3.065236 -2.966665 -3.047831
-3.017564 -2.97849 -3.038241 -2.978869 -2.759339
-3.051826 -3.035055 -2.985187 -3.082424 -1.962855
-3.000961 -2.958791 -3.035556 -2.989433 -3.02248
-3.017576 -3.027848 -2.895235 -3.045099 -2.840976
-2.967432 -3.022171 -2.998172 -2.993013 -3.051122
-3.01465 -3.02634 -3.031137 -3.000708 -3.030955
-2.993487 -2.984407 -2.892062 -3.062304 -3.064946
-3.046305 -3.046965 -2.959934 -2.972192 -2.992111
-3.071565 -3.012366 -3.029909 -2.98819 -2.998956
-3.028827 -2.988414 -3.032014 -3.086493 -2.928748
-3.056072 -3.004076 -3.020176 -3.005275 -2.996368
-3.04006 -3.066755 -3.006758 -2.973993 -3.012549
-2.96832 -3.063718 -2.994907 -2.975464 -3.113271
-3.035557 -3.012527 -3.012674 -3.032374 -3.039165
-3.057671 -3.040165 -3.033106 -3.052992 -3.058763
-3.026173 -2.988574 -3.034898 -3.021496 -2.873542
-3.023351 -3.015698 -2.91117 -3.004149 -2.996979
-2.868968 -3.002222 -2.99369 -3.029542 -2.991229
-3.02829 -2.990981 -3.026826 -3.028316 -3.029232
-3.022498 -2.990289 -2.875286 -3.063886 -3.028517
-3.007302 -2.984859 -2.887144 -3.053678 -2.993808
-2.952298 -3.046537 -3.019828 -2.929827 -3.017308
-3.006468 -2.966322 -2.973357 -2.925321 -3.01137
-3.016031 -3.027686 -3.006193 -3.036376 -2.990373
-3.013993 -3.080911 -3.095676 -3.033563 -3.046226
-3.044438 -3.022996 -2.962484 -2.984729 -2.963316
-3.009046 -3.026412 -3.015544 -2.977596 -3.021354
-3.005869 -2.993592 -3.005207 -3.013038 -2.911574
-3.01469 -3.090202 -2.977869 -3.010065 -2.884504
-3.033631 -3.024864 -3.027012 -3.052081 -2.889979
-3.076796
