-2.994618 -3.038808 -3.006486 -2.980592 -2.925862
-2.355297 -2.984214 -2.924926 -3.017472 -3.026761
-2.989626 -2.983596 -2.959942 -2.884341 -3.022808
-3.011041 -3.003606 -3.021731 -3.018942 -3.019538
-2.439561 -3.040238 -2.993614 -3.051526 -2.917345
-2.417301 -2.805606 -2.976753 -3.019108 -3.043544
-2.786197 -3.02118 -2.976327 -2.823052 -3.060612
-3.005817 -2.288724 -2.972847 -2.238456 -3.043568
-2.70606 -3.034716 -2.991868 -3.002994 -2.899786
-2.963108 -2.907037 -2.44705 -2.994348 -3.011173
-3.035526 -2.79115 -2.981978 -2.959308 -2.945934
-2.638118 -2.763838 -2.877792 -3.010066 -2.984629
-2.408962 -2.979446 -2.753086 -2.972033 -3.025082
-3.002012 -2.924023 -2.430682 -2.8708 -2.954991
-3.011083 -3.030617 -2.351635 -3.038803 -2.503045
-2.955494 -3.031094 -3.016119 -2.970326 -2.844642
-2.382138 -2.801647 -2.981482 -2.890687 -2.564387
-3.020072 -3.032851 -3.02855 -3.013366 -3.013595
-3.022125 -3.028388 -2.470598 -3.002209 -3.065368
-2.494658 -3.017025 -3.003904 -2.407325 -2.937272
-2.859537 -2.981832 -2.859327 -2.391654 -2.962319
-3.016045 -2.903879 -2.959815 -3.04026 -2.957584
-3.001423 -3.070588 -2.969983 -2.586307 -2.844333
-2.971868 -2.89905 -3.031041 -2.951907 -2.977648
-3.006248 -2.76784 -2.982746 -2.996243 -2.250034
-2.85292 -2.996185 -3.066173 -2.480382 -2.699231
-2.866579 -2.688514 -2.357741 -2.994946 -2.907788
-3.019134 -3.025616 -2.988793 -2.44136 -2.994104
-3.016423 -3.030561 -2.803526 -2.938325 -2.646382
-2.996515 -2.979225 -3.007757 -2.999914 -2.405625
-2.657243 -2.496372 -2.876351 -3.01318 -2.987759
-3.020525 -3.005666 -2.938605 -3.009722 -2.95179
-2.568214 -2.519296 -3.015293 -2.342697 -2.915575
-3.029917 -2.987079 -2.406946 -2.974956 -3.044614
-2.94794 -2.982039 -3.017819 -3.020858 -3.027441
-2.393584 -2.614987 -2.931604 -3.008945 -3.048544
-2.921158 -3.040703 -2.99295 -2.862418 -2.993048
-3.046491 -2.968319 -2.864089 -2.893907 -2.983462
-2.512599 -3.007817 -2.964738 -3.033131 -2.967226
-3.034076 -3.00903 -2.988628 -2.970381 -3.034784
-2.417917
