-3.015317 -3.037317 -3.025183 -2.818203 -3.009087
-3.015645 -2.88541 -3.044917 -2.994096 -2.99465
-2.912739 -3.013164 -2.897428 -3.00348 -2.59433
-2.994225 -3.061456 -2.99844 -3.064823 -3.038472
-3.050266 -2.976051 -2.930967 -3.009411 -2.977072
-2.870944 -3.029232 -3.038062 -3.023453 -2.902561
-3.019626 -2.95023 -3.005679 -2.880507 -3.036881
-2.989484 -3.064723 -2.999384 -2.787833 -2.702202
-2.917688 -2.9635 -2.863218 -3.023342 -3.011743
-3.041035 -2.993059 -3.021531 -2.994169 -2.968723
-3.011143 -3.002567 -2.994822 -3.058841 -2.995435
-3.064921 -2.946588 -3.012813 -3.007429 -2.992331
-3.005609 -3.053622 -2.836512 -2.663259 -2.901497
-3.016151 -3.019069 -2.877217 -3.000071 -2.841149
-2.962863 -2.983375 -3.010657 -2.793574 -3.002906
-3.049303 -3.036271 -3.01108 -2.993324 -2.852503
-3.046623 -2.983304 -3.027689 -3.017027 -3.052184
-2.989227 -3.031114 -2.874335 -2.962419 -2.986174
-3.043044 -3.059258 -3.018751 -2.795022 -2.965133
-2.974196 -3.005797 -2.996575 -3.028881 -3.073039
-2.99861 -3.051666 -3.035225 -3.001804 -2.978447
-2.958685 -2.678982 -3.030453 -2.800545 -2.970432
-3.035392 -2.952467 -3.002911 -3.007022 -3.022797
-3.037532 -2.996234 -2.998235 -2.994846 -3.029641
-3.001073 -2.978798 -3.016861 -3.008634 -2.609071
-3.010541 -3.02365 -3.010163 -3.086366 -3.000364
-3.012807 -3.029977 -2.955785 -2.998273 -3.025397
-2.719347 -3.019279 -2.955139 -2.95662 -3.040539
-3.025062 -3.03076 -3.053457 -3.022592 -3.018105
-3.023434 -3.033507 -3.030792 -2.922676 -3.001185
-3.008146 -3.022501 -2.816116 -3.006673 -2.767254
-2.972544 -3.010538 -2.764076 -3.027085 -2.081412
-2.953261 -2.976064 -3.0094 -2.957349 -3.025853
-2.984584 -2.902087 -2.984767 -2.773919 -2.957281
-2.9258 -3.020958 -3.008683 -3.007075 -3.037493
-3.013412 -3.008486 -2.603387 -2.975182 -3.016804
-3.009675 -2.988143 -2.892787 -3.01503 -2.997062
-3.022161 -3.072798 -2.990676 -2.99323 -3.016388
-2.992135 -3.040084 -2.985688 -3.006255 -3.039756
-3.001897 -2.934488 -3.012454 -2.972041 -2.876549
-2.924816
