-2.986056 -3.022308 -3.003623 -3.021785 -2.946061
-2.96543 -3.018608 -2.985368 -2.819023 -3.012921
-2.986588 -2.997509 -2.988874 -2.942093 -2.999197
-2.985676 -2.998451 -3.01203 -3.025209 -3.052707
-3.031797 -3.005348 -3.00512 -3.011268 -2.962661
-3.021733 -3.008674 -3.030831 -2.889849 -3.009963
-3.028981 -3.034158 -2.01749 -2.958011 -2.994724
-2.995408 -2.995327 -2.956872 -3.004403 -3.015379
-3.033749 -3.005705 -3.007753 -3.00585 -2.980142
-2.791093 -2.998024 -3.022848 -2.989226 -2.979084
-2.88267 -2.972668 -2.981166 -3.009204 -2.983795
-2.932319 -3.004603 -2.993665 -3.032069 -2.978034
-3.027924 -2.991146 -3.023022 -2.906732 -3.004898
-2.895021 -3.025541 -2.859928 -3.006674 -1.98038
-2.977293 -3.012538 -3.030063 -3.030035 -2.980629
-2.992234 -2.987468 -2.980863 -2.787553 -3.029796
-2.973131 -2.981748 -3.021175 -3.000933 -2.891538
-2.986975 -3.027873 -3.02576 -3.025016 -3.03123
-2.987978 -2.954391 -3.034443 -3.022163 -2.998806
-2.994236 -3.028426 -2.949503 -2.866514 -3.003908
-2.995102 -3.006352 -2.998927 -3.021063 -3.024319
-2.972596 -2.981223 -2.986912 -3.017503 -3.040218
-3.028038 -2.974611 -3.030262 -3.015276 -2.890825
-2.949962 -2.958001 -2.970719 -2.974626 -2.965123
-2.971651 -3.007242 -3.020151 -3.00207 -2.985308
-2.791166 -2.880953 -2.979944 -3.038935 -2.982897
-3.049997 -3.017713 -2.987307 -2.885336 -3.03355
-2.891082 -2.979134 -3.005485 -2.998166 -2.959826
-2.97135 -2.994895 -3.00424 -3.000549 -3.003476
-3.016934 -2.89074 -2.984346 -2.884266 -2.910885
-2.909305 -3.012814 -2.967896 -3.034855 -2.975366
-3.014692 -2.96728 -3.011566 -3.007206 -3.04369
-3.009625 -3.015084 -3.059077 -2.856155 -3.009042
-3.022979 -3.023042 -2.998561 -2.978268 -3.002073
-2.989409 -2.969744 -2.848499 -3.02612 -2.873225
-3.016597 -2.99026 -2.994542 -2.980529 -3.009572
-3.010917 -2.99542 -3.023275 -3.033709 -3.022685
-2.781313 -2.841733 -3.010797 -2.887255 -3.011231
-3.05181 -2.893912 -3.008464 -3.027304 -3.022268
-3.031144 -2.989536 -3.008788 -3.025525 -2.986144
-2.998166
