-3.022636 -3.049353 -3.019088 -3.015313 -3.081205
-3.028824 -3.004653 -3.017317 -3.040566 -3.065142
-2.928756 -2.93695 -3.026563 -2.941861 -3.031242
-3.034908 -3.065155 -3.049388 -3.067398 -3.023782
-3.012348 -3.012499 -3.058675 -3.081184 -3.045936
-3.024855 -3.031561 -3.007578 -3.072174 -3.083154
-3.054583 -3.065955 -3.042373 -2.924374 -3.095595
-2.929857 -2.911515 -3.076715 -3.033608 -3.043257
-3.061575 -3.073502 -3.056706 -3.067401 -2.934261
-3.04854 -3.032105 -3.05511 -3.009795 -3.025799
-3.067247 -3.018319 -3.036547 -3.059013 -3.050168
-3.099428 -3.024681 -3.076963 -2.877068 -3.071975
-3.036298 -3.041269 -2.966814 -3.066628 -3.108713
-3.052086 -1.956823 -3.048666 -3.050552 -2.883589
-3.03501 -3.03154 -3.060689 -3.100145 -3.06027
-3.063142 -3.034843 -3.054108 -3.109817 -3.068057
-3.079368 -3.104706 -3.089075 -3.038543 -3.112242
-3.083144 -3.023687 -3.04988 -3.010191 -3.072567
-3.073716 -3.054225 -3.063746 -3.061556 -3.084211
-3.089228 -3.029884 -3.066998 -3.045534 -3.048689
-3.056011 -3.025425 -3.002557 -3.006028 -3.055921
-3.046926 -3.036831 -2.925477 -3.111105 -3.017314
-3.041623 -3.095531 -3.020471 -3.131446 -3.026977
-3.063115 -3.084391 -3.04084 -3.049872 -3.018141
-3.031825 -3.069501 -2.983761 -3.053256 -3.065032
-3.027396 -3.028696 -3.056793 -3.088459 -2.91977
-3.079269 -3.01374 -3.107443 -3.01865 -3.019917
-3.048791 -3.021696 -3.04529 -3.085576 -3.043756
-2.917806 -3.02719 -3.087743 -3.031036 -3.068856
-2.915027 -3.030067 -3.020172 -3.09123 -3.061364
-3.043152 -2.965194 -3.048497 -3.097321 -3.089074
-3.095964 -3.08273 -3.037004 -2.966021 -3.072576
-3.027829 -3.034694 -3.055002 -3.055088 -3.06068
-3.054252 -3.068404 -3.089815 -2.920322 -3.089741
-3.066095 -3.037895 -3.037955 -3.05221 -3.057907
-3.057451 -1.951303 -3.100973 -3.043377 -3.056841
-3.068182 -3.069226 -3.062978 -3.04165 -3.04141
-3.058801 -2.9037 -2.953305 -3.103047 -3.018203
-3.069755 -3.032883 -3.075512 -2.996911 -3.080622
-3.043235 -3.064466 -3.051282 -3.052864 -3.053766
-3.068555
