-2.968811 -2.958047 -2.972775 -3.010287 -2.860466
-2.982152 -2.892566 -2.969233 -3.011928 -2.982968
-2.970679 -2.851113 -2.927824 -3.005692 -2.998407
-2.98668 -3.013962 -2.964096 -2.86873 -3.006808
-2.991489 -3.015907 -2.997154 -3.022667 -3.018246
-3.018517 -2.964229 -2.876837 -2.989928 -3.003879
-3.015497 -2.989016 -2.97426 -2.977515 -2.974986
-3.015089 -2.988514 -2.998297 -2.99933 -2.995559
-2.975105 -2.996657 -3.008135 -2.997804 -3.00089
-2.883275 -3.009035 -3.019265 -2.953131 -2.985129
-2.991298 -2.975173 -2.969521 -3.000428 -2.991989
-2.978773 -2.94807 -2.983649 -2.986923 -3.008421
-2.843228 -2.952637 -2.988292 -2.963137 -2.952203
-2.940942 -2.763063 -3.017913 -2.963107 -2.903156
-2.996767 -2.986905 -3.000199 -2.993852 -2.974877
-2.982118 -2.985165 -3.025128 -2.980751 -2.977321
-2.988074 -2.998477 -3.007302 -2.96847 -3.023771
-2.980185 -2.878183 -2.980623 -3.00776 -3.0106
-2.063589 -2.988739 -3.008912 -2.948786 -2.977355
-2.871235 -2.864425 -2.981357 -2.990525 -3.000178
-2.976292 -3.028135 -2.964421 -2.977477 -2.819869
-2.99945 -2.98731 -2.98132 -2.986798 -2.973246
-2.985416 -2.915752 -2.952068 -2.969318 -2.953417
-2.969263 -2.974186 -2.991413 -2.974555 -2.984839
-2.978371 -2.97832 -2.982284 -2.995948 -2.968508
-2.990131 -2.000007 -2.966016 -2.977068 -2.941532
-2.988284 -2.995346 -3.005391 -2.934277 -3.017201
-3.002745 -2.980027 -2.98135 -3.001064 -2.983884
-2.972886 -3.023204 -2.973687 -2.982502 -2.980519
-2.974625 -2.999857 -2.997551 -2.990087 -3.001856
-2.968733 -2.963141 -2.970777 -2.925857 -2.984233
-2.994922 -2.964309 -2.987023 -2.99733 -2.979621
-2.985683 -2.981213 -2.979459 -2.991462 -2.888457
-2.95317 -2.990074 -2.023456 -2.948578 -2.990866
-2.985098 -2.967304 -2.982123 -2.976177 -3.000309
-3.006528 -3.007804 -3.009717 -2.968223 -2.986242
-2.980123 -2.988565 -2.976649 -2.994229 -3.028059
-2.968858 -2.732552 -2.983361 -2.988996 -3.013402
-2.990199 -2.999859 -3.011715 -2.978222 -2.992117
-2.973115 -2.940649 -2.991602 -2.961426 -2.955937
-2.970849
