-2.949552 -2.975235 -2.950474 -2.963904 -2.961559
-2.969317 -2.807436 -2.963028 -2.951145 -2.960117
-2.956629 -2.945738 -2.969065 -2.922132 -2.861071
-2.929092 -2.953942 -2.942185 -2.980236 -2.962731
-2.959915 -2.925755 -2.907698 -2.96357 -2.934491
-2.95328 -2.938104 -2.976097 -2.958725 -2.951795
-2.860401 -2.881669 -2.974365 -2.814895 -2.669066
-2.998588 -2.972738 -2.985087 -2.96943 -2.935607
-2.968478 -2.997947 -2.954295 -2.937214 -2.930642
-2.945902 -2.952204 -2.946539 -2.965671 -2.910786
-2.947743 -2.835509 -2.983749 -2.954871 -2.978379
-2.955779 -2.979042 -2.947205 -2.856621 -2.95257
-2.955808 -2.959545 -2.959863 -1.980843 -2.940115
-2.96682 -2.861955 -2.995086 -2.914384 -2.943448
-3.026493 -2.951967 -3.00634 -2.997442 -2.952667
-2.944649 -2.907176 -2.951763 -2.951281 -2.964449
-2.972157 -2.972334 -2.923159 -2.971979 -2.987851
-2.929611 -2.967607 -2.982595 -2.989286 -2.919413
-2.896507 -2.977799 -2.940655 -2.967958 -2.965368
-2.897327 -3.00094 -2.923661 -2.941204 -2.894418
-2.955537 -2.944114 -2.933717 -2.970891 -2.951384
-2.940088 -2.972953 -2.988463 -2.957315 -2.970726
-2.93918 -2.957859 -2.961291 -2.977709 -2.981933
-2.922612 -2.900729 -2.952186 -2.978105 -2.9711
-2.983251 -2.962493 -2.982229 -2.96536 -2.815024
-2.970908 -2.959008 -2.942447 -2.963367 -2.953515
-2.964659 -2.931328 -2.96479 -2.948711 -2.909215
-2.957851 -2.951921 -2.95464 -2.933145 -2.966873
-2.96352 -2.719049 -2.947455 -2.953491 -2.991308
-2.968216 -2.976169 -2.965498 -2.996838 -2.950569
-2.948949 -2.848297 -2.955658 -2.923177 -2.957824
-3.02138 -2.980496 -2.971339 -2.982975 -2.95715
-2.987886 -2.941005 -2.973484 -2.006482 -2.955941
-2.935268 -3.009964 -3.007709 -2.954641 -2.949948
-2.971478 -2.918274 -2.938655 -2.975004 -3.013188
-2.960317 -2.808485 -2.959465 -2.891332 -2.986312
-2.972327 -2.982606 -2.946513 -2.971833 -2.983372
-2.958644 -2.985915 -2.92411 -2.978988 -2.919407
-2.984625 -2.984225 -2.954199 -2.972626 -2.944964
-2.918906 -2.937475 -2.979294 -2.99055 -2.952862
-2.971939
