-2.933354 -2.930559 -2.970372 -2.933464 -1.923713
-2.94567 -2.827275 -2.964528 -2.95204 -2.954429
-2.827599 -2.953532 -2.942028 -2.971734 -2.96853
-2.992707 -2.932035 -2.983539 -2.970787 -2.940606
-2.92669 -2.936934 -2.976056 -2.935571 -2.940195
-2.927666 -2.900875 -2.788542 -2.92571 -2.946923
-2.991194 -2.827827 -2.97371 -2.953285 -2.962554
-2.94169 -2.942559 -2.94831 -2.91474 -2.940289
-2.941726 -2.88204 -2.960654 -2.93315 -2.979285
-2.881386 -2.945519 -2.946244 -2.956709 -2.953385
-2.996895 -2.934482 -2.924012 -2.947405 -2.952796
-2.94057 -2.86408 -2.844696 -2.960973 -2.981587
-2.928402 -1.975324 -2.958685 -2.958217 -2.98371
-2.960719 -2.951659 -2.984083 -2.927687 -2.939556
-2.989154 -2.916655 -2.957758 -2.948598 -2.927858
-2.908512 -2.95725 -2.931492 -2.926374 -2.824666
-2.972681 -2.943678 -2.885784 -2.933296 -2.919711
-2.99165 -2.802759 -2.973323 -2.89893 -2.97138
-2.876938 -2.913112 -2.946771 -2.932933 -2.919515
-2.985448 -2.954755 -2.989705 -2.955582 -2.936318
-2.946878 -2.977778 -2.982651 -2.950024 -2.954573
-2.990132 -2.997474 -2.967059 -2.831786 -2.968025
-2.944947 -2.97179 -2.926883 -2.970171 -2.935902
-2.927744 -2.96194 -2.971687 -2.94411 -3.000668
-2.939703 -2.906269 -2.975568 -2.929814 -2.947283
-2.93752 -2.914163 -2.938944 -2.945627 -2.984293
-2.971881 -2.922357 -2.921764 -2.804923 -2.926296
-2.931401 -2.901838 -2.945611 -2.900671 -2.913265
-2.980121 -2.809924 -2.937085 -2.956287 -2.921019
-2.988224 -2.865286 -2.922668 -2.98942 -2.988102
-2.987359 -2.985618 -2.937674 -2.91103 -2.941878
-2.980801 -2.938611 -2.922295 -2.937832 -2.970927
-2.938478 -2.977387 -2.941914 -2.944308 -2.92104
-2.952695 -2.962395 -2.909329 -2.896069 -2.986575
-2.863075 -2.972296 -2.933815 -2.91012 -2.987357
-2.97585 -2.86812 -2.970186 -2.954751 -2.970144
-2.925458 -2.972431 -2.967817 -2.980462 -2.966248
-2.930637 -2.953521 -2.93668 -2.957836 -3.01397
-2.960688 -2.935702 -2.959771 -2.940726 -2.970151
-2.90424 -2.947542 -2.959511 -2.952256 -2.944051
-2.915697
