-3.00577 -2.990026 -2.850994 -3.01492 -2.958317
-2.882462 -3.017019 -3.015109 -3.016581 -2.990166
-2.967859 -2.891189 -3.021478 -3.050464 -3.03504
-3.009349 -3.00409 -3.03929 -2.986229 -3.024907
-3.031714 -2.993246 -3.022584 -3.001353 -3.040729
-3.000395 -3.015281 -3.014651 -3.039537 -2.975261
-3.039666 -2.946246 -3.020646 -2.910732 -2.983165
-2.875196 -3.037802 -2.996637 -3.019499 -3.030132
-3.006598 -3.013483 -3.018523 -2.90782 -3.026219
-3.000679 -3.008427 -3.04996 -3.008198 -2.99347
-3.0036 -3.015885 -3.029644 -2.927685 -3.01835
-2.984318 -3.017502 -2.989808 -3.04651 -3.006382
-2.968793 -3.080919 -2.924122 -3.003572 -3.034516
-3.010494 -2.931798 -3.011893 -3.010977 -2.980892
-3.050917 -3.036766 -2.907812 -3.032176 -3.030759
-3.059564 -3.029009 -3.023017 -3.083546 -2.975339
-2.991089 -3.006666 -3.045824 -3.045454 -3.007218
-2.976364 -3.039863 -3.014571 -3.013007 -2.950188
-3.01394 -3.042489 -3.026252 -2.995867 -2.885341
-3.032697 -3.051957 -3.000723 -3.064116 -3.013562
-3.02135 -2.876149 -3.006854 -3.01793 -3.018183
-3.008529 -3.02041 -3.054562 -2.994866 -3.013942
-3.026848 -3.032476 -3.065416 -3.045757 -2.880643
-3.011689 -3.023726 -3.014411 -3.064689 -2.971207
-3.022491 -3.013306 -2.964892 -3.009791 -2.989735
-2.886493 -3.038128 -3.04226 -3.079787 -3.012311
-3.083697 -3.028262 -3.046529 -3.04395 -3.043103
-3.040939 -3.017282 -3.000468 -3.030075 -3.023662
-3.060309 -3.041148 -3.026583 -3.052855 -2.919576
-2.783372 -3.030654 -3.011826 -3.05506 -3.063975
-3.013576 -3.013066 -3.053274 -2.926961 -3.018702
-3.041308 -3.013022 -3.019705 -2.988922 -3.008551
-3.014723 -3.017932 -2.903774 -2.995208 -3.062318
-3.003918 -3.027784 -3.010658 -3.049789 -3.003453
-3.027779 -3.067742 -3.042709 -3.022538 -3.010867
-3.063355 -3.026685 -3.048745 -3.052913 -3.040286
-2.996405 -3.033026 -3.007632 -2.915552 -3.067246
-2.894715 -2.996746 -3.0219 -2.938554 -3.039247
-2.988392 -3.016788 -2.133063 -2.950108 -3.004662
-2.994852 -3.037043 -3.01005 -3.026956 -3.02162
-3.012733
