-2.965043 -3.033812 -2.932158 -3.010408 -2.937728
-2.986595 -3.028198 -2.986656 -2.98787 -2.987359
-3.01249 -2.901951 -3.027197 -2.826572 -2.938166
-2.937535 -2.89276 -2.936786 -2.995629 -3.014379
-2.92572 -2.98579 -3.023395 -2.974286 -2.744224
-2.906837 -3.100637 -2.954355 -2.994157 -2.846206
-3.01787 -2.978587 -2.930426 -3.061155 -2.995819
-3.024547 -2.975187 -2.952237 -3.052258 -2.851567
-3.056715 -2.966399 -2.870312 -3.027218 -3.023846
-2.98247 -1.993879 -3.025066 -3.003296 -2.969549
-3.025048 -2.9755 -2.985919 -2.995447 -2.976798
-2.92018 -2.997946 -2.900226 -2.959824 -2.968919
-3.018241 -2.887803 -2.976368 -3.019262 -2.912326
-2.976665 -2.951322 -2.879775 -2.998329 -3.024028
-2.998271 -2.963233 -2.976272 -2.992634 -2.886327
-2.991178 -2.97785 -3.06414 -2.978666 -2.995623
-3.029065 -2.945693 -2.955407 -2.009357 -3.059103
-2.988672 -2.911015 -2.966211 -2.871187 -2.86105
-3.003621 -2.990533 -3.052498 -2.913084 -2.836669
-2.984048 -3.030732 -2.979123 -3.01794 -3.037362
-3.002413 -2.86479 -3.012643 -2.955956 -2.971957
-2.915015 -2.936989 -3.017094 -2.940784 -2.974964
-2.848684 -2.982853 -3.01883 -2.998709 -2.924407
-2.934935 -2.993777 -3.000271 -3.032997 -2.980759
-3.047044 -3.004828 -2.889589 -2.987937 -2.964567
-2.962956 -2.960325 -3.046221 -2.911542 -2.854796
-2.989987 -2.969912 -2.996399 -3.001881 -3.010306
-2.977363 -3.003184 -2.94431 -2.843836 -3.039414
-2.925428 -3.010172 -3.056949 -2.994174 -2.860063
-1.958209 -2.974052 -1.961545 -2.937984 -3.002519
-2.929254 -2.995396 -2.864281 -3.044318 -3.008525
-2.946146 -2.999892 -2.996422 -2.998311 -2.924111
-2.897799 -3.004466 -2.973462 -2.931352 -2.944035
-2.999907 -2.931602 -2.896285 -2.983788 -2.948581
-2.959036 -2.972608 -2.991532 -3.020508 -3.014186
-2.985086 -3.024471 -2.977625 -2.974202 -3.004859
-2.956419 -2.883739 -2.996601 -2.923732 -2.937394
-2.956006 -21.20866 -2.993052 -3.040391 -2.961744
-2.991992 -2.977247 -3.002886 -2.938499 -2.931995
-3.030054 -3.041424 -3.012674 -3.024145 -2.991551
-2.978343
