-2.944002 -2.971704 -2.908513 -2.932995 -3.016199
-2.931878 -2.836916 -2.950636 -2.978805 -2.925336
-2.947014 -2.961222 -2.97645 -2.994821 -2.947609
-2.942956 -2.999747 -2.970582 -2.999302 -2.994775
-2.987812 -2.991135 -2.928834 -2.983992 -2.940699
-2.942517 -2.962957 -2.923339 -2.921469 -2.996275
-2.952812 -2.999197 -2.942287 -2.965666 -2.881792
-2.961367 -2.959219 -2.924272 -2.918356 -2.947222
-2.980472 -2.958064 -2.925402 -3.053742 -3.004348
-2.958957 -2.95894 -2.90051 -3.018481 -3.037704
-2.97333 -2.96939 -2.947037 -2.944376 -2.958287
-15.49159 -2.983837 -2.979623 -2.932199 -2.943069
-2.965219 -2.852499 -3.018129 -2.960571 -2.952673
-2.943283 -3.01849 -2.978562 -2.938959 -3.006216
-2.921618 -2.982452 -2.948743 -2.943822 -2.84561
-2.9738 -2.855809 -2.968922 -3.006086 -2.911819
-2.960217 -2.965648 -2.989511 -2.927439 -2.930542
-2.943522 -2.989389 -2.911146 -2.942697 -2.986256
-2.938689 -2.933949 -2.938734 -2.958433 -3.03905
-2.922955 -3.029628 -2.93613 -2.934251 -2.923963
-2.97913 -2.949264 -2.981713 -2.960861 -2.988861
-2.973586 -2.939018 -2.990326 -2.97215 -2.95421
-2.986618 -2.919537 -2.989994 -2.935329 -2.9923
-2.957117 -2.942102 -2.97352 -2.843364 -2.913042
-2.944549 -2.997055 -2.967799 -2.937814 -3.009573
-2.962597 -2.959115 -2.942876 -2.983948 -2.941092
-2.952369 -2.986043 -2.957736 -2.850471 -2.912732
-2.940474 -2.95827 -2.929757 -2.932162 -2.969145
-2.988215 -2.925024 -2.777155 -2.99432 -3.005588
-3.03101 -2.969429 -2.961603 -2.952121 -2.862679
-2.945335 -2.939946 -2.937617 -2.964114 -2.935843
-2.965934 -2.955408 -2.902007 -2.945619 -2.954036
-2.981353 -2.95253 -2.897301 -2.879312 -2.913326
-2.947436 -2.830763 -2.956071 -3.000465 -2.936548
-2.976313 -3.019845 -2.995251 -2.964249 -2.985345
-2.972052 -2.923488 -2.916517 -2.841316 -2.986767
-3.014729 -2.980251 -2.970762 -2.8948 -2.938288
-2.924391 -2.935071 -2.969513 -2.935837 -2.960128
-2.957888 -2.95526 -2.975625 -2.963503 -2.972512
-2.973024 -2.86617 -2.978203 -2.929856 -2.922625
-2.947281
