-3.042574 -3.047358 -3.05537 -3.032423 -3.046544
-3.050755 -3.074032 -3.021404 -3.064849 -3.07389
-3.063901 -2.944531 -3.056258 -3.081176 -3.052383
-3.066396 -3.040438 -3.05539 -3.024481 -3.045665
-2.927067 -3.056981 -3.013825 -3.036264 -3.000153
-3.050072 -3.03025 -3.021329 -3.050273 -2.90008
-2.955636 -3.080458 -3.045954 -3.02946 -3.056651
-3.066212 -3.028309 -3.072254 -2.918177 -3.056471
-3.032006 -3.040372 -3.054721 -3.008555 -3.058553
-3.013968 -3.034716 -3.039625 -3.008314 -3.041062
-3.005319 -3.033685 -2.913959 -2.92723 -3.010513
-3.064995 -2.877935 -3.056631 -3.036489 -2.894978
-2.956966 -3.06161 -3.084833 -3.049935 -3.04141
-3.033211 -3.065462 -3.032736 -3.05852 -3.054718
-3.015286 -2.903723 -3.034466 -2.990512 -2.838814
-2.927256 -3.056661 -3.036195 -3.011448 -3.064369
-3.066519 -2.975895 -3.029003 -3.035366 -3.015851
-3.052708 -2.92066 -3.065858 -2.902758 -3.058813
-3.041971 -3.07036 -3.034018 -3.009768 -2.914326
-3.020737 -3.020773 -3.037834 -3.083205 -3.043132
-2.881928 -3.070521 -3.008122 -3.050171 -3.037444
-3.060289 -2.987001 -3.059668 -2.899228 -3.042773
-3.035805 -3.049005 -2.891625 -3.040273 -3.085125
-3.064484 -2.904838 -3.077796 -3.037517 -3.020506
-2.919289 -3.050779 -3.044645 -3.062863 -2.945727
-3.031835 -3.044817 -3.029714 -3.019571 -3.046604
-3.05114 -2.88532 -3.053353 -3.067049 -1.984724
-3.04436 -3.034316 -3.035291 -3.032283 -3.031619
-3.032749 -3.070968 -3.041219 -2.924928 -2.906404
-3.069058 -3.02258 -3.07814 -3.079021 -3.053843
-3.050625 -3.063258 -2.913843 -3.054368 -3.02495
-2.925931 -2.95101 -3.038947 -3.024059 -3.031344
-3.03971 -3.0291 -3.069897 -3.035331 -3.061472
-3.048124 -1.984427 -3.043861 -3.072123 -3.059278
-3.005891 -3.043255 -3.044476 -3.061254 -3.054743
-3.02667 -2.903309 -3.071735 -2.910999 -3.062776
-3.054662 -3.050206 -3.028536 -3.012888 -3.044282
-3.048672 -3.05152 -3.017298 -3.04329 -3.085109
-3.048235 -3.031127 -2.930034 -3.078013 -3.060989
-3.074451 -3.092153 -3.032938 -2.890976 -2.915791
-3.016356
