-3.012227 -2.858755 -2.99871 -3.010504 -3.042126
-2.982385 -3.007748 -3.0354 -3.029116 -2.993782
-3.04209 -3.03022 -3.067601 -3.088129 -3.006554
-3.023286 -3.026946 -2.998355 -2.998829 -3.019541
-3.052984 -3.050085 -3.007394 -3.016402 -3.016168
-3.065915 -2.880057 -3.040329 -3.046358 -3.015966
-3.007424 -2.9324 -3.052913 -2.968127 -3.022932
-2.909997 -3.004198 -3.070843 -3.056144 -3.000227
-3.031345 -2.972881 -3.010722 -3.036038 -2.999836
-3.004804 -3.041127 -3.015936 -3.036323 -3.049762
-3.018067 -3.003564 -3.02573 -3.012745 -3.031697
-3.018916 -3.039832 -2.962248 -3.024048 -2.072922
-3.038689 -3.066623 -3.068571 -3.010877 -3.019269
-2.05731 -3.037125 -3.006598 -3.001119 -3.004155
-2.920184 -2.960121 -3.030672 -2.989748 -3.010821
-3.039192 -3.013664 -3.024259 -3.018112 -3.026249
-2.999149 -3.049048 -3.052417 -3.043019 -3.010361
-2.945582 -2.990365 -2.959632 -3.048904 -3.020204
-3.016039 -3.037838 -3.023807 -3.054329 -3.002895
-2.98301 -3.045708 -3.069082 -3.049657 -3.02284
-2.990007 -3.049289 -3.025355 -3.037135 -3.027383
-2.890915 -2.935049 -3.026633 -2.999182 -2.109677
-3.038742 -3.045036 -2.941169 -3.017136 -2.988828
-2.870849 -3.008655 -3.032376 -3.021694 -2.912498
-2.940054 -3.059982 -3.044136 -3.005628 -2.981072
-2.980764 -2.981752 -3.047148 -3.043194 -3.025949
-2.987607 -2.961473 -2.919641 -3.006085 -3.000214
-3.022241 -2.991332 -3.012566 -3.014558 -3.048146
-3.009358 -3.042959 -3.055341 -3.020118 -2.996965
-3.021134 -2.89877 -3.007853 -2.991031 -3.007115
-3.032388 -3.040338 -3.00964 -3.060775 -3.03358
-3.00471 -3.038601 -2.968426 -3.006744 -3.054654
-2.931878 -3.059363 -2.880716 -3.04576 -3.056791
-3.048079 -3.001309 -3.045847 -3.011762 -3.057625
-3.02827 -3.016674 -3.040434 -3.018103 -2.978556
-3.057328 -3.036356 -3.048329 -3.016617 -3.002895
-3.037488 -3.012538 -2.988957 -2.999099 -3.039788
-2.964503 -3.016562 -3.030615 -3.034797 -3.016179
-3.03725 -3.023605 -2.915191 -2.991913 -2.998685
-3.042359 -3.068136 -3.020178 -2.951934 -3.059602
-3.023864
