-3.000001 -2.989612 -2.875803 -2.98484 -3.025206
-3.007257 -2.992293 -3.023253 -3.024472 -3.031939
-2.997245 -3.013305 -3.002701 -3.004954 -3.008151
-3.034648 -3.047183 -2.990534 -3.003689 -2.900841
-2.992144 -3.018832 -3.032949 -3.019325 -3.001105
-3.022114 -3.004454 -3.035433 -2.991603 -3.056851
-3.035165 -3.006851 -3.010448 -3.033466 -3.035388
-2.989695 -3.004069 -3.015592 -3.021922 -3.008664
-2.99209 -2.985771 -3.046565 -3.041373 -3.015065
-2.995614 -3.021071 -2.979946 -3.03926 -2.98657
-2.997848 -2.998818 -3.005634 -3.021944 -3.002957
-3.018393 -3.018342 -2.99678 -2.987386 -2.927455
-3.008781 -3.014339 -3.016033 -3.050462 -3.014421
-2.036868 -3.022247 -3.025049 -2.897151 -3.005722
-2.974354 -3.016631 -2.995778 -2.999694 -3.023063
-3.040685 -3.00483 -3.02249 -3.010567 -3.011362
-3.029511 -3.02442 -3.005238 -3.015555 -3.025624
-2.999651 -3.027517 -3.03552 -3.025288 -2.984252
-3.001062 -2.916998 -2.994424 -2.975924 -3.016107
-2.996511 -3.027661 -3.008948 -3.01563 -2.997499
-3.038915 -3.012262 -2.991236 -3.010933 -2.99744
-3.007113 -3.047783 -2.989024 -3.012962 -2.995279
-3.003851 -3.007549 -2.880066 -2.96929 -2.968842
-2.985385 -2.997575 -2.995958 -3.031411 -2.925581
-3.021719 -3.024029 -3.000146 -2.98542 -2.993666
-3.015047 -2.937519 -3.003241 -3.031658 -3.033345
-2.997501 -3.026645 -2.98576 -2.997305 -3.018126
-3.019697 -3.014184 -3.029087 -3.020308 -3.022803
-3.021491 -3.008565 -3.026085 -3.012809 -3.026743
-2.999984 -3.000134 -3.0101 -3.028741 -3.014114
-3.025666 -3.019562 -2.887552 -3.019638 -3.029253
-3.00601 -3.014817 -3.009005 -3.029578 -3.005702
-3.015163 -3.037419 -3.007529 -3.021572 -3.015398
-2.977943 -3.004134 -3.003122 -2.890912 -3.019644
-3.021577 -3.030503 -3.010603 -3.045767 -3.027577
-3.017976 -3.012665 -3.037744 -3.00382 -2.993925
-3.009577 -2.991075 -3.01465 -3.010399 -3.004016
-2.844718 -2.993529 -3.033572 -3.03148 -3.005678
-3.000719 -3.039524 -2.876249 -3.013144 -3.032587
-3.01198 -3.003076 -2.99439 -3.055993 -2.957325
-3.040188
