-2.916287 -2.900353 -2.923096 -2.930552 -2.803648
-2.930113 -2.921849 -2.903023 -2.891319 -2.881423
-2.901212 -2.907361 -2.897144 -2.93325 -2.948105
-2.881787 -2.974401 -2.94377 -2.933975 -2.832092
-2.948744 -2.903671 -2.912013 -2.939505 -2.853497
-2.934907 -2.898576 -2.924976 -2.927815 -2.9253
-2.917859 -2.926632 -2.769383 -2.931134 -2.924361
-2.937867 -2.90515 -2.907778 -2.91253 -2.854267
-2.922345 -2.912201 -2.879771 -2.927229 -2.958719
-2.919341 -2.920035 -2.957202 -2.894553 -2.912086
-2.911142 -2.906923 -2.888431 -2.895193 -2.872298
-2.926405 -2.889578 -2.927913 -2.796937 -2.924734
-2.919395 -2.950048 -2.913637 -2.944991 -2.874566
-2.91967 -2.917466 -2.905872 -2.916133 -2.912313
-2.901149 -2.91024 -2.941589 -2.916606 -2.955555
-2.925618 -2.876756 -2.926357 -2.919621 -2.914666
-2.887981 -2.913853 -2.914727 -2.947029 -2.956811
-2.907075 -2.925706 -2.917887 -2.861363 -2.902185
-2.963747 -2.915442 -2.917087 -2.892877 -2.891599
-2.896531 -2.904209 -2.921537 -2.898402 -2.924606
-2.878807 -2.940913 -2.912453 -2.957097 -2.818837
-2.965017 -2.899869 -2.917979 -2.907031 -2.969931
-2.908605 -2.952284 -2.945606 -2.913722 -2.926118
-2.912904 -2.919356 -3.014903 -2.848563 -2.897427
-2.817931 -2.927266 -2.910672 -2.760489 -2.931053
-2.910965 -2.89174 -2.931553 -2.79104 -2.952736
-2.911157 -2.935267 -2.901872 -2.970184 -2.877899
-2.888683 -2.906556 -2.925844 -2.944257 -2.900159
-2.938648 -2.912799 -2.800586 -2.907566 -2.934386
-2.036899 -2.94399 -2.879315 -2.919636 -2.780678
-2.931957 -2.922088 -2.959447 -2.934483 -2.937547
-2.888753 -2.903447 -2.898704 -2.907113 -2.917519
-2.913819 -2.892797 -2.924811 -2.95924 -2.905711
-2.896018 -2.929383 -2.026013 -2.917867 -2.909832
-2.786038 -2.922481 -2.935477 -2.926289 -2.896418
-2.898856 -2.927949 -2.946824 -2.901445 -2.962667
-2.907561 -2.929339 -2.89096 -2.874574 -2.970841
-2.772125 -2.915456 -2.826595 -2.91092 -2.941872
-2.89838 -2.886415 -2.917987 -2.838813 -2.908209
-2.797522 -2.90728 -2.861901 -2.982655 -2.932741
-2.908842
