-2.976083 -2.135128 -2.964879 -2.962779 -2.985499
-2.997011 -2.892079 -2.994456 -3.009462 -2.86981
-2.95297 -2.996821 -2.999997 -2.986913 -3.008764
-2.991017 -2.973806 -3.002256 -2.994636 -3.022976
-2.886571 -3.024464 -2.994216 -2.964089 -2.862433
-2.941207 -2.985073 -2.85073 -2.998206 -2.99396
-2.969404 -2.849121 -2.981941 -2.997777 -2.99032
-2.972671 -3.016997 -2.99676 -3.030063 -3.037356
-3.003671 -2.963662 -2.996002 -2.993467 -2.836871
-2.992716 -2.979795 -3.00554 -2.978521 -2.888646
-2.993076 -3.032231 -3.00643 -2.977003 -3.028418
-2.960622 -2.875859 -2.989487 -3.00085 -2.988965
-3.01599 -2.972425 -2.958578 -3.04144 -3.012216
-3.022293 -2.853956 -2.967663 -3.05431 -2.97989
-2.867642 -2.971583 -2.987071 -2.975188 -2.974526
-3.027884 -2.992816 -2.969208 -2.991056 -2.975831
-3.00659 -2.867181 -2.991983 -2.986737 -2.98587
-2.990759 -2.978433 -2.976072 -2.992191 -2.981003
-2.989226 -2.979911 -2.994373 -2.891838 -2.970199
-3.019066 -2.998361 -3.012834 -3.025494 -2.943047
-2.956239 -2.87123 -2.929334 -2.960337 -2.857256
-2.856994 -2.875529 -2.95809 -2.947867 -3.020936
-2.995649 -2.990221 -2.992716 -3.004031 -2.95868
-2.999598 -2.871072 -3.008218 -2.999162 -2.909215
-2.862636 -2.967102 -3.033483 -2.977273 -2.992816
-2.994718 -2.990237 -2.99411 -2.979169 -2.967111
-3.003743 -3.019297 -2.938592 -2.876616 -2.96842
-2.982646 -2.985309 -2.083055 -2.991066 -2.94203
-2.876116 -2.99887 -2.849631 -3.006393 -2.990604
-2.953464 -3.005225 -3.032114 -2.98776 -2.999988
-3.020801 -3.010846 -3.010597 -3.002546 -2.981689
-3.018368 -2.994618 -2.99964 -3.034495 -2.964395
-2.984442 -2.957717 -3.008507 -2.982231 -3.003681
-3.026155 -2.84885 -2.885058 -2.989726 -2.982219
-3.004568 -2.971856 -2.998354 -3.027255 -2.087434
-3.026853 -2.990894 -2.975414 -3.002461 -3.019612
-2.974708 -3.029869 -2.949958 -3.00111 -2.975738
-2.996829 -3.010962 -2.977542 -3.003082 -3.029196
-3.027595 -2.995237 -3.022114 -2.981118 -2.969919
-2.986987 -2.959308 -3.027578 -3.00084 -2.975014
-2.979019
