-2.860464 -2.981358 -2.907104 -2.932321 -2.987362
-3.001824 -3.017608 -3.128043 -3.146148 -2.941228
-3.239171 -2.947377 -2.908097 -2.816441 -3.030567
-3.094203 -3.120829 -3.004936 -2.978234 -2.975283
-3.124898 -3.0277 -2.98336 -2.994906 -3.105354
-2.997838 -2.92704 -3.027299 -2.890302 -3.102243
-3.033397 -3.029509 -2.922664 -3.287238 -3.000194
-3.131412 -2.927473 -3.123025 -3.070672 -3.093972
-3.011703 -3.0854 -3.138625 -3.148341 -3.178332
-3.019169 -3.055138 -3.18748 -3.047174 -2.965951
-3.083452 -3.004974 -2.967218 -3.027502 -3.187972
-3.021727 -3.130845 -2.980158 -2.937255 -2.942736
-3.069192 -3.108055 -3.121019 -2.94063 -3.133659
-3.001378 -3.041951 -2.950251 -2.965346 -3.074128
-3.066749 -3.179961 -2.91696 -2.970265 -3.079606
-3.045601 -3.060713 -2.976562 -3.105678 -2.94725
-3.03757 -2.838325 -3.075575 -2.98809 -3.06486
-3.086534 -2.857434 -3.008173 -3.068194 -3.060837
-3.024123 -3.075213 -3.019486 -3.017055 -2.913526
-3.096151 -3.009115 -3.085693 -2.990943 -2.938501
-2.974449 -3.020051 -3.115354 -3.018516 -2.958244
-2.887197 -2.970062 -3.046729 -3.062564 -2.975282
-2.862308 -2.989655 -3.071601 -2.931444 -2.847421
-2.933154 -3.172074 -2.911808 -3.125507 -2.943244
-2.94174 -2.960272 -3.120447 -3.083933 -2.975343
-3.078018 -2.979819 -2.975453 -2.969884 -3.017405
-2.975266 -3.032237 -3.165274 -3.10688 -3.023107
-2.963419 -3.167504 -3.014578 -2.863852 -3.026623
-2.858722 -2.977021 -3.019221 -2.966129 -2.918578
-3.01868 -3.161064 -3.04863 -2.91506 -3.074053
-2.947684 -3.075976 -3.022221 -2.90895 -2.927598
-2.994757 -2.998456 -2.998206 -2.980468 -3.011809
-3.237333 -2.931568 -3.003946 -3.15423 -3.075218
-3.174007 -2.813071 -3.024423 -3.094757 -2.970053
-3.0305 -2.998837 -2.95573 -2.956452 -3.079404
-3.029089 -2.947831 -3.05243 -2.860777 -3.049656
-3.175506 -2.991512 -3.033 -2.818404 -3.088809
-2.842395 -3.049271 -2.875997 -2.940972 -2.929656
-3.163438 -2.886208 -3.026294 -2.957255 -2.928312
-2.97965 -2.866814 -2.932106 -2.907417 -3.039864
-3.016094
