-2.077345 -2.331227 -2.159268 -2.251676 -2.659085
-2.450088 -2.751195 -2.160735 -2.462317 -2.338839
-2.485222 -2.634976 -2.370294 -2.734482 -2.36445
-2.236739 -2.290496 -2.344746 -2.309545 -2.228475
-2.547145 -2.358462 -2.210827 -2.615624 -2.191541
-2.33255 -2.244589 -2.19266 -2.790776 -2.094362
-2.594933 -2.423035 -2.344847 -2.724933 -2.421219
-2.415797 -2.382176 -2.348444 -2.847024 -2.399375
-2.483743 -2.258206 -2.933885 -2.631696 -2.385798
-2.234967 -2.3663 -2.537944 -2.445518 -2.504435
-2.590464 -2.677854 -2.363544 -2.299935 -2.517202
-2.40098 -2.919205 -2.30076 -2.794255 -2.577378
-2.201571 -2.326057 -2.318835 -2.645073 -2.282484
-2.43202 -2.89128 -2.812643 -2.328187 -2.355948
-2.398048 -2.543702 -2.712664 -2.304123 -2.794801
-2.235193 -2.09491 -2.377719 -2.249965 -2.416424
-2.21533 -2.783772 -2.600159 -2.39363 -2.423458
-2.265428 -2.315087 -2.62403 -2.451136 -3.032231
-2.227185 -2.712487 -2.207433 -2.390699 -2.336782
-2.296473 -2.29894 -2.212728 -2.174283 -2.398088
-2.240535 -2.447574 -2.144575 -2.404789 -2.20938
-2.324164 -2.49367 -2.731962 -2.466318 -2.443666
-2.507023 -2.336735 -2.162895 -2.318257 -2.524729
-2.360413 -2.414494 -2.251008 -2.759947 -2.146923
-2.381064 -2.381839 -2.941793 -2.573865 -2.33507
-2.422183 -2.677285 -2.555567 -2.336819 -2.42774
-2.409673 -2.306306 -2.664651 -2.345515 -2.483729
-2.632003 -2.442822 -2.163486 -2.425245 -2.392222
-2.063475 -2.13823 -2.489629 -2.50796 -2.447826
-2.786098 -2.503876 -2.603323 -2.611571 -2.47925
-2.695298 -2.193192 -2.828546 -2.269174 -3.021052
-2.21354 -2.531321 -2.79806 -2.275488 -2.53571
-2.347174 -2.187821 -2.144504 -2.322436 -2.751504
-2.739549 -2.7354 -2.766322 -2.258219 -2.601512
-2.223411 -2.483829 -2.557019 -2.526342 -2.275867
-2.633139 -2.477508 -2.466111 -2.239327 -2.08875
-2.405732 -2.225435 -2.580699 -2.16875 -2.843789
-2.402914 -2.122007 -2.275605 -2.433506 -2.297197
-2.745156 -2.661954 -2.373963 -2.544665 -2.450083
-2.5919 -2.924634 -2.226476 -2.895339 -2.785956
-2.343428
