-2.973716 -2.998998 -2.970593 -2.965945 -3.023489
-2.856606 -2.959441 -3.034958 -2.937292 -2.984352
-3.014832 -2.804634 -2.960036 -2.877346 -2.939915
-3.004546 -3.010085 -2.954359 -3.005193 -2.977566
-2.989151 -2.944376 -3.005517 -2.967098 -2.988857
-2.980398 -2.952994 -2.939441 -3.002716 -2.985006
-3.030887 -2.860578 -2.95384 -2.937242 -2.972231
-2.981251 -3.005337 -2.972618 -2.84173 -2.987278
-2.969898 -2.994159 -2.887937 -2.918523 -2.981832
-2.916088 -2.992353 -2.936317 -2.987642 -2.871446
-2.970389 -2.949964 -2.988237 -2.97322 -2.999704
-2.845517 -2.99462 -2.944452 -2.85922 -2.970155
-2.955607 -2.993045 -2.983451 -2.980408 -2.986724
-2.967775 -2.946039 -2.936913 -2.880252 -3.018987
-2.949501 -3.003733 -2.946482 -2.949949 -2.934371
-2.92967 -2.991659 -2.964104 -2.963926 -2.942333
-3.054314 -2.943381 -2.963835 -2.84234 -2.977652
-2.902128 -2.931055 -2.995909 -2.998015 -2.979205
-2.975183 -2.927342 -2.959495 -2.998342 -2.959489
-3.08237 -2.851729 -2.955959 -2.98585 -2.987292
-2.994599 -2.931215 -3.009682 -2.990726 -2.971786
-2.974696 -2.9401 -2.982393 -2.934053 -2.873447
-2.832666 -2.844909 -2.994942 -2.956794 -2.976772
-2.962308 -2.965658 -2.976394 -2.965595 -3.000322
-3.01712 -2.874153 -2.972783 -2.956397 -2.975352
-2.937034 -2.980188 -2.966366 -2.98351 -2.953199
-2.920818 -2.947336 -3.022278 -3.013648 -2.880079
-2.973355 -2.976567 -2.961332 -2.958666 -2.941467
-2.996188 -2.986959 -2.955211 -2.943343 -2.961753
-2.981242 -2.993621 -2.977397 -2.985791 -2.987282
-2.958851 -2.986622 -2.967832 -2.97143 -2.967033
-2.962098 -2.945344 -2.952254 -2.982817 -2.9936
-2.990978 -2.984358 -2.734016 -2.889891 -2.947984
-2.972839 -2.916696 -2.989143 -2.842932 -2.949459
-2.974091 -2.974256 -2.978597 -2.957411 -2.974352
-2.989776 -2.989829 -2.942382 -3.014669 -2.986406
-2.986854 -2.999512 -2.968589 -2.963678 -2.989637
-2.970225 -2.985335 -2.985929 -2.980928 -2.992443
-2.967177 -2.974339 -3.001383 -2.916754 -2.985774
-2.974903 -2.885827 -2.981767 -2.984632 -2.947954
-2.957687
