-3.01339 -2.857097 -2.941405 -3.016663 -3.008665
-2.999133 -2.982847 -3.0451 -2.989298 -3.021128
-2.987296 -3.063536 -3.056726 -3.059499 -3.033681
-3.00458 -3.010322 -3.041008 -2.921703 -3.084292
-3.021121 -3.010151 -3.013767 -3.048344 -3.069698
-3.047943 -3.002173 -3.02556 -2.998864 -3.019991
-2.827649 -3.02545 -3.038251 -2.995557 -2.886875
-3.030966 -3.010947 -2.988503 -3.017109 -3.017483
-3.011222 -3.031742 -2.986482 -2.890398 -2.928507
-3.006014 -2.865 -3.017925 -3.024171 -2.00706
-2.9961 -3.0111 -2.978683 -2.877727 -3.041012
-2.938502 -3.012431 -3.000635 -2.986901 -2.894393
-2.874727 -3.005677 -3.037408 -2.990269 -3.011177
-3.017272 -3.013767 -3.038164 -3.005237 -3.018988
-2.929009 -2.977666 -3.047047 -3.013602 -2.994174
-2.993195 -2.982159 -3.01156 -2.969045 -3.005451
-3.026276 -3.047072 -3.026818 -2.858872 -3.002962
-2.988461 -3.011048 -3.014415 -2.985548 -2.998032
-3.013326 -3.086398 -3.032369 -2.994898 -3.035028
-3.016881 -2.931501 -2.898426 -3.004867 -2.888124
-3.029387 -3.013643 -3.037708 -3.030401 -2.998883
-3.023671 -3.016055 -3.038288 -2.968317 -3.046856
-2.990254 -3.032652 -3.029637 -2.946181 -2.990174
-2.958218 -3.011594 -2.987461 -3.004581 -3.005898
-2.967985 -3.021485 -3.025037 -2.994804 -3.017901
-2.988126 -3.038538 -3.010573 -2.983453 -3.008099
-3.020367 -2.894903 -2.902575 -3.008924 -3.026123
-2.976039 -3.032754 -3.014294 -3.050201 -3.048456
-3.022412 -2.854443 -3.035596 -3.019985 -3.027041
-3.022767 -2.945489 -3.021444 -2.972605 -2.997321
-3.010516 -3.013757 -2.868954 -3.004524 -2.888116
-3.057619 -2.995213 -3.011273 -2.995889 -2.990044
-3.014147 -2.984178 -2.992949 -2.973501 -3.013863
-3.026892 -2.914807 -3.038741 -2.999889 -2.904444
-3.000541 -3.013685 -3.042482 -3.039625 -3.007695
-3.023662 -3.008056 -3.051219 -3.063391 -3.072166
-3.037168 -3.059136 -3.051648 -3.028877 -3.062144
-3.028833 -2.966723 -3.011621 -3.035024 -3.065
-3.001726 -3.007495 -3.035716 -2.995513 -2.952197
-3.061325 -3.035403 -3.000895 -3.021947 -2.985903
-2.981128
