-2.95161 -2.919477 -2.986709 -2.853127 -2.968582
-2.988767 -2.952803 -2.999563 -2.937834 -2.951852
-2.830414 -2.857379 -2.975086 -2.930627 -2.863615
-2.991749 -2.975845 -2.95733 -2.968945 -2.955083
-2.977053 -2.919496 -2.934592 -3.010452 -2.949213
-2.973911 -2.955963 -2.969252 -2.985407 -2.939941
-2.940232 -2.977506 -2.972461 -2.968848 -2.972686
-2.852063 -2.966441 -2.949585 -2.972055 -2.964487
-2.830764 -2.92833 -2.955973 -2.999671 -2.932171
-2.951619 -2.959368 -2.946862 -2.957681 -2.823598
-2.965701 -2.832635 -2.945213 -2.97465 -2.873136
-2.956057 -2.980306 -2.949587 -2.959092 -2.956946
-2.944583 -2.952621 -2.951591 -2.96627 -2.976441
-2.972768 -2.976122 -2.958514 -2.788346 -2.969155
-2.966178 -2.947813 -2.828418 -2.975938 -2.941656
-2.98557 -2.943832 -2.952256 -2.931527 -2.979774
-2.936082 -2.848994 -2.954087 -2.856832 -2.962726
-2.960216 -2.970524 -3.005896 -2.968045 -2.962771
-2.8056 -2.980213 -2.968175 -2.940145 -2.972064
-2.948391 -2.968548 -2.957403 -2.953476 -2.968039
-2.936118 -2.949501 -2.960298 -2.973189 -2.936181
-2.896353 -2.799201 -2.952696 -2.963882 -2.988923
-2.95255 -2.828712 -2.952939 -2.950756 -2.93833
-2.96974 -2.933648 -2.976033 -2.968221 -2.872025
-2.98972 -2.9743 -2.9695 -2.964335 -2.962721
-2.971544 -2.942643 -2.983208 -2.93506 -2.937842
-2.956951 -2.976259 -2.950929 -2.057694 -2.968407
-2.95085 -2.9823 -2.063035 -2.967676 -2.970092
-2.971679 -2.936738 -2.959622 -2.977584 -2.971115
-2.962882 -2.954123 -2.965753 -2.954586 -2.968212
-2.837789 -2.972108 -2.965874 -2.947014 -2.972927
-2.927677 -2.926977 -2.9596 -2.979425 -2.924679
-2.972118 -2.981809 -2.966881 -2.994896 -2.856557
-2.979541 -2.984465 -2.968635 -2.90959 -2.971064
-2.946582 -2.948163 -2.981957 -2.99284 -2.95347
-2.972123 -2.962947 -2.96365 -2.971252 -2.97307
-2.974219 -2.844897 -2.970656 -2.960234 -2.921992
-2.946893 -2.978529 -2.96705 -2.953189 -2.94802
-2.968652 -2.972102 -2.973993 -2.9387 -2.963916
-2.973518 -2.980237 -2.923084 -2.945961 -2.971128
-2.788081
