-3.009174 -3.055203 -3.062301 -3.030822 -3.048184
-3.045999 -3.028048 -3.036567 -3.049706 -3.009811
-3.038681 -3.053199 -3.019684 -3.041088 -3.066256
-2.896042 -3.001971 -3.039976 -3.043161 -2.991925
-3.020476 -3.021114 -3.019382 -3.030077 -2.909626
-2.982138 -3.039374 -3.092534 -3.02986 -3.027992
-2.999103 -2.998288 -3.015825 -3.00321 -3.02325
-2.007551 -3.021782 -3.025091 -2.94095 -3.012603
-3.067592 -2.915518 -2.988987 -3.030677 -2.995504
-3.051223 -3.021227 -2.972147 -3.00187 -3.046279
-2.990958 -3.004188 -3.003025 -3.038626 -3.027942
-2.986318 -3.014697 -2.886924 -3.039019 -2.886457
-3.029458 -3.028524 -3.022536 -3.008271 -3.022087
-3.027539 -3.031588 -2.995847 -3.015486 -3.023054
-2.889072 -2.934173 -2.866749 -3.008048 -3.008885
-2.970406 -2.950635 -2.964983 -2.886055 -2.902337
-3.056382 -2.986898 -2.965639 -3.01639 -3.045559
-3.056545 -3.007835 -2.960402 -2.909839 -3.017623
-2.993265 -3.064988 -2.907795 -2.999169 -2.902086
-2.960821 -2.997065 -2.985977 -2.895027 -3.032912
-2.995942 -3.038529 -3.010073 -2.988899 -2.999472
-3.006322 -3.021995 -3.025462 -2.997069 -3.035671
-3.057532 -2.068316 -3.007351 -2.980497 -3.020594
-3.018963 -2.929834 -3.01374 -3.039381 -3.010055
-3.03552 -3.058817 -2.920512 -3.026283 -3.041608
-2.929334 -3.067592 -3.004291 -3.028034 -3.011157
-2.932897 -3.058109 -3.026859 -2.993853 -2.93807
-3.043428 -2.891105 -2.903169 -3.04429 -3.020861
-2.990863 -2.95357 -2.899804 -3.022957 -3.050422
-3.034006 -3.057473 -3.013998 -3.033471 -3.024579
-3.031529 -3.0558 -3.029551 -3.024489 -3.033886
-3.005716 -3.073992 -3.019566 -3.02103 -3.053454
-2.996089 -3.027622 -3.05488 -3.059487 -3.026466
-3.015577 -3.027125 -2.993071 -3.005226 -2.97431
-2.974809 -3.081351 -3.009779 -3.03213 -2.979881
-2.912353 -3.034396 -3.048063 -3.0259 -3.052089
-3.045699 -3.001854 -2.024011 -2.937947 -3.028128
-2.040534 -3.037982 -2.990956 -2.982605 -2.996896
-3.058192 -2.976127 -3.000586 -3.045823 -3.006106
-2.859786 -3.040864 -3.04178 -3.022425 -3.049827
-2.981591
