-3.01176 -3.034961 -3.043615 -3.016698 -3.030811
-2.969628 -3.037835 -3.040356 -2.852103 -2.873336
-3.017495 -3.024788 -3.003238 -2.995735 -3.04282
-2.975549 -2.980626 -3.065016 -3.059532 -3.039885
-3.042377 -3.006704 -3.017729 -3.061672 -2.980627
-3.034737 -2.991817 -3.009746 -2.996855 -3.027716
-2.930491 -3.029357 -2.915422 -3.047774 -3.059847
-3.036399 -3.071406 -3.080283 -2.994764 -2.99373
-3.025768 -3.024878 -3.002029 -2.986293 -2.970347
-3.041164 -3.04827 -2.998953 -2.99771 -3.067792
-3.045099 -2.988597 -2.946563 -2.964923 -2.990577
-3.032602 -2.935404 -3.021911 -3.057462 -2.984727
-3.03276 -2.990561 -3.077413 -3.007873 -3.008411
-2.995802 -3.024096 -3.048015 -2.958211 -2.960397
-3.051361 -2.979786 -3.035657 -3.050638 -3.057959
-3.071969 -3.009439 -2.994657 -2.972089 -3.030478
-2.9907 -3.027167 -2.982668 -3.002971 -3.015624
-3.036756 -3.009477 -3.018869 -3.042036 -3.036201
-2.925287 -2.997793 -2.984638 -2.943074 -2.994288
-2.969998 -2.961962 -3.010153 -3.004099 -3.040303
-3.008063 -2.996047 -2.933729 -3.058887 -3.043011
-2.984334 -2.969711 -3.011783 -3.006096 -3.043054
-2.892844 -3.027159 -2.975491 -3.038166 -2.994368
-3.016467 -3.013343 -3.108614 -2.967005 -2.940524
-3.044043 -3.037445 -3.023791 -3.062769 -3.037821
-3.048156 -2.978184 -2.978143 -3.008328 -2.992964
-2.960541 -2.977956 -2.996367 -2.113376 -2.988947
-3.020413 -2.938863 -3.003062 -2.95474 -2.989831
-3.071097 -3.040465 -3.018546 -3.02082 -3.004036
-3.056798 -2.941505 -3.039347 -3.029202 -3.053382
-3.00503 -3.047582 -3.007451 -3.008258 -2.983744
-3.095268 -3.010819 -3.028147 -2.979443 -2.974771
-3.034206 -3.036227 -3.065329 -2.999491 -3.037052
-2.954389 -3.072273 -3.0043 -2.99986 -3.051796
-3.020045 -2.97601 -3.009179 -2.984326 -2.944688
-2.992681 -2.99995 -3.083548 -2.989985 -3.039113
-3.037123 -2.992518 -3.017471 -3.04263 -3.009621
-3.011344 -2.83768 -3.044614 -3.003483 -3.015793
-2.899203 -2.943373 -3.027065 -2.994334 -3.060194
-3.001036 -3.024183 -2.995306 -2.994873 -3.040265
-2.989991
