-2.870434 -2.901026 -2.920129 -2.960293 -2.860194
-2.980916 -2.92138 -2.925707 -2.910673 -3.143162
-2.961289 -2.888716 -3.032403 -2.972037 -2.958559
-3.010482 -3.008581 -2.94483 -2.886113 -2.838813
-2.937717 -3.003542 -3.017162 -2.965736 -2.962293
-2.902621 -3.059225 -2.916016 -2.951834 -2.78909
-2.913024 -2.918982 -3.057788 -2.976519 -2.951273
-2.974636 -2.976042 -3.020455 -2.908923 -2.898044
-2.938757 -3.019035 -2.974394 -2.964926 -3.012285
-2.967135 -2.984801 -3.10226 -2.895414 -2.864542
-2.966803 -2.89382 -2.915993 -3.06106 -3.220709
-2.955179 -3.053807 -2.911505 -3.006564 -2.928263
-3.02881 -2.868239 -2.865462 -2.966562 -2.93088
-2.990853 -3.028668 -2.817904 -2.983378 -3.017027
-2.969774 -3.051041 -2.8779 -3.032898 -2.919146
-2.969561 -3.062845 -3.01227 -3.021204 -3.063101
-3.08455 -2.858145 -2.945484 -2.847758 -2.921755
-2.898588 -2.976878 -2.928252 -2.895216 -2.925552
-2.868036 -2.919409 -2.832578 -2.973582 -3.056121
-2.975943 -2.930707 -2.962261 -2.922693 -3.101851
-2.937748 -3.044929 -3.065832 -2.891447 -2.937948
-2.999205 -2.966187 -2.85503 -3.103309 -2.874857
-2.92604 -3.003791 -3.024221 -2.9494 -2.830042
-2.893401 -2.960716 -2.928497 -2.956834 -2.910305
-2.901592 -2.913723 -2.737268 -2.929409 -2.958721
-2.981891 -3.076977 -2.978828 -2.922041 -2.984252
-2.932833 -2.961346 -2.967411 -3.049044 -2.849711
-2.9027 -2.894714 -3.035873 -3.005325 -2.982947
-2.857164 -3.021743 -2.958552 -2.933254 -2.913653
-2.984312 -2.945403 -2.98514 -3.043306 -2.932937
-3.037015 -2.835116 -2.838141 -2.90605 -2.870274
-2.976749 -2.878299 -2.967734 -2.969086 -2.970837
-2.923207 -2.877546 -2.99054 -3.004985 -2.841086
-2.896462 -3.018328 -3.000459 -2.94018 -2.823502
-2.895542 -2.951675 -2.956573 -2.954272 -3.048999
-2.98216 -2.926127 -3.052177 -2.89421 -2.918346
-2.980215 -2.985799 -2.919069 -2.877555 -2.966017
-3.031554 -3.086301 -3.007618 -3.080129 -2.988553
-2.912833 -2.964467 -2.889093 -3.048732 -3.079273
-2.894164 -3.008645 -2.915353 -2.858677 -2.978048
-3.022798
