-2.991607 -2.987145 -3.031949 -3.025133 -3.014559
-3.032273 -2.922128 -3.042908 -3.010181 -2.959433
-2.988608 -2.934537 -3.016301 -3.040978 -3.027926
-3.048331 -2.884603 -3.008413 -2.761781 -3.056334
-2.998115 -3.015932 -2.99866 -3.001061 -3.014966
-2.988851 -2.970734 -2.999447 -3.006543 -2.964091
-2.991503 -2.995826 -3.017699 -3.048226 -2.988019
-2.979248 -3.015887 -3.068488 -3.023995 -2.993989
-2.967157 -3.006712 -3.043273 -3.008358 -2.939409
-2.981134 -3.03696 -3.037226 -2.996559 -3.021315
-3.059637 -2.991088 -3.038107 -3.085062 -3.049953
-3.017736 -2.953117 -3.045949 -2.977567 -3.006502
-3.008281 -3.0568 -3.069874 -3.01107 -3.011816
-2.791084 -2.880031 -3.016499 -3.015553 -3.007329
-3.004164 -3.002657 -3.014825 -3.02993 -3.008561
-3.037705 -2.974573 -3.05279 -3.030006 -2.958584
-3.027759 -2.916072 -3.046321 -3.049162 -3.014705
-2.898498 -2.968564 -3.037772 -2.879167 -3.04369
-3.01449 -3.020697 -2.994564 -3.030783 -2.994741
-3.051258 -3.009767 -3.000468 -3.025437 -2.940247
-2.991586 -3.03131 -3.000908 -3.000746 -2.968558
-3.071439 -2.988772 -3.041575 -3.009143 -3.002701
-3.013895 -2.9951 -3.010927 -2.986686 -3.007898
-2.963768 -3.028748 -3.00887 -2.9704 -3.038498
-3.013053 -2.901916 -2.958477 -3.018731 -3.040465
-3.01379 -3.058899 -3.045864 -2.996844 -2.982128
-3.002454 -3.019679 -3.018516 -2.97955 -2.999461
-2.90338 -3.006375 -3.00843 -2.994418 -2.985124
-3.045622 -2.991933 -2.966574 -3.027198 -3.04315
-2.991282 -2.980526 -2.985732 -3.012752 -3.005439
-3.055119 -3.026179 -2.976369 -2.984456 -3.03449
-3.051199 -2.96692 -2.996714 -2.995035 -2.965765
-2.981091 -3.047603 -3.045456 -2.925427 -3.027771
-2.936407 -3.046731 -3.004353 -3.067248 -2.964692
-2.96834 -2.992538 -3.03955 -3.011226 -3.027104
-3.015934 -3.014991 -2.987784 -3.025004 -3.046945
-3.001328 -3.019832 -3.029014 -2.994992 -2.862945
-3.006444 -2.96844 -2.994839 -3.007454 -3.017434
-3.025929 -3.004388 -2.994815 -3.045627 -2.978206
-2.867632 -3.019614 -3.020959 -3.031321 -2.98514
-3.023369
