-2.95609 -2.913809 -2.986149 -2.964542 -2.984248
-2.98523 -2.966701 -2.930252 -2.993184 -2.96898
-2.964715 -2.936382 -2.861705 -2.962953 -2.951059
-3.01001 -2.938324 -2.964305 -2.959373 -2.965648
-2.960808 -3.01023 -2.954467 -2.96902 -2.953931
-2.865531 -2.960913 -2.846374 -2.949684 -2.967276
-2.96774 -2.971703 -2.942746 -2.979728 -2.960899
-2.976137 -2.962424 -2.945551 -2.851711 -2.970271
-2.981946 -2.985809 -2.971754 -2.717279 -2.961196
-2.991301 -2.946377 -2.975279 -2.941281 -2.95273
-3.002822 -2.985537 -2.975032 -2.992327 -2.952274
-2.867675 -2.972274 -2.961602 -2.926676 -2.98258
-2.96623 -2.989033 -2.935527 -2.941686 -2.959022
-2.84687 -2.94736 -2.931976 -2.951594 -2.964529
-2.985447 -3.011154 -2.949806 -2.961742 -2.980904
-2.98028 -2.958644 -2.969363 -2.96888 -2.927836
-2.962684 -2.958114 -2.970252 -2.964662 -2.835025
-2.966929 -2.97181 -2.859609 -2.979104 -2.957137
-2.992471 -2.986274 -2.95461 -1.942621 -2.838623
-2.981794 -2.99321 -2.922142 -2.97777 -2.941648
-2.869586 -2.962394 -2.97611 -3.000435 -2.944322
-3.00739 -2.956074 -2.996121 -2.847089 -2.943887
-2.989166 -2.968821 -2.978292 -2.957751 -2.959658
-2.971899 -2.96893 -2.984968 -2.970032 -2.975504
-2.936948 -2.962615 -2.959011 -2.970851 -2.969276
-2.958769 -2.968886 -2.975928 -2.910005 -2.970166
-1.939748 -2.982786 -2.997274 -3.005969 -2.932326
-2.955524 -2.936631 -2.869298 -2.947482 -2.968861
-2.910783 -2.975652 -2.837454 -2.957165 -3.009209
-2.97217 -2.9768 -2.952314 -2.99346 -2.964501
-2.98629 -2.973276 -2.923494 -2.958069 -2.956238
-2.993012 -2.965549 -2.971373 -2.955547 -2.87237
-2.960618 -2.9463 -2.961267 -2.964389 -2.956956
-2.988541 -2.965708 -2.967852 -2.958217 -2.949815
-2.96296 -2.984092 -2.966804 -2.955504 -2.95871
-2.98002 -2.993461 -2.96434 -2.956767 -2.958275
-2.943181 -2.919332 -3.011533 -2.935705 -3.000613
-2.961747 -2.946594 -2.962251 -2.975079 -2.965915
-2.838575 -3.000799 -2.957553 -2.975727 -2.865134
-3.019311 -2.936661 -2.839609 -2.860764 -2.998074
-2.825545
