-3.016367 -3.825557 -3.294846 -3.353275 -3.92151
-3.403911 -3.509567 -3.052339 -3.412314 -4.258572
-3.285643 -3.256708 -3.611472 -3.268214 -3.412384
-3.533657 -3.313261 -3.53855 -3.407964 -3.622925
-3.390409 -3.400948 -3.204702 -3.374822 -3.321755
-3.823968 -3.492189 -3.327363 -3.511586 -3.398233
-3.092555 -3.196479 -4.121731 -3.166586 -3.32815
-3.400936 -3.175601 -3.22791 -3.764043 -3.335339
-3.267609 -3.341366 -3.381735 -3.557214 -3.377305
-3.321164 -3.364249 -3.151085 -3.243778 -3.363795
-3.713941 -3.373718 -3.570207 -3.434284 -4.219528
-3.408339 -3.113601 -3.53701 -3.52333 -3.348492
-3.38205 -3.428204 -3.156685 -3.210815 -3.213119
-3.593863 -3.630252 -3.367759 -3.333451 -3.193625
-3.151989 -3.312277 -3.520211 -3.397132 -3.880093
-3.341757 -3.619514 -3.469936 -3.221572 -3.198756
-3.23062 -3.468082 -3.290569 -3.598168 -3.645716
-3.268084 -3.368154 -3.888679 -3.28109 -3.347335
-3.448406 -3.307743 -3.376727 -3.210832 -3.489224
-3.537627 -3.353616 -3.536723 -3.632029 -3.368103
-3.193298 -3.496061 -3.74861 -3.308903 -3.455088
-3.128174 -3.368029 -3.415839 -3.168148 -3.248818
-3.361926 -3.824048 -3.035723 -3.566251 -4.098251
-3.599683 -3.145403 -3.462134 -3.650764 -3.260122
-3.204502 -3.516447 -3.328008 -3.305931 -3.380681
-3.690172 -3.24651 -3.638354 -3.209321 -3.741486
-3.377754 -3.028837 -3.396837 -3.53244 -3.648949
-3.509511 -3.623746 -3.22606 -3.72966 -3.347333
-3.220794 -3.407155 -3.410447 -3.3363 -3.369874
-3.460761 -3.44165 -3.176617 -3.868774 -3.762749
-3.296385 -3.380884 -3.49241 -3.57988 -3.607367
-3.654275 -3.323264 -3.369761 -3.303342 -3.151531
-3.241995 -3.760985 -3.248652 -3.4541 -3.228599
-3.205904 -3.315133 -3.329511 -3.195575 -3.441757
-3.886222 -3.156575 -3.397965 -3.612595 -3.517
-3.178676 -3.319558 -3.195 -3.348432 -3.103208
-3.025486 -4.090105 -3.199075 -3.408028 -3.380939
-4.088938 -3.1836 -3.455131 -4.095511 -3.495068
-3.442641 -3.47948 -3.460824 -3.58457 -3.297355
-3.602888 -3.468309 -3.760272 -3.630286 -3.257485
-3.5843
