-2.89803 -3.000309 -2.932022 -3.088886 -2.965095
-2.888951 -3.028513 -3.050951 -3.002795 -3.057267
-3.07377 -2.926295 -2.859741 -3.008977 -3.093558
-3.079574 -3.108585 -3.070095 -3.092273 -3.018243
-3.003523 -3.016672 -3.085692 -2.973936 -3.106191
-3.020139 -2.862171 -2.998228 -2.91128 -2.934927
-3.001741 -2.963275 -3.00883 -3.187269 -3.004135
-2.954633 -3.112235 -3.04393 -2.895199 -3.013078
-2.954841 -3.06338 -3.101352 -2.943413 -3.132213
-2.976609 -3.098386 -2.928578 -3.185473 -2.957637
-2.892767 -3.097684 -2.967839 -3.032468 -3.070748
-2.889075 -2.944862 -3.030582 -2.967957 -2.97424
-3.052028 -2.978368 -2.877542 -3.064555 -3.025058
-2.986055 -3.032191 -3.038918 -3.001977 -2.938063
-3.030756 -2.95847 -2.937641 -2.965414 -2.951168
-2.91815 -2.913627 -3.074802 -2.97152 -3.021283
-2.918412 -2.944369 -2.912233 -3.068072 -2.885173
-2.954767 -2.869234 -2.957689 -2.953592 -2.942563
-2.951545 -2.897384 -2.889969 -3.081282 -2.825227
-3.118287 -2.941074 -3.073554 -2.995583 -2.917582
-2.872964 -2.979291 -3.015524 -2.955666 -3.031341
-2.955031 -2.931413 -3.084081 -2.941123 -3.008565
-3.00269 -2.950807 -2.918013 -2.856265 -2.942368
-2.958066 -2.8938 -3.028928 -2.825334 -2.882707
-3.023444 -2.915143 -2.940692 -3.013719 -2.916663
-2.968127 -2.842994 -2.922454 -2.981139 -3.045017
-2.966069 -2.843063 -2.935994 -2.94433 -2.896736
-3.062552 -2.783892 -2.99572 -2.90649 -3.086923
-2.974732 -2.997368 -2.990202 -2.985906 -3.057848
-3.141943 -2.924852 -2.870493 -3.020977 -2.996463
-3.04493 -2.850302 -3.124796 -3.079776 -2.991779
-3.052985 -2.989663 -3.069393 -2.922661 -3.084914
-2.941483 -3.083024 -2.918617 -3.004786 -2.910295
-3.079298 -2.958668 -2.947359 -2.931813 -3.081624
-2.906314 -2.846802 -3.043882 -2.977182 -3.025148
-2.848802 -3.105043 -2.9197 -3.072447 -3.016817
-3.056158 -2.885724 -3.03804 -3.077443 -3.064728
-2.943335 -2.894519 -3.048202 -2.957349 -3.009877
-2.925161 -2.990352 -3.083275 -2.959911 -2.848533
-2.958678 -2.912814 -2.976471 -2.939978 -3.001117
-2.838345
