-3.009522 -2.983669 -2.946067 -3.030155 -2.977201
-3.049483 -3.020833 -2.971313 -2.975756 -3.009958
-2.965598 -2.987913 -3.027579 -3.000357 -2.992867
-2.986473 -3.000476 -2.856076 -2.973451 -2.909338
-3.014109 -2.988232 -3.07825 -2.941577 -3.025745
-3.000596 -3.014211 -3.053257 -3.094096 -2.969609
-3.040338 -2.994884 -3.000346 -3.020166 -2.919154
-3.000522 -3.007053 -2.995169 -2.906318 -3.008067
-3.008364 -3.023422 -3.00355 -3.037325 -3.038292
-2.952413 -3.01167 -3.044486 -3.030402 -3.020052
-3.048675 -2.996167 -3.001174 -3.031747 -3.065022
-3.010954 -2.99948 -2.986477 -3.032673 -2.996294
-2.972426 -2.978482 -2.948892 -2.971685 -3.008658
-3.091445 -3.040383 -2.927566 -2.993959 -3.001737
-3.004219 -2.961068 -3.03295 -2.956452 -2.96119
-2.923941 -3.038126 -2.987394 -2.965115 -2.926204
-3.00677 -3.007781 -2.861557 -3.013342 -3.038972
-2.843042 -3.026885 -2.908162 -2.892734 -2.916939
-2.858349 -2.948503 -2.898155 -3.000526 -2.863652
-2.962268 -3.058782 -2.940028 -3.007033 -2.965546
-3.010925 -3.091381 -3.047066 -3.024623 -3.003177
-2.969418 -3.000077 -3.050828 -3.070296 -2.976111
-2.99338 -3.000294 -2.990906 -3.018098 -3.002859
-2.895777 -3.059229 -2.979937 -2.994462 -3.038872
-3.036246 -3.024366 -3.024408 -2.967515 -2.95902
-2.999637 -3.040743 -2.961905 -2.869989 -3.015924
-3.021757 -3.056033 -3.001964 -3.072327 -3.042005
-2.897424 -3.059002 -3.025378 -3.000198 -2.948805
-3.020504 -2.994682 -3.037518 -2.762623 -3.00196
-2.996267 -3.023976 -3.033336 -2.968734 -3.001408
-3.0839 -3.025693 -3.032008 -2.804896 -3.022224
-3.00903 -3.047558 -2.989405 -3.008377 -3.050939
-3.001 -2.939908 -2.934043 -2.900814 -2.957932
-3.064199 -3.015485 -2.8976 -3.046444 -3.073088
-2.963488 -3.018194 -3.053454 -3.027752 -3.029041
-3.015923 -3.004012 -3.037116 -2.989359 -2.993981
-3.007102 -2.980276 -3.009595 -3.004402 -2.989218
-2.988515 -3.008378 -3.029382 -2.942782 -3.002019
-3.004087 -3.01427 -3.01515 -2.997107 -2.934323
-3.025043 -3.004087 -3.045226 -2.992221 -3.139487
-2.986997
