-3.007413 -2.905125 -3.001772 -2.899861 -2.990853
-2.874924 -2.990259 -2.880458 -2.984055 -2.984329
-3.031189 -3.009465 -3.024675 -2.992212 -2.970909
-3.068471 -3.037945 -3.028414 -3.02103 -3.032799
-3.012761 -2.993622 -2.98277 -3.005339 -3.028435
-3.085888 -2.995121 -2.966019 -3.002287 -3.0455
-2.995462 -2.971612 -3.030974 -3.03329 -2.967248
-3.00287 -3.003479 -2.974081 -2.980199 -3.005125
-3.016941 -2.994329 -3.04215 -3.057538 -3.016507
-2.983388 -2.949534 -2.93955 -3.018492 -3.026995
-3.031888 -2.988875 -3.013283 -3.039933 -2.975652
-2.982094 -3.055743 -3.023724 -3.03428 -2.985776
-2.894241 -3.028293 -2.911145 -3.025275 -2.983301
-3.041972 -3.007027 -2.98771 -2.971428 -3.010245
-3.051308 -3.026023 -3.021152 -3.030246 -2.993269
-3.022628 -3.008281 -3.002396 -2.993074 -3.043613
-3.011237 -3.003797 -3.036358 -2.977799 -3.029785
-2.998427 -3.007447 -2.866357 -3.008724 -3.015629
-2.991268 -3.055892 -3.003512 -2.982271 -3.016381
-3.019889 -2.975614 -3.01034 -2.98555 -2.988146
-2.966823 -2.99395 -2.987015 -2.878414 -3.004197
-2.851558 -2.87362 -3.025479 -2.921054 -3.040388
-3.074028 -3.015649 -3.022928 -3.027282 -2.852478
-3.044846 -3.011876 -3.015003 -2.975885 -3.000719
-2.954288 -2.989415 -2.955467 -2.988715 -2.888117
-3.048513 -3.023808 -3.031718 -3.08762 -2.956173
-3.056411 -2.956573 -2.094301 -3.062124 -3.011132
-3.018905 -3.058767 -2.97683 -2.992671 -2.963519
-2.878097 -3.018053 -2.977448 -3.031856 -3.012097
-3.006006 -3.015964 -3.005059 -2.979385 -3.057611
-3.000418 -2.803986 -3.031374 -3.028289 -3.028318
-3.026272 -2.961483 -3.004324 -3.037851 -2.96954
-2.972785 -3.003461 -3.039303 -3.012671 -2.912723
-2.987207 -3.00524 -3.044345 -2.978517 -2.971494
-2.878165 -2.992861 -3.012625 -2.994707 -2.990603
-2.963348 -2.994482 -3.039907 -2.955697 -2.98005
-3.007187 -2.988114 -2.930453 -2.857172 -2.970383
-2.98952 -2.971828 -2.965199 -2.987027 -3.046637
-2.976732 -2.920321 -3.03953 -3.007027 -2.994112
-3.005589 -2.99976 -2.987957 -3.053841 -2.979308
-2.966324
