-3.007229 -2.822749 -2.279131 -2.259133 -2.654854
-2.655424 -2.478646 -2.282314 -2.760767 -2.912316
-2.223562 -2.683558 -3.000518 -2.338927 -2.559996
-2.472964 -2.563026 -2.31834 -2.281904 -2.825652
-2.98478 -2.492037 -3.012928 -2.28968 -3.09639
-3.027014 -2.796039 -2.312886 -2.877681 -2.225402
-2.569161 -3.030657 -3.005664 -2.942576 -2.512096
-3.006693 -2.728539 -3.009394 -2.19389 -2.255944
-2.82206 -3.055004 -2.715072 -2.536481 -2.294315
-2.41303 -3.042548 -3.014266 -2.50023 -2.275301
-2.758171 -3.022544 -2.797888 -3.004054 -2.29978
-2.207071 -2.488344 -2.653856 -2.337974 -2.88874
-2.848024 -2.460739 -2.257099 -2.436566 -2.890576
-2.619284 -2.585608 -2.997341 -2.526221 -2.833121
-3.053133 -3.062604 -2.547524 -2.588761 -2.94335
-2.285291 -2.755187 -2.275761 -2.087621 -3.067594
-2.214092 -2.343176 -2.652691 -2.596956 -2.596538
-2.278384 -2.868234 -2.227508 -2.526161 -2.493111
-2.989391 -2.523406 -2.310683 -2.392997 -2.998647
-2.252152 -2.767049 -2.941822 -2.26527 -2.812849
-2.549082 -2.388404 -2.891534 -2.443198 -2.648706
-3.018301 -2.27721 -2.399323 -2.510735 -2.525132
-2.183761 -2.42542 -2.823244 -2.17217 -3.031601
-3.000102 -2.600825 -2.269006 -3.028964 -2.992929
-2.437035 -2.582967 -2.665669 -3.029931 -2.228805
-2.960436 -2.994304 -2.239569 -2.518991 -2.232372
-2.707132 -2.369936 -2.904397 -2.209827 -2.396906
-2.228584 -2.66701 -2.235935 -2.859442 -2.910392
-3.001911 -2.283075 -2.660748 -2.273371 -2.40573
-3.070833 -2.695744 -2.654914 -2.865974 -2.274162
-3.039093 -2.869512 -2.243088 -2.168012 -2.229397
-2.525207 -2.586763 -2.351642 -2.903788 -2.43143
-2.241154 -2.381723 -2.245538 -2.221711 -2.961163
-2.561643 -2.984396 -2.542891 -2.3146 -2.576943
-2.404137 -2.687034 -2.607152 -3.005743 -2.276825
-2.231473 -3.005735 -2.994037 -2.949976 -2.975654
-2.638297 -2.708967 -3.009972 -2.183897 -2.448734
-2.397819 -2.265285 -2.319731 -2.180578 -2.880481
-2.583689 -2.371001 -2.264803 -2.79877 -2.277246
-2.77878 -2.247537 -2.972127 -2.64814 -2.809435
-2.278701
