-3.010846 -3.026832 -3.047705 -3.045496 -3.010414
-3.024842 -3.059517 -2.040259 -3.026745 -3.018698
-2.995194 -2.992209 -3.021104 -3.051586 -3.00525
-3.035768 -3.013433 -3.007206 -2.987455 -3.000592
-3.037299 -3.007229 -3.030129 -3.011059 -3.017045
-2.972741 -3.023474 -3.043496 -3.044956 -3.04048
-3.026406 -3.044966 -3.030187 -2.050726 -3.017711
-3.01735 -3.023909 -3.035597 -2.032869 -2.993821
-2.990522 -3.019211 -3.004129 -3.035415 -3.00583
-3.011636 -3.021148 -3.022177 -3.03067 -2.997436
-3.026557 -3.014712 -3.026544 -3.000352 -3.021743
-3.013739 -3.035596 -3.040635 -3.050868 -3.057064
-3.035278 -2.99621 -2.893445 -2.996357 -2.995047
-3.016681 -3.038115 -3.022445 -3.020689 -3.006519
-3.030703 -3.038768 -2.986311 -2.994384 -3.052268
-2.986779 -3.039359 -3.004343 -3.013368 -3.031069
-3.01661 -3.055278 -3.001335 -3.008499 -3.000709
-2.993999 -3.04871 -2.992975 -3.029089 -2.96199
-3.028156 -2.987547 -3.02519 -2.039979 -3.03574
-3.022611 -3.009221 -2.999597 -3.015914 -3.000487
-3.022196 -3.026676 -3.052338 -3.022843 -3.011581
-3.031397 -3.03309 -2.999722 -2.994123 -3.038215
-3.020332 -3.042135 -3.057031 -3.030764 -2.983648
-2.983288 -3.030503 -3.017826 -3.021471 -3.044426
-3.043373 -2.999353 -2.997006 -3.034841 -2.925995
-3.014112 -3.038184 -2.980481 -3.025844 -3.017575
-3.01294 -3.015813 -3.033401 -2.987166 -3.00718
-3.021751 -2.985272 -3.009874 -2.996758 -3.033935
-3.006164 -3.033225 -3.032147 -3.003293 -2.92931
-3.011568 -3.019521 -3.017722 -2.985963 -2.991823
-3.03089 -3.029257 -3.012839 -2.991823 -3.018175
-3.046448 -2.94122 -3.02094 -3.014077 -3.05435
-3.052673 -3.004084 -3.036333 -3.053732 -3.034598
-3.055609 -3.01934 -2.9858 -3.022284 -3.025209
-2.926728 -3.03881 -3.008708 -3.02239 -3.052556
-3.026819 -3.065887 -3.022138 -3.015309 -2.868922
-2.997893 -3.016506 -3.064452 -3.023938 -3.004646
-2.996639 -3.000742 -2.997738 -3.034923 -3.015363
-3.018029 -3.020503 -2.885942 -2.878623 -2.974983
-3.027572 -2.995142 -2.877972 -3.029239 -3.052425
-3.033219
