-2.986482 -2.989083 -2.983258 -2.993329 -3.029072
-2.96414 -2.872638 -2.833727 -2.908828 -2.754159
-2.993302 -3.010202 -2.997498 -2.882364 -2.976924
-2.99051 -2.866062 -2.966293 -3.018162 -3.010806
-3.000962 -2.843987 -3.010177 -2.843411 -2.918886
-2.998 -3.003314 -3.003914 -3.025159 -3.028552
-3.001421 -3.01345 -3.004204 -3.000009 -2.051665
-3.00141 -2.973987 -2.999439 -2.859068 -2.909113
-3.000241 -2.975007 -3.019033 -3.008153 -3.035301
-2.973572 -2.95366 -2.970917 -3.001382 -2.984554
-2.993197 -3.022173 -2.980268 -2.890169 -3.004308
-2.925297 -2.068925 -3.011455 -3.008223 -3.009935
-2.975295 -2.992681 -3.00027 -2.995267 -2.9929
-2.960275 -3.014851 -2.991787 -2.864541 -2.998089
-3.010717 -3.031158 -3.001243 -3.019942 -3.009488
-3.009978 -2.951412 -3.018827 -3.007927 -2.998877
-2.893183 -2.97429 -2.967956 -2.898895 -3.012441
-2.990102 -2.994019 -2.850217 -2.993312 -2.984762
-2.952332 -3.012444 -2.984731 -3.006294 -2.963179
-2.896748 -2.857491 -2.9844 -3.015167 -2.946951
-3.02377 -2.959882 -3.000159 -2.974992 -2.977242
-2.975377 -2.895168 -2.99182 -3.006937 -2.989994
-2.997659 -3.015673 -2.903691 -2.996613 -3.017852
-3.000828 -3.030801 -3.006082 -3.005227 -2.77484
-2.998538 -2.970137 -3.0072 -2.608085 -3.018914
-3.026021 -3.001268 -2.963606 -2.997357 -2.949806
-2.996834 -2.887043 -3.002596 -2.994709 -2.961713
-2.969129 -2.892588 -2.986818 -2.956566 -3.023725
-2.960649 -3.023394 -2.987344 -2.983329 -3.033873
-3.025459 -2.948995 -2.992167 -2.979 -2.989498
-2.906989 -2.956246 -2.989033 -3.016545 -2.98971
-2.983002 -3.018286 -3.023323 -2.975821 -3.010933
-3.013178 -2.980391 -2.863224 -2.987963 -2.974115
-2.86709 -2.990738 -2.995691 -2.989057 -2.98657
-2.990411 -2.03458 -2.993012 -2.949386 -2.998038
-3.019073 -3.060353 -2.89409 -2.990496 -2.992982
-2.984059 -2.972733 -2.864564 -2.98444 -3.017412
-3.021647 -3.012885 -2.97801 -3.018275 -2.98832
-2.980346 -3.003748 -2.994498 -2.894196 -2.989376
-3.0078 -2.986618 -2.975034 -2.951343 -2.720071
-2.979083
