-3.018503 -3.665789 -3.516531 -3.123423 -3.529775
-3.143646 -3.223366 -3.152039 -3.322684 -3.133077
-3.149671 -3.280749 -3.432669 -3.492989 -3.25052
-3.691795 -3.126052 -3.378522 -3.172522 -3.487237
-3.085057 -3.175916 -3.317531 -3.019011 -3.558808
-3.107973 -3.418976 -3.573012 -3.394669 -3.421835
-3.451461 -3.316214 -3.160423 -3.277123 -3.588972
-3.068914 -3.163665 -3.334726 -3.604523 -3.201749
-3.208495 -3.187305 -3.620372 -3.124255 -3.184686
-3.088754 -3.208755 -3.443137 -3.34836 -3.104907
-3.110617 -3.0804 -3.472016 -3.511828 -3.384442
-3.264098 -3.335962 -3.675037 -3.139958 -3.55908
-3.523976 -3.342017 -3.501822 -3.331606 -3.099279
-3.374243 -3.488182 -3.303878 -3.135159 -3.097527
-3.321539 -3.175298 -3.693656 -3.510884 -3.207469
-3.304935 -3.272363 -3.790851 -3.475353 -3.584853
-3.157778 -3.240458 -3.174597 -3.655189 -3.364937
-3.18654 -3.311612 -3.489977 -3.380449 -3.533278
-3.076677 -3.469139 -3.667106 -3.311656 -3.391799
-3.129325 -3.220369 -3.232431 -3.183619 -3.334149
-3.45979 -3.134737 -3.556591 -3.309876 -3.025276
-3.284856 -3.310062 -3.173955 -3.115869 -3.187951
-3.215274 -3.160177 -3.401876 -3.36007 -3.474176
-3.33729 -3.305798 -3.377441 -3.536309 -3.303986
-3.478461 -3.093841 -3.426411 -3.34132 -3.493162
-3.569593 -3.25474 -3.078718 -3.382233 -3.402744
-3.353907 -3.154666 -3.366841 -3.366921 -3.27895
-3.212377 -3.139296 -3.407853 -3.473563 -3.238619
-3.26346 -3.590846 -3.327673 -3.199593 -3.528233
-3.250735 -3.172959 -3.546851 -3.414049 -3.334239
-3.382388 -3.476935 -3.116523 -3.227702 -3.487145
-3.381348 -2.795286 -3.671881 -3.424082 -3.266264
-3.259618 -3.26089 -3.607713 -3.106545 -3.324124
-3.25886 -3.291557 -3.628943 -3.178749 -3.555759
-3.248532 -3.329774 -3.4375 -3.109539 -3.096075
-3.274565 -3.524974 -3.070116 -3.162925 -3.280943
-3.355551 -3.404357 -3.500752 -3.096174 -3.568472
-3.165277 -3.227972 -3.333091 -3.601004 -3.791892
-3.099159 -3.36153 -3.345827 -3.017795 -4.040926
-3.443726 -3.440699 -3.513164 -3.181921 -3.128222
-3.160376
