-3.034162 -3.081098 -3.049789 -3.047864 -3.024818
-3.149562 -3.02939 -3.042139 -3.06702 -3.055088
-2.921482 -3.064671 -3.044856 -3.078647 -3.040659
-3.056056 -3.103575 -2.893565 -3.068378 -3.040081
-3.056575 -3.043888 -3.075068 -3.081425 -3.053835
-3.066401 -3.077411 -3.086581 -2.916602 -3.080938
-2.89043 -2.976167 -3.071268 -3.034653 -3.054092
-3.093597 -3.068671 -3.041965 -3.037472 -3.066227
-3.040822 -3.039401 -3.07428 -3.058847 -3.127486
-3.0511 -3.094331 -3.087243 -3.038911 -3.068026
-3.009392 -3.067855 -2.924126 -3.052294 -3.074124
-3.035144 -3.06942 -3.022851 -3.056932 -3.069953
-3.001218 -3.041006 -3.029996 -3.068964 -3.043986
-3.044021 -2.887698 -3.098291 -3.072599 -3.080396
-3.041966 -3.054238 -3.041353 -3.071099 -3.047658
-2.852554 -3.039578 -3.047967 -2.966512 -3.080092
-3.062076 -3.057372 -2.908421 -3.102445 -3.050139
-3.056587 -3.076731 -3.059325 -3.086554 -3.026781
-3.018359 -3.063059 -3.038676 -3.013366 -3.015529
-3.084764 -2.927471 -3.03823 -3.07111 -2.936417
-3.078251 -3.047178 -3.019885 -3.059022 -3.10538
-3.024875 -3.073324 -3.100033 -3.053847 -3.069514
-3.050546 -3.03445 -3.047303 -3.025218 -2.999692
-3.051852 -3.031222 -2.993934 -3.077546 -3.050058
-3.039546 -3.087559 -3.045533 -3.040382 -3.114977
-3.047941 -3.047832 -3.053306 -2.970793 -3.046582
-3.043348 -3.037533 -3.067708 -3.062421 -2.926629
-3.044512 -3.021146 -3.061866 -3.068932 -3.058961
-3.033431 -3.017923 -3.073495 -3.018749 -2.872104
-3.057261 -3.059719 -3.035806 -3.098553 -3.042024
-3.058765 -3.040634 -3.05566 -3.029354 -3.078237
-3.048025 -3.076182 -3.064933 -3.063835 -3.095837
-3.056276 -3.047478 -3.079179 -3.019181 -2.847252
-3.108456 -3.05236 -3.041436 -3.049805 -3.024488
-3.082282 -3.084996 -3.049729 -3.156386 -3.078559
-3.028189 -3.057102 -3.057078 -3.021414 -3.045302
-3.07061 -3.030462 -3.057458 -3.037037 -3.0058
-3.051558 -3.036725 -1.987909 -3.055287 -3.045364
-3.052781 -3.016929 -3.087442 -3.048576 -3.026666
-3.085718 -3.058353 -3.012932 -3.015797 -3.072509
-3.050715
