-3.008695 -3.021378 -2.978454 -3.030975 -2.993561
-2.982868 -3.019646 -3.053383 -3.031652 -3.062158
-3.009913 -1.977632 -3.024516 -2.972113 -3.017746
-3.025079 -3.04714 -3.068055 -3.019278 -3.036913
-3.030958 -2.98564 -3.014032 -2.080261 -2.982583
-2.884754 -3.038543 -2.982534 -3.017969 -2.933316
-3.061226 -3.039167 -3.006251 -3.00623 -3.020228
-3.026479 -2.984238 -3.001876 -3.058929 -2.979746
-3.028766 -3.034689 -3.042949 -2.895744 -2.972286
-3.013122 -3.010917 -3.026335 -3.009158 -3.030647
-3.054462 -3.045603 -3.040004 -2.987534 -2.863453
-3.057327 -2.985438 -3.059221 -3.03765 -2.112041
-3.011407 -2.94261 -3.054004 -2.947416 -3.012318
-3.013861 -3.0697 -3.017569 -2.981746 -3.072438
-2.997491 -3.043523 -3.049955 -2.967256 -2.841548
-3.023441 -2.997058 -2.993186 -2.983808 -2.977649
-2.994879 -2.985393 -3.002126 -3.072898 -3.027356
-2.99217 -2.955589 -3.024611 -3.078425 -3.063486
-3.050284 -3.021028 -2.988843 -2.897461 -3.010802
-2.865839 -2.973569 -2.97642 -2.964223 -2.911069
-2.992783 -1.988371 -3.003698 -2.985087 -2.962503
-3.008619 -2.98642 -3.019566 -2.978026 -2.989413
-3.025955 -3.036791 -3.006243 -3.053246 -3.014917
-3.04113 -3.009369 -2.980328 -2.976594 -3.008481
-2.994403 -2.954616 -3.06016 -2.976921 -2.839272
-2.971661 -3.006026 -2.980985 -2.947963 -3.015966
-3.068247 -3.064844 -3.010635 -3.007408 -2.991027
-3.025998 -3.036499 -2.988461 -2.94787 -3.049899
-3.081836 -2.935412 -3.028006 -3.019901 -2.984077
-3.048508 -2.989221 -3.018163 -2.869807 -2.97207
-3.005771 -3.024307 -2.975612 -2.903963 -3.035716
-3.06421 -3.125777 -3.050009 -3.020443 -3.00169
-2.972001 -3.015777 -2.050922 -3.11147 -3.06621
-2.887011 -2.985563 -2.983453 -3.042784 -3.012326
-3.03774 -3.047212 -3.063389 -2.90954 -3.021431
-3.033316 -3.036419 -2.093799 -2.992345 -3.016716
-3.025394 -2.999001 -2.973005 -2.985409 -3.00466
-3.05738 -3.016193 -2.927503 -2.996057 -3.02166
-2.852723 -3.092125 -2.978019 -3.061157 -3.048549
-3.074954 -2.981183 -3.02779 -2.983203 -2.924147
-3.11998
