-3.012799 -2.880114 -3.051476 -3.03717 -3.046323
-3.005116 -3.072962 -3.053655 -3.02017 -3.018767
-3.039839 -3.054713 -3.00709 -3.033634 -3.053445
-3.024313 -2.96486 -3.034394 -3.022614 -2.862547
-3.021282 -3.038723 -3.040772 -3.005877 -3.0545
-2.910743 -3.08796 -3.003294 -3.05228 -3.014289
-3.041605 -3.03623 -3.045497 -2.996441 -3.030784
-3.027817 -2.949355 -3.053085 -2.993918 -2.881698
-2.999841 -3.020875 -2.877034 -2.994852 -3.016398
-2.980008 -3.096307 -3.047582 -2.997485 -3.045492
-2.933983 -3.0228 -2.858653 -2.891056 -2.993429
-3.075694 -2.992544 -3.013473 -3.021422 -3.030084
-3.03593 -3.03258 -3.01982 -2.894833 -3.036202
-2.909399 -3.081578 -3.009867 -2.991121 -3.032677
-3.015577 -3.09266 -3.018186 -2.959761 -2.989793
-3.016484 -3.055535 -3.030398 -3.029029 -3.052996
-3.062346 -3.026819 -3.00823 -3.012807 -3.00653
-2.966928 -2.886433 -2.989212 -3.020135 -3.026184
-3.002751 -3.040672 -2.978118 -1.965167 -3.024576
-3.042033 -3.029247 -3.066534 -3.020059 -1.943438
-3.001963 -2.995137 -2.999774 -3.056825 -3.001896
-3.00747 -3.022062 -2.998356 -2.995707 -3.090699
-3.056491 -2.88605 -3.023638 -3.053179 -3.060855
-3.053629 -3.025289 -3.022938 -2.994903 -2.997491
-3.046871 -3.042127 -3.023198 -3.01822 -3.025677
-3.057802 -3.016299 -3.003597 -3.033785 -3.000276
-3.03138 -3.048049 -2.970167 -2.934456 -3.016217
-3.037373 -2.987805 -3.085398 -3.010418 -2.919686
-3.049064 -2.927857 -3.047081 -3.004829 -3.05063
-3.028196 -3.039538 -3.022169 -2.98952 -3.043057
-2.994317 -3.02712 -3.061907 -2.911855 -3.012164
-3.054098 -3.013821 -2.986039 -3.074803 -3.001216
-3.017914 -3.004186 -3.000219 -3.045112 -3.032993
-3.054817 -3.06608 -3.013784 -3.022725 -3.041184
-3.031078 -3.060757 -3.010129 -2.995473 -3.051268
-2.998855 -3.032467 -3.040244 -3.029742 -3.016205
-3.000838 -3.017299 -3.007809 -3.01434 -3.034671
-3.044776 -2.998912 -3.012922 -2.847151 -2.901297
-2.898151 -3.042017 -3.016012 -3.002903 -3.070064
-3.019902 -3.038312 -3.019838 -2.986456 -3.020894
-3.006979
