-2.964175 -3.003859 -2.991112 -2.924819 -2.975551
-2.928721 -2.965371 -2.958189 -2.944209 -2.965288
-2.937663 -2.958233 -2.971227 -2.934055 -2.992247
-3.038946 -2.992337 -2.992109 -2.981924 -2.963308
-2.851609 -2.926152 -2.996602 -2.911498 -2.966652
-2.914921 -2.951331 -2.969255 -2.958408 -2.079764
-2.950958 -2.971291 -2.974473 -2.971987 -3.041255
-2.983026 -2.957094 -2.957707 -2.892407 -2.943589
-2.890478 -2.955748 -2.929189 -3.020389 -2.982614
-2.881146 -2.960389 -2.916587 -2.947932 -2.991806
-2.980279 -2.974672 -2.97703 -2.943185 -2.963338
-2.9564 -2.982692 -2.85331 -3.000089 -2.946376
-2.980765 -2.976003 -2.926789 -2.973734 -2.967524
-3.021764 -2.963824 -3.001815 -2.968118 -2.845277
-2.895226 -3.013336 -2.827597 -2.889459 -2.983084
-2.925155 -2.9203 -2.96068 -2.954735 -2.847049
-2.932017 -2.97279 -2.937614 -3.008555 -2.993396
-2.910846 -2.975551 -2.992988 -2.956093 -3.008424
-2.933843 -2.970747 -2.952718 -2.97019 -2.879375
-2.928705 -2.85667 -2.929347 -2.959134 -2.84654
-3.044385 -2.933277 -2.968926 -2.997561 -2.994553
-2.944651 -2.980317 -2.995748 -3.012503 -2.95646
-2.975169 -2.969202 -2.850596 -2.937582 -2.794823
-2.943797 -3.003888 -2.945424 -2.999747 -2.984741
-2.968624 -2.955286 -2.954001 -2.802936 -2.953477
-3.014854 -2.939209 -2.934361 -2.944869 -2.975893
-2.881557 -2.946288 -2.988576 -2.877598 -2.842234
-2.979662 -3.02703 -2.958369 -2.99509 -2.947961
-2.943013 -2.983585 -2.970227 -2.999588 -3.034452
-2.961038 -2.970002 -2.950219 -2.985613 -2.943112
-1.978656 -2.828396 -2.958907 -2.922891 -2.981165
-2.917887 -2.868535 -2.043277 -2.925189 -3.002918
-2.922419 -2.942792 -2.954547 -2.95325 -3.008792
-3.001471 -2.93314 -2.966416 -2.979268 -2.985278
-2.953982 -2.984329 -2.939526 -2.911892 -2.999091
-2.913565 -2.041925 -3.00003 -2.943093 -2.985026
-2.960652 -2.970275 -3.012391 -17.01081 -2.977773
-2.936348 -2.944273 -2.973651 -2.940554 -2.953484
-2.961679 -2.954997 -2.976008 -2.948112 -2.871353
-2.944485 -2.898514 -2.967045 -2.951314 -2.98377
-2.954949
