-3.015599 -3.05609 -2.904772 -2.498586 -2.705734
-2.646678 -2.985104 -3.024577 -2.586723 -2.981608
-2.94341 -2.591889 -2.54139 -2.806348 -3.034195
-3.004522 -3.034705 -2.587922 -2.991149 -2.838593
-3.023077 -2.84358 -2.980286 -2.966174 -2.838679
-3.024196 -2.697593 -2.709264 -2.597151 -2.885082
-2.855264 -3.006831 -2.496079 -2.778674 -2.878822
-2.812143 -2.970902 -2.856061 -3.027837 -2.985359
-2.875886 -2.781323 -3.015809 -2.970902 -2.732807
-2.988536 -3.014919 -2.635918 -3.045871 -2.883312
-3.000564 -2.720855 -2.634139 -2.43596 -2.922668
-2.958393 -2.952547 -2.524251 -2.981373 -2.480961
-2.953345 -3.065039 -3.01377 -2.845161 -3.04028
-3.02411 -2.582681 -2.519368 -3.003384 -3.008706
-2.985601 -2.433118 -2.734939 -2.943359 -2.892418
-3.057629 -2.941069 -3.045397 -2.874842 -2.790783
-2.427339 -2.99417 -2.640053 -2.010272 -2.960234
-3.042983 -3.052853 -2.618916 -2.940971 -2.898195
-2.930895 -2.953268 -3.036745 -3.001297 -2.944579
-3.014202 -3.01776 -2.963964 -2.911435 -2.998001
-2.936775 -2.885008 -2.393848 -2.84634 -2.996607
-3.056925 -3.028837 -2.962571 -2.92325 -2.696104
-2.997018 -2.996795 -2.945565 -3.001966 -2.986799
-2.558677 -2.936806 -3.001871 -3.024317 -3.054428
-2.855027 -2.715653 -3.075205 -3.024834 -2.439896
-3.000509 -2.848853 -3.034368 -3.026501 -2.825318
-2.892968 -2.86764 -3.030538 -2.88212 -2.988997
-2.876185 -2.999107 -2.97551 -3.031992 -2.974421
-2.918062 -2.982146 -2.428452 -3.051731 -2.965824
-2.661931 -2.913946 -2.506324 -2.855004 -2.934098
-2.904736 -2.859349 -3.056413 -2.975502 -2.948007
-2.608184 -3.021723 -2.518691 -2.83663 -3.032804
-2.935314 -3.009591 -2.600056 -2.502139 -2.750678
-3.018764 -3.076362 -2.664266 -3.077855 -3.025302
-2.964395 -3.018343 -2.968605 -2.993911 -2.923364
-2.974792 -2.743635 -2.855572 -3.036581 -2.872775
-2.996858 -2.956531 -2.494599 -2.989571 -2.926665
-3.015054 -2.968415 -3.047261 -2.868387 -3.0521
-3.029211 -2.828149 -2.873035 -2.527054 -2.986131
-2.955731 -2.941566 -3.004333 -2.889711 -3.008732
-2.729427
