-2.971982 -3.029843 -2.949211 -2.990263 -2.971751
-3.022445 -2.997162 -3.01746 -3.000436 -2.967962
-2.847182 -2.97234 -2.99662 -2.968995 -3.021688
-2.997112 -2.945867 -2.969645 -2.975886 -2.959215
-3.011241 -2.750365 -2.999381 -2.998763 -3.004486
-2.986379 -3.025989 -2.971124 -2.99101 -2.98501
-3.010868 -2.92552 -2.968374 -2.973557 -2.931856
-3.017748 -2.981322 -3.023398 -3.001083 -3.028798
-2.98589 -3.021003 -2.973402 -2.991877 -3.015213
-2.988731 -2.989073 -3.00394 -3.000254 -2.998906
-2.902108 -3.036339 -2.967992 -2.903835 -2.996548
-2.956496 -2.997026 -2.987586 -2.981043 -2.994475
-2.996677 -3.025549 -3.015626 -3.031001 -2.974046
-2.977954 -2.996951 -3.031538 -2.862537 -3.014487
-2.928181 -2.89227 -3.01819 -2.950068 -2.978164
-2.9947 -2.965085 -3.037837 -2.989888 -3.023403
-2.965303 -3.00326 -3.00452 -2.984303 -3.009303
-2.938412 -2.96995 -2.980838 -3.002812 -3.027774
-2.961677 -2.986721 -2.996035 -2.981047 -3.032091
-2.983523 -3.001317 -3.01162 -3.008138 -3.016105
-2.980956 -2.987425 -3.007326 -2.969545 -3.015782
-3.029573 -3.010152 -3.003917 -2.933795 -2.891438
-2.944045 -3.009643 -2.121004 -3.001135 -3.00213
-2.964759 -2.832801 -2.97425 -2.982134 -3.020709
-2.983166 -2.990272 -2.960695 -2.981436 -2.996451
-2.978157 -2.971831 -3.020978 -2.985408 -3.006675
-3.001942 -2.980225 -2.853084 -2.955687 -2.949929
-3.011518 -2.979957 -3.003484 -2.96342 -2.945879
-3.049563 -2.96558 -2.98942 -3.006582 -2.929936
-2.854799 -2.044913 -3.039196 -3.00743 -2.968836
-3.019804 -2.97407 -2.900499 -3.013317 -2.99366
-2.992135 -3.003801 -2.981481 -2.998634 -3.010854
-2.909413 -3.077502 -2.985658 -2.986605 -2.973354
-2.98049 -2.943658 -2.987675 -2.989187 -3.007381
-3.008382 -2.895471 -2.922001 -2.988362 -2.976161
-2.983661 -2.960649 -3.012242 -2.948664 -3.002625
-3.003389 -2.986877 -3.000804 -2.951771 -3.00161
-2.983233 -2.959749 -2.994972 -2.95029 -3.001572
-2.853454 -2.898673 -2.979902 -3.028913 -2.960189
-2.951241 -2.98084 -3.010062 -2.94578 -3.022415
-2.998784
