-2.947871 -2.957605 -2.965943 -2.978368 -2.94116
-2.927274 -2.955099 -2.980936 -2.966505 -2.823326
-2.965704 -2.957553 -2.98717 -2.964667 -2.939752
-2.988011 -2.977888 -2.967561 -3.000502 -2.952923
-2.943988 -2.942867 -2.961587 -2.932586 -2.999684
-2.943086 -2.966584 -2.935768 -2.949616 -2.836329
-2.914186 -2.945865 -2.969736 -2.87214 -2.962447
-2.966322 -2.970647 -2.942472 -2.955437 -2.956873
-2.949796 -2.915017 -2.939919 -2.917314 -2.952631
-2.935415 -2.957147 -2.942878 -2.927974 -2.981823
-2.974395 -2.938575 -2.946479 -2.961926 -2.918318
-2.957427 -2.835758 -2.945668 -2.926336 -2.941823
-2.974705 -2.973263 -2.917485 -2.928398 -2.992076
-2.991611 -2.944698 -2.945763 -2.952365 -2.970636
-2.950531 -2.979163 -2.959494 -2.937915 -2.938687
-2.963125 -2.957666 -2.971752 -2.958669 -2.965241
-2.949469 -2.947775 -2.961386 -2.984501 -2.94113
-2.989949 -3.005364 -2.962395 -2.961817 -2.983539
-2.976824 -2.960964 -2.941113 -2.96281 -2.952563
-2.978647 -2.976978 -2.95696 -2.950655 -2.954606
-2.992605 -2.965859 -2.961302 -2.95413 -2.976973
-2.969263 -2.853079 -2.978443 -2.97201 -2.928335
-2.912074 -2.959527 -2.954541 -2.965528 -2.958244
-2.849479 -2.919767 -2.943937 -2.975295 -2.865408
-2.994092 -2.961777 -2.950078 -2.980307 -2.94337
-2.969401 -2.954993 -2.965048 -2.989963 -2.96062
-2.911647 -2.854443 -2.932215 -2.913298 -2.977459
-2.92134 -2.844386 -2.946742 -2.948459 -2.948022
-2.955166 -2.930243 -2.933954 -2.937811 -2.983682
-2.94697 -2.960873 -2.996875 -2.961927 -2.81632
-2.843852 -2.912406 -2.981978 -2.983255 -2.966325
-2.951098 -2.971698 -2.953361 -2.935537 -2.993018
-2.822565 -2.963326 -2.962654 -2.958585 -2.954375
-2.948461 -2.948006 -2.97618 -2.973317 -2.917439
-2.9118 -2.874445 -2.954182 -2.967665 -2.948963
-2.956174 -2.948205 -2.926291 -2.979471 -3.007603
-2.950966 -2.976096 -2.828921 -2.945547 -2.947242
-2.9525 -2.967419 -3.019158 -2.942931 -2.977595
-2.922413 -2.937728 -2.970362 -2.97143 -2.921877
-2.960767 -2.954543 -2.986262 -2.83082 -2.962429
-2.952422
