-2.979479 -3.021328 -2.995943 -2.968479 -3.037364
-2.868101 -3.006598 -3.000323 -2.936276 -2.813382
-2.879385 -2.962645 -2.962169 -3.011975 -2.965354
-2.994894 -2.982495 -2.944851 -2.955267 -2.837125
-2.952909 -2.996815 -2.846886 -2.844943 -2.999541
-2.840786 -2.981732 -3.041583 -2.875609 -2.867039
-3.013791 -2.917481 -2.960297 -2.977353 -2.92595
-1.92374 -2.958693 -3.014614 -2.973852 -3.007484
-2.9902 -2.830789 -2.888185 -3.005808 -2.994336
-2.99957 -2.958463 -3.027708 -2.996267 -2.967157
-2.990276 -3.028243 -1.950075 -2.971583 -2.974029
-3.011497 -2.955625 -2.872065 -3.012072 -3.028515
-2.974455 -3.023271 -3.024104 -2.748879 -2.863159
-2.94369 -2.972747 -2.942959 -2.978639 -2.980786
-2.982144 -3.02061 -2.986058 -2.991544 -3.028778
-2.966695 -2.988469 -3.000083 -2.898115 -2.945802
-2.970489 -2.995419 -2.973943 -3.006101 -3.007616
-2.996932 -2.947642 -3.01072 -2.954491 -3.02163
-2.968617 -3.005279 -2.904783 -2.959537 -2.98923
-3.02638 -2.850819 -2.994225 -3.011144 -1.88309
-2.990678 -2.996754 -2.98571 -3.001061 -2.947311
-2.983936 -3.038151 -2.98862 -2.987879 -2.950447
-2.9434 -1.926528 -3.013079 -3.013298 -2.972763
-2.894344 -2.861562 -2.997848 -2.952498 -2.980352
-2.973658 -3.017032 -3.009375 -2.968417 -2.920164
-2.977078 -2.933797 -2.834504 -2.956611 -2.989475
-3.040715 -2.994614 -2.970414 -2.958709 -3.010354
-2.998928 -2.953737 -2.959182 -2.951839 -2.932538
-2.969491 -2.975702 -2.995755 -2.99114 -2.994735
-3.004653 -2.987559 -2.889441 -2.979234 -3.02473
-3.024807 -2.891919 -2.996818 -2.863242 -2.993802
-2.969324 -2.99781 -3.01778 -2.945053 -2.979667
-3.025508 -2.962084 -3.038954 -2.976056 -2.952195
-2.995787 -2.994909 -2.973426 -2.73476 -2.913007
-3.016177 -2.977194 -3.040376 -2.989062 -3.025271
-3.031903 -3.008693 -2.973135 -2.974392 -2.965314
-2.976388 -3.006644 -3.02393 -3.0075 -2.988188
-2.996199 -2.886507 -2.863909 -2.985222 -2.946746
-3.028974 -3.010802 -3.016214 -2.039322 -2.96387
-2.966837 -2.845232 -3.00556 -2.966988 -2.992813
-2.962923
