-3.042661 -3.05917 -3.007832 -3.081453 -3.053641
-3.077833 -3.036844 -3.091523 -2.991596 -2.997991
-3.061933 -3.037069 -3.001788 -3.057808 -3.032174
-3.089374 -3.014705 -2.97095 -3.04989 -3.072343
-3.076585 -3.053216 -3.031198 -3.03735 -3.055896
-3.004658 -3.02029 -3.049719 -3.104313 -3.053982
-3.096221 -3.082028 -3.058879 -3.053378 -3.103641
-3.06969 -2.952624 -3.056272 -3.092727 -3.049174
-3.072146 -3.012692 -3.08183 -3.066598 -2.96813
-3.025102 -3.007567 -3.05008 -3.033769 -3.066105
-3.044003 -3.052644 -3.092855 -3.067249 -2.901931
-3.040669 -3.055702 -3.047506 -3.049332 -3.069869
-3.071274 -2.992277 -3.072927 -3.086352 -3.001839
-3.097349 -3.035989 -3.102179 -3.096398 -3.040135
-3.077892 -3.049668 -3.051784 -2.92399 -3.07368
-3.066818 -3.0702 -3.033535 -3.04248 -3.041327
-2.985606 -3.055405 -3.023583 -3.074877 -3.034873
-3.055299 -3.051885 -2.86602 -3.092031 -3.077784
-3.087923 -3.064144 -3.066443 -3.056808 -3.030738
-3.074818 -3.052792 -3.040903 -3.089658 -3.041969
-3.006938 -3.072937 -3.044665 -3.082274 -3.034779
-3.070067 -3.061304 -2.933418 -3.073433 -3.059872
-2.906334 -3.044005 -3.114231 -3.033934 -3.085461
-3.042494 -3.05001 -2.929588 -3.056632 -3.051002
-3.053551 -3.024172 -3.047905 -3.04808 -3.094096
-3.044092 -3.072019 -3.056947 -2.898632 -3.043195
-3.061586 -3.077578 -3.048179 -3.07504 -3.08958
-3.00478 -3.089631 -3.061476 -2.898698 -3.079835
-3.040511 -3.081516 -3.082274 -3.059211 -3.046032
-3.0395 -3.043458 -2.98718 -3.046063 -3.071601
-2.931324 -3.047662 -3.027092 -3.085621 -3.059134
-3.064553 -3.077172 -3.068774 -3.101286 -3.055558
-3.036725 -3.076681 -3.07238 -3.061397 -3.052699
-3.031609 -3.08404 -3.061457 -3.033641 -3.015635
-3.036113 -3.047937 -3.027499 -3.053855 -3.022701
-3.041235 -3.045952 -3.061934 -3.043638 -2.943308
-3.041079 -3.077271 -3.033256 -3.012676 -3.062488
-3.048805 -3.042779 -3.070182 -3.063355 -3.015127
-3.079098 -3.084764 -3.062976 -3.086013 -2.91071
-3.04594 -3.051123 -2.997064 -3.032507 -3.031104
-2.986204
