-2.882562 -3.022844 -2.983889 -3.002475 -3.035499
-3.038853 -3.054236 -3.091862 -3.036753 -2.943427
-3.035636 -2.897716 -3.040251 -3.049486 -3.015413
-3.008201 -3.143122 -2.890744 -3.028818 -2.945147
-3.028421 -3.087073 -3.011987 -3.124464 -3.193686
-3.120802 -2.891151 -2.970627 -3.060468 -2.94545
-3.10855 -2.99721 -2.946857 -3.076953 -2.93972
-3.097361 -2.84334 -3.039717 -2.956149 -3.064888
-3.03013 -3.025311 -3.052862 -3.087364 -3.075591
-3.166953 -3.007079 -2.940717 -2.875499 -2.952921
-2.944936 -3.13558 -3.034372 -3.065121 -3.002614
-3.010542 -3.065046 -2.980651 -3.026979 -3.002641
-2.997689 -3.118583 -3.020184 -3.085045 -3.063723
-2.965832 -3.000753 -3.168871 -2.988007 -2.937499
-2.949026 -3.177557 -2.910971 -3.062117 -3.014558
-3.00031 -3.033966 -3.003668 -3.087456 -3.092907
-2.968935 -3.167054 -2.992463 -2.948681 -3.073024
-3.17004 -3.011152 -2.792107 -2.895181 -2.90761
-3.088796 -3.028383 -3.042289 -2.976941 -3.066622
-3.071917 -3.035963 -2.88647 -3.183554 -2.854719
-2.856065 -3.098546 -2.964842 -3.088063 -2.989204
-3.076594 -3.025465 -3.03866 -2.865785 -3.001367
-3.138791 -2.988405 -3.112582 -3.093315 -3.021839
-2.907208 -3.037748 -2.99127 -3.044202 -2.99878
-2.98222 -3.018498 -3.11021 -2.982752 -3.041289
-3.090863 -3.144069 -2.986274 -3.063672 -2.948143
-2.962372 -2.934457 -2.938706 -3.167493 -3.139929
-3.055019 -3.024938 -3.182905 -2.878808 -2.904147
-2.959313 -3.028507 -3.069134 -3.155854 -2.95701
-3.072359 -2.99089 -2.995684 -2.969375 -3.065521
-3.019038 -3.121837 -3.004243 -2.885357 -2.993422
-2.981865 -2.993882 -2.992137 -3.154198 -3.151077
-2.996927 -3.04264 -2.910944 -2.879898 -2.958157
-3.036851 -3.151189 -2.925101 -3.080946 -3.144759
-2.945904 -3.014942 -2.923791 -3.005208 -2.887335
-3.156126 -2.961352 -2.987149 -3.076829 -2.959659
-2.910189 -3.079641 -2.982519 -3.076443 -3.00938
-2.994112 -3.033865 -3.059015 -2.869767 -3.121588
-3.023978 -2.882468 -3.101532 -3.039637 -3.158882
-3.072885 -2.910674 -3.027546 -3.142578 -3.127055
-3.084733
