-3.046798 -2.971988 -3.038736 -3.021727 -3.061061
-3.052336 -3.063789 -3.04345 -3.079521 -3.04127
-3.075368 -3.066574 -3.05889 -3.014638 -2.998042
-3.049724 -3.046147 -3.082802 -3.005763 -3.078812
-3.132002 -3.019245 -3.08709 -3.109181 -3.036787
-3.113568 -3.027374 -3.064594 -3.104033 -3.061653
-3.040301 -3.047203 -3.075234 -3.019101 -3.036438
-3.04386 -3.061613 -3.04298 -3.053845 -3.02351
-3.046047 -3.06799 -3.033773 -3.061384 -3.098816
-3.07433 -2.956082 -3.063129 -3.027557 -2.945577
-2.957515 -3.08464 -3.033311 -3.048577 -3.068218
-3.03674 -3.071311 -3.067838 -3.104925 -3.011985
-3.063772 -3.063319 -3.078459 -3.061663 -3.092697
-3.091809 -3.112723 -3.085883 -3.03249 -3.130442
-3.040887 -2.051108 -3.088545 -3.070272 -2.961294
-3.057971 -2.932168 -3.072283 -3.006055 -3.053155
-3.02884 -3.057225 -3.131229 -3.103976 -3.102623
-3.167421 -3.052595 -1.957578 -3.090902 -3.040366
-3.021596 -3.086616 -3.060019 -3.084642 -3.042759
-3.121847 -3.074237 -3.094275 -3.071546 -3.084608
-3.050793 -3.067156 -3.105496 -3.086133 -3.119343
-3.09876 -3.089071 -3.023189 -2.93138 -2.893743
-3.076264 -3.078866 -3.036315 -3.048151 -3.081062
-2.954524 -3.081951 -2.904597 -1.983709 -3.02833
-3.01462 -3.043276 -3.079714 -3.039916 -3.064437
-3.086165 -3.076573 -3.098078 -3.061359 -3.081032
-3.06926 -3.041438 -3.004384 -1.905179 -3.110273
-3.077586 -2.918648 -3.07767 -3.054112 -3.049993
-3.061272 -3.072727 -3.039915 -3.081417 -3.044584
-3.044185 -3.049889 -3.037003 -3.073956 -3.079337
-2.936147 -3.038858 -3.096556 -3.054655 -3.01504
-3.069691 -3.093107 -3.091218 -3.089652 -3.046962
-3.03999 -3.08871 -3.052447 -2.98187 -3.031148
-3.076057 -3.06432 -3.067587 -3.032228 -3.035024
-3.008164 -3.131203 -3.096712 -3.055986 -3.076896
-3.099156 -3.038866 -3.061446 -3.074988 -3.056887
-3.075159 -3.052631 -3.150155 -3.035796 -3.091107
-3.090617 -3.072703 -3.04725 -3.07192 -3.069831
-3.074572 -3.035852 -3.060844 -3.063016 -3.002207
-3.111056 -3.038234 -3.073999 -3.049584 -3.058913
-3.062862
