-2.927437 -2.933761 -2.904629 -2.943654 -2.94821
-2.939505 -2.934122 -3.008505 -2.975779 -2.942291
-2.946358 -2.942283 -2.958054 -2.925487 -2.957484
-2.958741 -2.924262 -2.823404 -2.933803 -2.897603
-2.923023 -2.97223 -2.934297 -2.944318 -2.961708
-2.905694 -2.952378 -2.918037 -2.941317 -2.853754
-2.943233 -2.919979 -2.928786 -2.926926 -2.919799
-2.940897 -2.974539 -2.969651 -2.958372 -2.904919
-2.959909 -2.928711 -2.992512 -2.950002 -2.930459
-2.963528 -2.919407 -2.975464 -2.909482 -2.899943
-2.962056 -2.963237 -2.96817 -2.955911 -2.9209
-2.943584 -2.959841 -2.941106 -2.98097 -2.955254
-2.94057 -2.954982 -2.933421 -2.955282 -2.952992
-2.929682 -2.88663 -2.976473 -2.939331 -2.967642
-2.963097 -2.96213 -2.969249 -2.951421 -2.949041
-2.820383 -2.936644 -2.953044 -2.896211 -2.946851
-2.974625 -2.941535 -2.985976 -2.957334 -2.945814
-2.954944 -2.882104 -2.966782 -2.960545 -2.915092
-2.881852 -2.962727 -2.848107 -2.841973 -2.940646
-2.95775 -2.889649 -2.91376 -2.965912 -2.91861
-2.95404 -2.896895 -2.971292 -2.91823 -2.954758
-2.962205 -2.921003 -2.974002 -2.993677 -2.949138
-2.922086 -2.968575 -2.940763 -2.913409 -2.813881
-2.939065 -2.918485 -2.701149 -2.973322 -2.966649
-2.902653 -2.936191 -2.933943 -2.991551 -2.97073
-2.928731 -2.970603 -2.919859 -2.910888 -2.938438
-2.940218 -3.001005 -2.94542 -2.947873 -2.937356
-2.919316 -2.924534 -2.95407 -2.947853 -2.926568
-2.925313 -2.927617 -2.992426 -2.911329 -2.959612
-2.925328 -2.959924 -2.998975 -2.933905 -2.938703
-2.738109 -2.972609 -2.883337 -2.940531 -2.917857
-2.92321 -2.969334 -2.983273 -2.91473 -2.947826
-2.928009 -2.962516 -2.929062 -2.986669 -2.961152
-2.967306 -2.924273 -2.926101 -2.93442 -2.951572
-2.951532 -2.923033 -2.954343 -2.913289 -2.930996
-2.964748 -2.946397 -2.949236 -2.92854 -2.95023
-2.960094 -2.933046 -2.947928 -2.928316 -2.993719
-2.938031 -2.947746 -2.955495 -2.920826 -2.948799
-2.920138 -2.951518 -2.810658 -2.938074 -2.959307
-2.971495 -2.922426 -2.974712 -2.936734 -2.953566
-2.948422
