-3.001379 -3.027389 -3.029809 -3.010586 -3.032172
-3.024936 -2.996799 -2.990504 -2.951429 -2.93426
-3.030811 -3.068183 -3.022639 -3.019573 -2.98478
-3.046179 -3.028406 -2.954609 -2.968675 -3.025917
-2.978628 -2.959163 -2.998083 -2.993851 -3.092133
-3.015342 -3.019566 -3.038385 -3.007956 -3.018783
-3.022225 -3.026841 -3.013337 -3.047514 -3.062411
-3.036876 -3.020862 -2.987315 -3.004994 -3.020128
-2.88423 -3.050058 -3.002892 -2.866035 -3.054938
-3.074384 -3.018759 -3.03395 -3.036917 -3.015868
-3.034525 -3.031833 -3.043675 -2.924551 -2.912899
-3.018133 -3.066459 -3.03814 -2.943509 -2.996806
-3.007842 -2.813512 -1.909238 -3.026926 -3.015756
-2.863248 -3.024774 -3.040715 -3.005894 -2.774517
-3.017538 -2.792058 -3.01581 -3.086791 -3.034165
-3.093057 -3.042638 -3.046609 -3.048129 -3.040527
-2.982894 -3.038607 -2.945571 -3.03325 -3.041567
-2.954115 -3.003934 -3.026448 -3.017773 -2.943845
-3.018304 -2.999956 -3.038048 -3.086863 -3.037091
-3.070985 -3.014233 -3.092171 -3.012306 -3.02011
-3.010687 -3.064085 -3.050838 -3.028202 -2.919913
-2.978705 -3.036809 -3.049324 -2.972401 -3.013111
-3.018957 -3.055515 -2.993134 -3.066748 -2.004648
-3.022916 -3.030762 -3.060741 -3.057495 -3.016534
-2.978353 -3.04893 -3.040638 -3.061942 -3.075102
-3.072595 -3.049332 -3.029941 -3.077248 -3.029432
-3.05059 -2.996474 -3.031453 -3.02038 -2.986121
-3.040557 -2.996012 -3.043536 -3.015635 -3.070897
-3.029059 -3.029004 -3.031862 -3.068792 -2.996133
-3.05505 -2.982574 -3.0353 -2.985524 -3.026541
-3.078084 -3.041034 -3.0582 -3.019024 -2.981236
-3.02527 -3.023457 -3.066856 -2.992615 -3.015221
-3.011036 -3.036769 -2.986327 -3.037265 -2.965962
-3.004264 -3.020309 -2.992612 -3.003784 -3.068425
-3.047348 -3.070196 -3.04323 -3.039707 -2.99929
-2.998157 -3.058161 -3.066894 -3.00288 -3.021105
-3.071057 -3.082393 -3.006806 -3.029657 -3.039289
-3.07933 -3.082372 -3.0005 -2.889012 -3.001979
-3.007162 -3.019723 -3.073855 -3.045637 -3.045006
-2.974947 -3.095306 -3.006859 -3.015146 -2.983019
-3.111248
