-2.849197 -2.90965 -2.972388 -2.94464 -2.849987
-2.877137 -2.860445 -3.036508 -3.017662 -2.957283
-2.763854 -3.030451 -2.980433 -2.928724 -2.953332
-3.042613 -2.966282 -2.955996 -2.862168 -3.021905
-3.003186 -2.963012 -2.778584 -2.802637 -3.006469
-2.858625 -2.975929 -2.939453 -2.756152 -2.810271
-3.012757 -2.847646 -3.021242 -2.864475 -2.913259
-2.890224 -2.930347 -2.978084 -2.998363 -2.832025
-2.926491 -2.927295 -2.975334 -2.865517 -3.026422
-2.894713 -2.909166 -2.834724 -2.92847 -2.711924
-2.891969 -2.93346 -2.967013 -2.969913 -3.145935
-2.949707 -2.918055 -3.006871 -2.802447 -2.868425
-2.898578 -2.933743 -2.83783 -3.096225 -2.893305
-2.922806 -2.974573 -2.838211 -2.97194 -2.889067
-2.941496 -2.82898 -2.94092 -2.795575 -2.910528
-2.948529 -3.104743 -2.904777 -3.056727 -2.714637
-2.895831 -2.837321 -2.783192 -2.989154 -2.822223
-2.792809 -3.049 -2.845763 -2.929041 -3.155447
-2.77013 -2.779383 -2.97229 -2.896919 -2.98573
-2.973769 -2.868977 -2.950089 -3.060024 -2.816372
-2.96825 -2.847508 -2.918727 -3.000635 -3.071297
-2.822778 -2.887967 -2.946402 -2.888713 -3.005183
-3.018932 -2.956857 -2.888374 -2.850936 -3.102279
-2.97405 -2.939659 -2.847164 -2.876724 -2.901567
-2.900912 -2.758918 -2.942991 -3.018108 -2.761571
-2.954241 -2.990913 -2.909055 -2.793982 -2.956428
-2.839698 -2.914844 -2.885214 -2.919363 -2.841138
-2.817356 -2.79608 -2.877562 -2.945552 -2.928874
-2.987894 -2.853941 -2.845237 -2.996074 -2.968
-2.990246 -2.924969 -2.833843 -3.037715 -2.965803
-2.871089 -2.923842 -2.964227 -2.86547 -2.826003
-2.850398 -3.077411 -2.816844 -2.790233 -3.03912
-2.887121 -2.895942 -2.739873 -2.965501 -2.94418
-2.868191 -2.882917 -2.870663 -2.82157 -2.891934
-2.993467 -2.842891 -3.028904 -2.81278 -2.983953
-3.049853 -3.055608 -2.985307 -2.888907 -2.812376
-3.049534 -3.028088 -2.965938 -3.015046 -2.792229
-2.794952 -2.992974 -2.951193 -2.790375 -2.743543
-2.948009 -2.882139 -2.766777 -2.952116 -2.881409
-2.942506 -2.970586 -3.022354 -2.876193 -2.744239
-2.828562
