-2.938019 -2.917588 -2.970989 -2.939035 -2.964173
-2.919289 -2.952004 -2.784235 -2.928588 -2.930651
-2.939105 -2.942558 -2.948984 -2.951965 -2.936682
-2.930428 -2.931514 -2.946686 -2.958635 -2.952761
-2.94541 -2.939744 -2.965591 -2.941602 -2.943452
-2.921371 -2.941401 -2.930381 -2.950693 -2.944887
-2.913188 -2.958618 -2.924131 -2.934672 -2.937244
-2.956296 -2.954153 -2.936403 -2.924016 -2.942847
-2.950905 -2.940219 -2.945335 -2.957507 -2.949229
-2.964094 -2.969999 -2.971643 -2.987764 -2.913781
-2.944075 -2.825355 -2.954908 -2.995355 -2.964762
-2.922273 -2.931525 -2.942983 -2.924041 -2.937528
-2.9462 -2.972719 -2.939134 -2.955677 -2.971097
-2.917886 -2.930746 -2.957925 -2.778509 -2.941257
-2.947446 -2.97051 -2.946729 -3.000671 -2.921637
-2.694324 -2.970516 -2.919799 -2.945388 -2.925559
-2.973553 -3.017611 -2.908094 -2.938285 -3.003022
-2.966431 -2.925447 -2.820408 -2.898366 -2.931554
-2.973557 -2.954589 -2.967017 -2.951083 -2.938488
-2.925893 -2.938931 -2.946326 -2.955477 -2.951685
-2.940723 -2.957822 -2.907543 -2.947186 -2.937349
-2.979519 -2.935232 -2.954781 -2.929399 -2.965391
-2.950247 -2.975132 -2.045348 -2.82572 -2.913889
-2.935463 -2.908699 -2.941443 -2.962426 -2.918712
-2.964185 -2.787997 -2.944644 -2.917413 -2.974996
-2.96935 -2.943904 -2.966032 -2.919726 -2.928293
-2.952173 -2.95374 -2.949076 -2.911754 -2.96969
-2.972936 -2.966781 -2.800687 -2.954582 -2.925152
-2.942578 -2.922982 -2.980112 -2.943881 -2.979672
-2.945989 -2.968053 -2.96924 -2.958446 -2.925334
-2.913287 -2.839357 -2.97592 -2.974758 -2.941396
-2.941473 -2.954793 -2.974841 -2.9225 -2.923463
-2.93678 -2.93407 -2.965434 -2.93215 -2.942464
-2.947705 -2.932926 -2.934116 -2.931236 -2.946167
-2.791204 -2.935381 -2.957169 -2.897608 -2.953604
-2.960058 -2.780793 -2.825523 -2.956998 -2.936074
-2.928199 -2.961662 -2.942764 -2.965134 -2.984255
-2.939819 -2.952257 -2.945137 -2.985455 -2.968482
-3.020226 -2.929761 -2.935574 -2.943878 -2.958213
-2.970496 -2.958695 -2.633082 -2.946094 -2.955801
-1.937628
