-3.043528 -3.064859 -3.103167 -3.073501 -3.093217
-2.027594 -3.146142 -3.097732 -3.078113 -3.035066
-2.87186 -3.035111 -3.053167 -3.12925 -3.105194
-3.145477 -3.048754 -3.044911 -2.994853 -2.963483
-3.03728 -3.044437 -3.031974 -3.154494 -3.08331
-3.12815 -3.085421 -3.063219 -3.048567 -2.945313
-3.154784 -3.033682 -3.054574 -3.055839 -3.019924
-3.094681 -3.082681 -3.006713 -3.108493 -3.090323
-3.029886 -2.954283 -3.006369 -3.031225 -3.056043
-3.031786 -3.070768 -3.04391 -3.094869 -3.074548
-3.058393 -3.110932 -3.124547 -3.070591 -3.067253
-3.000711 -2.95802 -3.098909 -3.0337 -3.127635
-3.064882 -3.03861 -3.093064 -3.076068 -2.99264
-3.05376 -2.975899 -3.033228 -3.125021 -3.09116
-3.08592 -3.07391 -3.07744 -3.036757 -3.012672
-2.931985 -3.041057 -3.082514 -2.980062 -3.060052
-3.075815 -3.083409 -3.079864 -3.108794 -3.031716
-3.034423 -3.046318 -3.017758 -2.930048 -3.043982
-2.993098 -2.967915 -3.153709 -3.014094 -3.059655
-3.039317 -3.012717 -3.053585 -3.089078 -3.043577
-2.990478 -2.984352 -2.917178 -3.107526 -3.05269
-2.822543 -3.034701 -3.143603 -3.03459 -3.046421
-3.059945 -3.031616 -3.026175 -2.860728 -2.998288
-3.06972 -2.918878 -3.057563 -3.057578 -3.126165
-3.00356 -3.050844 -3.071819 -3.075353 -3.074479
-3.041053 -3.089799 -3.04073 -3.060439 -3.065964
-2.931346 -2.835989 -3.096915 -3.11314 -3.063814
-3.051896 -3.09706 -2.968751 -3.06273 -2.061576
-3.022315 -2.950544 -3.081213 -3.091107 -3.086363
-3.060226 -3.097179 -3.091384 -3.071285 -2.906378
-3.043319 -2.9847 -3.117935 -3.087742 -2.866188
-3.006624 -3.063528 -3.123423 -3.096618 -3.089765
-3.055117 -3.094507 -2.968239 -3.030495 -3.042593
-3.117405 -3.019564 -3.077777 -2.972232 -3.091454
-3.064542 -3.057299 -3.042819 -3.085952 -3.113023
-3.068464 -3.072959 -3.101589 -3.062686 -3.049528
-3.124269 -3.050795 -3.103043 -2.980215 -3.016615
-2.963328 -3.103794 -3.039437 -3.089328 -3.096636
-3.040453 -3.113803 -3.018842 -2.932466 -3.068863
-3.141464 -3.00077 -2.999817 -3.05454 -3.063468
-2.977468
