-2.981182 -2.996915 -2.908245 -3.005719 -2.979055
-2.987034 -3.000735 -2.832117 -2.87543 -3.008259
-2.98693 -2.991056 -3.001317 -2.994632 -2.946885
-2.969744 -2.956318 -2.988752 -3.007382 -2.998976
-2.985289 -2.93996 -3.003943 -3.013201 -2.993675
-3.007983 -2.989732 -2.997712 -3.023173 -2.846371
-2.978055 -2.965766 -2.986871 -2.97211 -2.993315
-3.012041 -2.988216 -2.971712 -2.974178 -2.995855
-2.862451 -2.993881 -2.986573 -2.993528 -2.997829
-2.977243 -2.978012 -2.996482 -2.979899 -3.005881
-2.958223 -2.987645 -3.004638 -2.999522 -2.979035
-2.995184 -2.981493 -2.883545 -3.019581 -2.926451
-2.973082 -2.956164 -2.997067 -3.018997 -2.96402
-2.992535 -2.981943 -3.0061 -2.975739 -2.967905
-2.98623 -3.000883 -2.956862 -2.973989 -3.038165
-2.977737 -2.994032 -2.989864 -2.886558 -2.95237
-2.963301 -3.021519 -2.982 -2.976344 -2.998407
-2.125416 -2.910942 -2.963999 -2.966952 -2.993677
-2.848736 -2.98885 -2.93059 -3.014456 -2.98857
-2.981372 -2.879168 -3.000871 -2.896663 -2.969711
-3.025617 -2.980732 -3.014009 -2.965494 -3.000749
-3.014748 -2.959192 -3.020039 -2.999353 -2.969035
-2.965178 -2.963923 -3.01923 -2.98293 -3.007093
-2.967907 -3.025969 -2.984594 -1.998321 -2.769925
-2.950784 -2.971367 -2.983396 -3.0158 -2.956809
-2.844798 -2.999745 -3.011303 -2.950999 -2.972221
-2.981918 -2.976772 -2.984727 -3.026491 -2.848679
-2.999439 -2.9795 -2.999296 -2.984519 -3.010652
-2.973049 -2.979379 -2.896579 -2.956105 -2.893111
-2.976235 -2.957978 -2.95118 -2.972917 -3.000645
-2.960777 -2.948039 -2.980269 -2.885051 -2.992381
-2.875063 -2.981485 -2.881583 -3.004198 -2.969042
-2.833871 -2.991055 -2.977855 -2.990994 -2.975365
-2.971208 -2.98431 -2.97586 -2.959441 -3.012603
-3.006064 -2.918363 -2.9727 -2.98476 -2.995314
-2.986881 -2.152471 -2.968743 -2.864657 -3.012138
-2.881451 -2.975121 -2.984182 -2.961063 -2.995388
-2.990754 -2.86378 -2.958103 -2.994839 -2.989819
-2.975825 -2.985378 -2.970578 -3.008774 -2.973405
-2.998402 -2.966557 -3.007852 -3.003767 -2.953584
-3.010542
