-3.006564 -3.003408 -3.008222 -3.01616 -2.975343
-3.012863 -3.031291 -3.020318 -3.053599 -3.005953
-3.003635 -3.041323 -3.0078 -3.104427 -3.013727
-3.029413 -3.067412 -2.98007 -3.034768 -3.034189
-3.052131 -2.863052 -3.050681 -3.032346 -2.998178
-3.010633 -3.026865 -3.084744 -2.020166 -3.046075
-3.031822 -3.029418 -2.973652 -3.022615 -2.99516
-2.967691 -2.030206 -3.046864 -3.007996 -3.013763
-3.062751 -2.97642 -2.961409 -3.00824 -2.965101
-3.050191 -2.942962 -2.932207 -2.996678 -3.074356
-2.986526 -3.027447 -2.826723 -3.022104 -3.069423
-2.89647 -3.055843 -3.022976 -3.014063 -3.056204
-2.97293 -3.004593 -3.047631 -3.037383 -3.090098
-3.03884 -3.077345 -3.001998 -3.045836 -3.060226
-3.033296 -3.022737 -3.0092 -2.986144 -3.037311
-3.034016 -3.029898 -3.072536 -3.024614 -2.97201
-3.041185 -3.026221 -2.983465 -3.005131 -3.007166
-2.979612 -3.051519 -3.075901 -2.978141 -2.973736
-2.969202 -3.012752 -2.970863 -2.988463 -3.048205
-3.007958 -3.001314 -3.031264 -3.007449 -3.007141
-2.886804 -3.014766 -2.859316 -2.943878 -3.026405
-3.003452 -2.98969 -3.039865 -3.003319 -2.996286
-2.986685 -3.022187 -2.989544 -2.97105 -2.997876
-2.992703 -3.005723 -2.961873 -2.999891 -3.034598
-2.966019 -2.992475 -2.072761 -2.975641 -2.994353
-2.987057 -2.95376 -3.012141 -2.958502 -3.059683
-2.959625 -2.951195 -2.947771 -3.067461 -2.996583
-3.018263 -3.044982 -1.968114 -3.026773 -2.99739
-3.067895 -2.907637 -3.040694 -2.990567 -3.012494
-2.964909 -2.943216 -3.036983 -3.006476 -3.0231
-2.977493 -2.999914 -2.997665 -3.025947 -3.049192
-3.047145 -3.000558 -3.067891 -3.034965 -2.964474
-2.926174 -3.007898 -3.038447 -3.055209 -3.064815
-2.878157 -3.013685 -3.061007 -2.993658 -3.021039
-3.016565 -3.047334 -3.028027 -3.038474 -3.003962
-2.987997 -3.051475 -2.983258 -2.965014 -2.987906
-3.049225 -3.013679 -3.019113 -3.012308 -3.058298
-3.043801 -3.021888 -2.988618 -3.055348 -3.088117
-2.933318 -3.003325 -2.97944 -3.030131 -3.021873
-3.052817 -2.888128 -2.997522 -3.018584 -2.963523
-3.043842
