-2.963168 -2.92855 -2.961238 -2.983471 -2.95667
-2.973877 -2.976464 -2.965074 -2.949004 -2.975232
-2.939166 -2.936441 -2.85121 -2.815768 -2.974887
-2.966074 -2.966284 -2.844499 -2.837161 -2.983273
-2.987916 -2.997929 -2.972347 -2.941699 -2.993614
-2.857001 -2.954251 -2.949262 -2.978161 -2.856143
-2.978077 -2.873143 -2.990346 -2.985085 -2.938447
-2.976845 -2.969848 -2.973056 -2.950513 -2.835289
-2.951419 -2.83738 -2.853562 -2.984984 -2.920247
-2.946665 -2.969381 -2.956303 -2.966862 -2.982548
-3.006251 -2.953888 -2.925844 -2.993422 -2.956043
-2.964533 -2.831781 -2.947088 -2.959246 -3.016907
-2.977042 -2.949971 -3.009538 -2.958658 -2.946717
-2.941698 -2.984246 -2.84538 -2.920187 -2.985069
-2.93422 -2.985205 -2.940542 -2.856612 -2.932186
-2.967829 -2.93027 -3.009139 -2.996874 -2.959327
-2.950604 -2.961236 -2.978853 -2.973702 -2.961156
-2.740407 -2.980461 -2.992707 -3.01347 -2.994148
-2.965217 -2.931824 -2.889192 -2.936712 -2.93912
-2.999833 -2.965928 -2.954213 -2.953006 -2.954503
-2.959651 -2.97406 -2.939783 -2.878345 -2.961979
-2.984387 -2.970965 -2.858297 -2.974727 -2.958955
-2.957295 -2.983013 -2.995673 -2.985558 -2.967956
-2.970641 -2.020622 -2.986863 -2.98889 -3.042979
-2.9604 -2.965957 -2.894049 -2.956942 -2.943824
-2.954003 -3.011396 -2.954254 -2.963571 -2.976902
-2.971702 -2.955114 -3.005956 -2.992022 -2.091169
-2.97952 -2.950866 -2.956336 -3.015221 -2.995917
-2.949459 -2.986154 -2.057761 -2.990392 -2.983395
-2.993388 -3.012275 -2.928248 -2.942168 -2.828822
-2.919612 -2.951914 -2.931299 -2.956162 -2.97188
-2.994175 -2.955161 -2.967461 -2.993699 -2.96416
-2.989963 -2.965443 -2.881886 -2.958899 -2.989668
-2.952776 -2.966008 -2.967057 -2.917801 -2.986038
-2.976769 -2.97013 -2.977372 -2.982239 -3.008899
-2.957744 -2.988771 -3.029591 -2.952508 -2.847023
-2.933114 -2.963134 -2.975833 -2.984124 -2.985575
-2.9799 -2.716883 -2.972965 -2.943874 -2.960708
-2.992992 -2.934925 -2.851139 -2.950826 -2.965137
-2.979852 -2.955967 -2.94999 -2.97592 -2.962247
-2.937082
