-2.735743 -3.125953 -2.903184 -2.898035 -2.916496
-2.960837 -2.972744 -2.871651 -3.000049 -3.150967
-3.089389 -3.044776 -3.003091 -3.048284 -2.943921
-2.964461 -3.099033 -2.964145 -2.897089 -2.947725
-3.137555 -3.006881 -2.991448 -2.998657 -2.91315
-3.033973 -3.123098 -2.915172 -2.952557 -3.148178
-3.062829 -2.918404 -2.973541 -2.954434 -3.091717
-2.878378 -2.936755 -3.035829 -3.104497 -2.99198
-3.105848 -3.118444 -2.945888 -3.011302 -3.003284
-3.027005 -3.003574 -2.987382 -3.006574 -2.929875
-3.154893 -3.067989 -2.90681 -3.042019 -3.114567
-3.012047 -3.069495 -2.953693 -3.066046 -3.082436
-3.049447 -2.868065 -3.050892 -2.911696 -3.005251
-2.858683 -3.123834 -3.041464 -2.954613 -3.060657
-3.230387 -3.028411 -3.00809 -3.207253 -3.000341
-3.052171 -2.905818 -2.923741 -3.002877 -3.06064
-2.972774 -2.957481 -3.115205 -2.757633 -2.961431
-2.934632 -2.910929 -2.916243 -2.951601 -2.877578
-3.033106 -3.028511 -3.013884 -3.069355 -2.939292
-2.958031 -2.837895 -2.945382 -3.074134 -3.028762
-2.901872 -2.78931 -2.795818 -2.883504 -3.115076
-2.900415 -2.941999 -3.031631 -3.00051 -2.939413
-3.091485 -2.930359 -2.991346 -3.080089 -3.079653
-2.991023 -2.936172 -2.996984 -2.844487 -2.940673
-2.890291 -3.060763 -3.034793 -3.109992 -2.915267
-3.09949 -3.160388 -3.060583 -2.93304 -2.990858
-3.001184 -2.884962 -2.872223 -2.872173 -2.960068
-3.124622 -3.033754 -2.878959 -2.944438 -2.915352
-3.076058 -3.045783 -2.931626 -2.79587 -3.04643
-3.129215 -3.054541 -3.159246 -3.06901 -2.999341
-2.959181 -3.059707 -2.968697 -2.820118 -3.10762
-2.908999 -2.683869 -2.978609 -3.071349 -3.021915
-2.846185 -2.965101 -3.264958 -3.017511 -3.075607
-2.907454 -2.943731 -3.015804 -3.231946 -2.977169
-3.142955 -3.033278 -3.093528 -3.080895 -2.931254
-2.909934 -3.128808 -2.886884 -2.877186 -3.051695
-2.922053 -2.847205 -2.889253 -2.971177 -2.993767
-3.02959 -3.027768 -3.011952 -2.94766 -3.145558
-3.247965 -2.813003 -3.008931 -3.030059 -2.963275
-3.003425 -2.973714 -2.879988 -3.006125 -3.049042
-3.018141
