-2.999187 -3.020624 -2.990194 -2.979604 -3.003515
-3.028064 -2.984438 -2.965299 -2.474642 -3.026609
-2.99264 -2.961851 -3.033188 -2.871385 -3.014628
-3.015805 -2.983617 -2.929286 -3.01843 -2.026311
-2.79714 -3.040376 -2.859703 -3.018323 -2.971423
-2.870073 -3.044367 -2.927872 -2.97241 -3.003861
-3.004644 -3.021003 -2.937815 -2.888649 -3.025594
-2.953941 -3.042772 -2.984049 -3.040024 -3.027861
-3.0201 -2.983606 -3.007375 -2.864561 -2.913601
-2.871091 -2.960697 -3.058931 -3.028661 -2.98949
-2.972155 -3.004839 -2.970991 -2.930056 -2.985963
-2.936454 -2.998046 -3.000316 -3.021694 -2.910069
-3.007645 -2.839003 -3.01915 -3.002971 -2.999126
-3.029022 -3.024626 -3.002984 -3.017367 -3.073321
-3.046649 -3.022872 -3.014744 -2.987567 -2.986676
-3.035903 -2.912234 -2.745043 -2.870722 -2.948527
-3.004122 -2.840418 -2.889201 -2.950225 -2.973206
-3.016316 -3.013551 -3.001658 -3.046288 -2.975825
-2.890311 -3.037493 -2.661721 -3.022838 -3.032155
-2.952434 -3.010146 -3.040816 -2.950127 -2.862531
-3.01734 -3.008122 -2.987923 -2.873487 -3.00108
-3.053739 -3.019696 -2.993795 -2.96754 -3.016462
-3.025173 -2.878236 -2.970659 -2.976573 -2.968858
-2.945897 -2.878537 -3.068403 -3.006927 -3.043511
-3.037275 -2.98881 -2.933458 -2.947455 -3.026098
-3.012719 -2.984652 -3.020874 -2.995314 -2.999065
-2.912925 -3.016967 -2.498312 -3.050458 -2.995722
-2.96975 -3.029849 -3.02894 -3.020855 -2.896535
-3.028134 -3.049944 -3.005328 -3.052999 -2.918562
-2.953506 -2.958324 -2.895536 -3.007112 -2.91616
-10.5515 -2.977524 -2.931452 -3.020698 -3.052162
-3.015896 -2.981806 -2.747664 -3.018126 -2.577358
-3.015934 -3.03351 -2.973741 -2.859654 -3.089744
-2.959029 -2.981202 -3.020203 -2.995565 -2.960339
-3.008226 -2.937714 -2.929688 -3.023471 -2.979443
-2.989432 -3.037855 -3.02855 -3.074093 -2.948363
-2.994013 -3.040532 -3.031994 -2.989892 -3.041857
-3.019017 -2.887975 -3.069354 -2.985432 -3.030134
-3.042647 -2.831768 -2.962343 -3.061423 -3.006596
-3.003256 -3.00995 -2.843865 -2.983856 -2.93479
-2.884095
