-3.043933 -3.103837 -3.136898 -3.008993 -3.033921
-3.019393 -3.076538 -3.096069 -3.032883 -3.093459
-3.069191 -3.065954 -3.054175 -3.035051 -3.092332
-3.09403 -3.075864 -3.06262 -3.034594 -3.055953
-2.976671 -3.073249 -3.094081 -2.931907 -3.069015
-2.957415 -3.069265 -3.049877 -2.972658 -3.065053
-3.080951 -3.02814 -3.033273 -3.032503 -3.045441
-3.03525 -3.063335 -3.076055 -3.077018 -3.074426
-3.074187 -3.041051 -3.038105 -3.069644 -3.108475
-3.065274 -3.040198 -3.035772 -3.036884 -3.094906
-3.070027 -2.930432 -2.998318 -3.060626 -3.041683
-3.042152 -3.093247 -3.069828 -3.054609 -3.095003
-3.065972 -3.063622 -3.086835 -3.075383 -3.110321
-3.106104 -3.058157 -3.038361 -3.059342 -3.071558
-3.02672 -3.095249 -3.09349 -3.060764 -3.100655
-3.096729 -3.090493 -2.947813 -3.04581 -3.040085
-3.047788 -3.098447 -2.908984 -2.955621 -3.112604
-3.081105 -3.088979 -2.990156 -3.049653 -3.125169
-3.076666 -2.939734 -3.081378 -3.084747 -2.119435
-2.951756 -3.114094 -3.044159 -3.040314 -3.075973
-3.04208 -2.903075 -3.043624 -3.105673 -3.058955
-3.03298 -3.067005 -3.08268 -3.09931 -3.146238
-2.972748 -3.065882 -2.046713 -3.101903 -3.03601
-3.057528 -3.122063 -3.035618 -3.04055 -3.070229
-3.051467 -3.074593 -3.066489 -3.038752 -3.092558
-2.945581 -3.072382 -3.015888 -3.069039 -3.041251
-3.076151 -3.0763 -3.046687 -3.054563 -3.048392
-2.905786 -3.145054 -2.143802 -2.988415 -3.058403
-3.109093 -3.076523 -3.053531 -3.041464 -3.041361
-3.061853 -3.074675 -3.11894 -3.043755 -3.12511
-3.101424 -3.072573 -3.061903 -3.0448 -3.092803
-3.090693 -3.063864 -3.076603 -3.086249 -2.939139
-3.085727 -3.042696 -3.101397 -3.033766 -3.117941
-3.093801 -2.943466 -3.103604 -3.074059 -3.088738
-3.07788 -3.09586 -3.041631 -3.094593 -3.044389
-3.094249 -3.081023 -3.081864 -2.916622 -3.097853
-2.952942 -3.099552 -3.083178 -3.051726 -3.056821
-3.096721 -3.064828 -3.046453 -1.994075 -3.103632
-3.053546 -3.087555 -3.101531 -3.110545 -3.030485
-3.118586 -3.077103 -3.112668 -3.084817 -3.060762
-3.085337
