-2.915613 -2.924664 -2.95584 -2.938682 -2.905224
-2.952013 -2.929891 -2.998922 -2.840877 -2.929325
-2.955422 -2.954624 -2.786047 -2.973148 -2.926709
-2.795414 -2.89747 -2.916723 -2.924728 -2.969775
-2.901177 -2.78339 -2.961251 -3.002893 -2.947306
-2.903132 -2.905303 -2.966672 -2.930328 -2.753298
-2.944235 -2.937794 -2.799943 -2.797555 -2.939265
-2.913724 -2.895996 -2.89559 -2.981028 -2.896744
-2.912871 -2.932038 -2.954129 -2.964827 -2.901355
-2.886007 -2.932334 -2.946209 -2.906923 -2.937845
-2.903718 -2.923658 -2.956117 -2.945208 -2.895801
-2.942144 -2.937991 -2.943144 -2.929388 -2.912774
-2.979739 -2.939039 -1.989766 -2.907874 -2.894565
-2.936796 -2.935989 -2.926303 -2.932783 -2.930031
-2.942052 -2.940513 -2.899667 -2.923801 -2.926081
-2.948758 -2.920067 -2.876875 -2.831141 -2.981381
-2.950416 -2.912708 -2.964352 -2.985163 -2.946647
-2.933166 -2.959203 -2.882341 -2.889948 -2.930809
-2.926334 -2.938027 -2.90929 -2.936422 -2.932743
-2.956712 -2.931618 -2.920112 -2.972149 -2.82164
-2.951952 -2.923669 -2.90467 -2.759594 -2.926174
-2.927371 -2.948128 -2.979279 -2.849063 -2.895349
-2.942196 -2.867985 -2.938428 -2.944125 -2.925192
-2.984095 -2.920058 -2.925195 -2.824839 -2.931067
-2.944394 -2.963015 -2.972609 -2.912936 -2.957135
-2.914531 -2.91292 -2.925859 -2.909043 -2.887854
-2.919172 -2.937099 -2.784232 -2.923519 -2.953011
-2.820254 -2.912946 -2.916256 -2.940217 -2.96655
-2.895259 -2.911878 -2.907405 -2.814784 -2.915107
-2.91917 -2.928298 -2.999186 -2.921747 -2.904233
-2.802317 -2.961633 -2.935774 -2.940242 -2.807456
-2.938895 -2.955378 -2.911366 -2.927001 -2.937786
-2.930604 -2.931272 -2.925158 -2.949294 -2.921019
-2.937367 -2.952364 -2.95669 -2.930528 -2.907807
-2.939791 -2.924467 -2.893021 -2.955909 -2.948292
-2.900834 -2.918377 -2.949599 -2.915231 -2.836847
-2.90002 -2.911964 -2.957534 -2.91232 -2.936584
-2.935678 -2.950651 -2.971627 -2.923291 -2.924973
-2.980336 -2.909065 -2.938359 -2.913628 -2.930821
-2.938012 -2.931077 -2.940066 -2.927047 -2.853704
-2.955739
