-2.992447 -2.961398 -2.935346 -3.011158 -2.986717
-2.976354 -3.030455 -3.031888 -3.006703 -3.018127
-2.941166 -2.970809 -2.996702 -3.026705 -2.992023
-3.011808 -2.935333 -2.995653 -2.992829 -2.97432
-2.992779 -2.982265 -3.016804 -3.000728 -2.960724
-2.877833 -3.012192 -2.716879 -2.983027 -3.008637
-2.861981 -2.877434 -2.933012 -3.013713 -2.965746
-3.039149 -2.903878 -3.046377 -2.996667 -3.013552
-2.968581 -2.996813 -3.025676 -3.010686 -3.005634
-2.978292 -3.006511 -2.867131 -3.046843 -2.924264
-2.989134 -3.029252 -3.006638 -3.028138 -2.912122
-2.9046 -3.034846 -2.957838 -3.004727 -2.934094
-3.057501 -3.025401 -2.978372 -3.007954 -2.996164
-2.93212 -3.051746 -3.000949 -2.986246 -3.037003
-2.991263 -2.915011 -2.943767 -2.988693 -2.9905
-3.005132 -3.038535 -3.006466 -3.040453 -3.000752
-2.889064 -3.029489 -2.968685 -3.026354 -2.744354
-3.039523 -3.020032 -2.98296 -2.9845 -3.025025
-3.00363 -3.066877 -3.035816 -2.873452 -3.031838
-3.013984 -2.886709 -2.969213 -3.005663 -3.019501
-3.003498 -2.991284 -2.998738 -3.013784 -2.977647
-3.0029 -3.004118 -3.025214 -2.97494 -2.038568
-3.033853 -3.043776 -3.011463 -3.000992 -3.01738
-3.017928 -2.994127 -3.016613 -3.012853 -3.030521
-2.978693 -2.987434 -3.000575 -2.970455 -3.018524
-3.034173 -3.004031 -2.983586 -2.999133 -2.886687
-3.000201 -2.992792 -2.049486 -2.994211 -3.019486
-3.011688 -2.982172 -3.018972 -2.985669 -2.979611
-2.982093 -2.969414 -2.898859 -2.888675 -3.001915
-2.98487 -3.029696 -3.056258 -3.042161 -2.978302
-3.035467 -2.028158 -2.975723 -2.976994 -3.012022
-2.880083 -3.012578 -3.016309 -3.008009 -2.918624
-3.027152 -2.994597 -3.004348 -3.027594 -3.012707
-3.044201 -3.018929 -2.991928 -2.970726 -2.987108
-3.024425 -3.033088 -2.968407 -3.011783 -2.998202
-2.966673 -3.03214 -2.986164 -2.78507 -2.98213
-3.031146 -2.968462 -2.859131 -3.013755 -3.045735
-3.002942 -3.020187 -2.973845 -3.014446 -2.986493
-2.994762 -2.966991 -2.96764 -2.976096 -2.987254
-2.996216 -2.964925 -2.98886 -2.956902 -3.020693
-3.060842
