-2.960047 -2.966537 -2.980646 -2.956007 -2.979351
-2.9813 -2.961076 -3.009124 -2.987713 -2.912108
-2.943342 -2.88638 -3.037162 -2.985234 -2.910556
-2.98922 -2.912694 -2.928425 -2.979494 -2.939776
-2.977895 -2.904418 -2.956985 -2.924726 -2.922011
-2.99311 -2.909649 -3.020745 -2.944249 -2.910058
-2.948042 -2.921956 -2.955422 -2.999013 -2.954274
-2.984625 -2.996877 -2.846701 -2.981883 -2.996504
-2.849142 -2.970149 -2.983595 -2.950226 -2.958312
-2.95503 -2.958895 -2.964443 -2.977217 -3.010328
-2.988387 -2.925008 -2.950719 -2.954408 -2.942886
-2.956536 -2.809793 -2.911298 -2.887042 -3.001589
-2.852727 -2.960444 -3.017374 -3.017803 -2.97987
-2.931094 -2.960405 -2.821075 -2.934373 -2.939792
-2.901217 -2.850465 -3.009751 -2.832838 -2.987374
-2.994348 -2.949388 -2.945543 -2.983742 -2.981964
-2.947137 -2.955632 -2.860318 -2.968302 -2.972388
-2.088262 -2.934437 -2.979819 -2.805917 -2.963005
-2.932204 -2.982641 -2.933676 -2.936922 -2.989306
-2.965547 -2.945154 -2.968957 -2.910158 -2.845101
-2.986939 -2.893389 -3.008719 -2.94374 -2.985745
-2.968286 -2.985317 -2.97561 -2.975929 -2.874935
-2.885028 -2.986174 -2.973817 -2.973775 -2.939217
-2.933658 -2.97878 -2.723836 -2.950527 -2.947609
-2.949531 -2.90093 -2.981264 -2.975727 -2.992268
-2.907896 -2.970069 -2.967077 -2.942093 -2.934689
-2.919711 -2.964434 -2.918112 -2.97116 -2.843817
-2.967171 -2.953446 -2.859594 -2.9735 -2.993602
-2.976138 -2.951286 -2.970911 -2.98705 -2.918233
-2.873325 -2.865034 -2.953847 -2.97088 -3.00012
-2.825238 -2.991157 -2.944325 -2.91661 -3.002511
-2.91776 -2.941774 -2.830974 -2.954381 -2.931554
-2.985335 -2.974942 -2.870504 -2.98419 -2.958749
-3.002152 -2.955344 -3.021118 -2.887058 -2.858838
-2.977018 -2.99728 -2.984299 -2.930608 -2.896908
-2.960962 -2.977703 -2.804191 -2.987587 -2.961172
-2.979826 -2.97211 -2.951008 -2.998284 -2.969906
-2.999038 -2.926177 -2.952971 -2.939618 -2.964129
-2.96618 -2.964169 -2.970911 -2.98323 -2.967392
-2.991951 -2.974072 -2.956925 -2.974719 -2.825043
-2.964888
