-3.01087 -3.006117 -3.012005 -3.057814 -2.966654
-2.936313 -2.96161 -3.018181 -3.031714 -2.991372
-3.030514 -3.090952 -3.041259 -3.014357 -2.978314
-3.037352 -3.124652 -3.017825 -2.921084 -3.012388
-3.032776 -2.794832 -3.071748 -2.828207 -2.95753
-2.949085 -3.017612 -2.958059 -3.043255 -3.052508
-3.032579 -3.034591 -2.914133 -3.061658 -2.964466
-3.002577 -3.011428 -2.935871 -3.035476 -3.021833
-2.959081 -3.010474 -3.024917 -3.012796 -2.999342
-3.031571 -3.008545 -3.032679 -3.00571 -3.02388
-1.946496 -2.923508 -3.025547 -3.113012 -3.040932
-3.05516 -2.997285 -3.050277 -3.069174 -3.02177
-3.072202 -3.000783 -3.042201 -2.898663 -2.964074
-3.041056 -3.074286 -2.951492 -3.045453 -3.102916
-3.064039 -3.048849 -3.056898 -1.96792 -3.085427
-2.956762 -3.103636 -2.92958 -2.974084 -3.006665
-3.015764 -2.933622 -2.986777 -3.024376 -3.005824
-2.979952 -2.923144 -3.039338 -2.999865 -2.957778
-2.984265 -3.072847 -1.985587 -2.977073 -3.077461
-2.987695 -3.027126 -2.943527 -2.97085 -3.037202
-3.010372 -3.029362 -3.068268 -3.065972 -3.027786
-2.997056 -3.067658 -3.005131 -3.030042 -3.047001
-3.037171 -3.057402 -2.969283 -3.10481 -3.009097
-2.975332 -3.051066 -2.853483 -2.996807 -3.040035
-3.006998 -3.058278 -3.005967 -3.032014 -3.085272
-2.993662 -2.971316 -3.034767 -3.001631 -3.003597
-3.051941 -2.972147 -2.966213 -3.06229 -2.998996
-2.968786 -3.030844 -2.9609 -3.038447 -3.077934
-2.974113 -2.995761 -2.988772 -3.035185 -3.02836
-2.886415 -2.983477 -2.964034 -3.012162 -2.968885
-3.030915 -2.899241 -2.995737 -3.040837 -3.036481
-3.026972 -2.97911 -2.991973 -3.074665 -3.017816
-3.093098 -3.069754 -3.037004 -3.035959 -3.042746
-3.027405 -3.013884 -3.014579 -3.042984 -3.026784
-3.093084 -3.015093 -3.023302 -3.04779 -3.020617
-2.952723 -3.014168 -3.053195 -3.069244 -3.037225
-3.084825 -2.934566 -3.081478 -2.916332 -3.000078
-3.071933 -3.015669 -3.064503 -3.065869 -3.042655
-2.999322 -2.992299 -2.973421 -2.990256 -3.012479
-3.008775 -2.9946 -3.025093 -3.031992 -3.013312
-3.075636
