-2.828177 -3.015839 -2.940046 -3.056514 -2.83561
-2.899885 -2.915345 -2.858042 -3.151033 -3.030346
-2.863319 -2.926976 -2.937274 -2.920447 -3.075612
-2.824735 -3.094531 -2.899264 -3.042232 -2.848386
-2.969692 -2.902862 -2.890074 -2.95011 -2.979183
-2.948243 -2.979664 -2.966743 -2.895081 -2.91104
-2.974556 -2.955361 -2.9043 -2.92992 -2.984041
-2.897714 -2.988696 -2.863644 -2.933833 -2.830598
-3.018832 -2.900481 -2.873968 -2.937821 -2.83323
-3.023952 -2.993308 -2.86719 -2.793165 -2.986966
-2.986239 -2.893957 -3.077735 -3.060941 -3.055952
-3.040241 -2.942399 -3.079299 -2.953092 -2.942633
-2.765229 -3.012017 -2.917678 -3.017785 -2.851792
-2.873213 -2.78355 -2.947137 -2.878022 -3.153362
-2.933213 -2.878536 -2.924123 -2.94175 -2.935753
-2.934983 -2.939442 -2.85905 -2.908644 -3.049134
-3.003472 -2.874136 -2.817882 -2.81938 -3.059396
-2.950607 -2.892035 -3.007834 -3.057691 -2.902262
-2.901968 -3.067025 -2.968104 -2.911015 -2.872794
-2.883734 -3.043023 -2.952326 -2.944341 -2.951429
-2.799377 -2.904432 -2.92041 -2.825773 -2.961949
-3.072881 -2.830456 -2.854626 -3.185799 -2.802286
-2.861302 -2.89922 -2.827706 -2.867665 -2.94277
-2.872377 -3.123333 -2.852723 -2.978767 -2.929794
-2.852027 -3.050216 -2.924707 -2.935882 -2.942183
-3.015271 -2.979915 -2.9327 -2.81153 -3.03486
-2.90461 -2.907252 -2.87422 -2.712604 -3.02167
-2.894146 -2.949146 -3.342709 -2.892885 -2.824148
-2.881077 -2.898871 -3.023083 -2.893972 -2.936321
-2.970907 -2.716038 -2.804063 -2.954137 -2.991688
-2.88549 -2.915715 -2.943673 -2.899337 -2.95471
-2.922024 -2.800097 -2.965412 -2.938329 -2.80249
-2.9733 -2.915912 -2.938703 -2.806197 -2.901631
-2.913619 -2.872591 -3.07112 -2.912805 -2.983792
-2.814719 -2.801097 -3.077409 -2.860751 -3.049408
-2.952348 -2.864419 -2.836116 -2.919484 -2.870237
-3.159896 -2.904865 -2.927225 -2.850257 -2.977936
-2.991529 -3.126788 -2.761017 -3.009927 -2.900255
-2.842521 -2.913443 -2.884367 -3.060002 -2.793897
-2.884888 -2.932103 -2.859277 -3.049392 -2.83639
-3.034138
