-3.006429 -3.04636 -3.037268 -3.019436 -3.014353
-3.010183 -2.993005 -3.042687 -2.983133 -2.880245
-3.019235 -3.035083 -3.069649 -3.042747 -3.063865
-3.05094 -3.018889 -3.009024 -3.018527 -3.012028
-3.030258 -3.041467 -3.021321 -3.047565 -3.000842
-2.987444 -3.014409 -3.018583 -2.863116 -2.975444
-2.964459 -3.020816 -3.019285 -2.954076 -2.957601
-3.033058 -3.021129 -2.996767 -3.037722 -2.979518
-3.050419 -3.026025 -2.891194 -2.863134 -3.008371
-2.908472 -2.903263 -2.887343 -3.028188 -2.90411
-3.039352 -3.024213 -2.960658 -2.99595 -3.035662
-3.028608 -3.00916 -3.072907 -3.047098 -2.937441
-2.924566 -3.020358 -3.005099 -2.977476 -2.986842
-3.054369 -3.043608 -2.998043 -3.029105 -3.057401
-3.041207 -3.035624 -2.988282 -2.983455 -3.031113
-3.051634 -3.007729 -2.984755 -3.032192 -2.995166
-3.00189 -3.035893 -3.021143 -2.990564 -2.919139
-3.031881 -2.960098 -2.981955 -3.047936 -3.003908
-3.032331 -2.984257 -3.017173 -3.005453 -3.017924
-3.008487 -3.074612 -3.028124 -3.054166 -2.927841
-3.043629 -3.016921 -2.996064 -2.985701 -3.062287
-3.035599 -3.054467 -2.001762 -2.937425 -3.074397
-3.072388 -3.033768 -3.010642 -3.003664 -2.988417
-3.013201 -2.981501 -2.987987 -3.017335 -2.992766
-3.070328 -3.001193 -2.869617 -2.995364 -2.877232
-2.990746 -3.071865 -2.857514 -3.032988 -3.041795
-3.026595 -3.017479 -2.997483 -3.00657 -3.017234
-2.980582 -2.999731 -3.050619 -3.02044 -3.027327
-2.967047 -3.040385 -3.023277 -3.002955 -3.044793
-3.041862 -3.027205 -3.033547 -3.011654 -3.023085
-3.015395 -3.02144 -3.064914 -2.98999 -2.913039
-2.998149 -3.001621 -3.017049 -2.93262 -3.038111
-3.015619 -3.025439 -3.03165 -2.996342 -3.027712
-2.978522 -2.836467 -2.996853 -3.031452 -3.009959
-3.004438 -3.002965 -3.000289 -3.020459 -2.975295
-3.005571 -2.996297 -3.059079 -3.000311 -2.89789
-3.046333 -2.904175 -2.772643 -3.050656 -3.022655
-2.995073 -3.034038 -2.993875 -2.916594 -3.029832
-3.030335 -3.022727 -2.994943 -2.990552 -3.028643
-2.990038 -3.048984 -3.026179 -3.017438 -3.054488
-2.970864
