-2.856954 -2.890481 -2.845728 -2.788717 -3.064896
-2.884428 -2.979204 -3.032233 -3.116084 -3.157617
-2.841406 -2.850415 -3.111258 -3.051821 -3.013381
-2.782307 -2.922654 -2.897249 -2.863659 -3.06107
-2.938204 -2.804053 -2.927486 -3.179191 -2.892133
-2.860075 -2.814115 -2.906736 -2.817558 -3.02934
-2.801796 -2.915785 -3.127031 -2.816641 -3.084817
-2.769317 -2.783715 -3.017698 -3.010317 -2.757223
-2.89954 -2.873106 -2.95188 -2.805982 -2.856898
-2.8406 -2.978611 -2.951061 -3.062179 -3.015418
-2.941676 -2.845836 -2.76951 -2.805689 -2.869881
-2.946458 -2.932186 -2.943259 -2.923904 -2.882015
-3.127641 -2.953799 -2.99482 -2.811014 -3.013941
-2.835966 -3.027234 -2.85286 -3.097825 -2.916648
-3.006689 -3.069246 -2.973923 -2.865589 -2.926234
-2.860026 -2.913219 -2.91506 -2.809171 -3.013381
-2.94198 -3.023344 -2.98818 -2.855491 -2.954797
-2.984656 -2.954915 -2.922607 -2.807337 -2.877155
-2.790833 -2.897082 -2.868668 -2.85007 -3.016787
-3.004122 -2.950516 -2.884401 -2.902461 -2.720911
-2.884861 -3.004313 -2.904142 -2.808156 -2.898214
-3.088259 -2.994139 -2.928706 -2.828558 -3.011774
-3.000455 -2.905405 -2.946441 -2.762745 -2.802441
-2.986754 -2.919456 -2.925833 -2.899199 -2.995432
-2.932122 -2.989093 -2.955126 -2.947432 -2.912914
-3.039897 -2.854147 -2.924495 -3.109177 -2.998599
-2.999808 -3.175136 -2.901273 -3.020538 -2.903651
-2.866409 -2.914477 -2.869334 -2.983211 -3.022084
-3.084848 -3.046656 -2.898529 -2.930235 -3.069154
-2.928 -2.992466 -2.948453 -2.88647 -3.045991
-2.887864 -2.876076 -2.92369 -2.847512 -3.003097
-2.937128 -2.861202 -2.869382 -2.716389 -2.875931
-2.960383 -2.829571 -2.948072 -3.046421 -2.951333
-2.907205 -2.930667 -2.898966 -2.858703 -3.059257
-3.017845 -2.927196 -2.873454 -2.773666 -2.869218
-2.884244 -3.005634 -2.846807 -2.871982 -2.761823
-2.862552 -2.760946 -2.788281 -2.88865 -2.967991
-2.869958 -2.685665 -2.908184 -2.959348 -2.958818
-3.012021 -2.934844 -3.059598 -3.043293 -2.986665
-2.826621 -3.024076 -2.926213 -3.084961 -2.887115
-3.003674
