-2.924397 -2.918222 -2.910035 -2.950462 -2.929693
-2.913049 -2.940999 -2.946179 -2.96578 -2.933958
-2.933245 -2.9392 -2.949874 -2.948758 -2.944882
-2.797052 -2.944458 -2.920076 -2.946962 -2.973508
-2.937712 -2.95895 -2.932477 -2.909969 -2.924559
-2.934975 -2.917305 -2.930678 -2.919124 -2.906559
-2.938864 -2.931615 -2.933609 -2.912778 -2.903408
-2.794321 -2.894838 -2.931808 -2.895718 -2.905271
-2.920668 -2.913337 -2.967176 -2.909659 -2.939715
-2.932714 -2.941922 -2.953801 -2.944871 -2.901726
-2.934093 -2.916849 -2.91758 -2.92682 -2.930041
-2.913296 -2.940643 -2.937539 -2.950948 -1.924698
-2.934814 -2.924827 -2.932938 -2.896421 -2.947438
-2.905577 -2.912107 -2.908664 -2.915228 -2.905814
-2.943847 -2.948614 -2.915939 -2.915243 -2.922461
-2.940515 -2.938992 -2.949226 -2.938019 -2.928617
-2.939645 -2.942764 -2.963518 -2.920141 -2.935187
-2.914853 -2.936223 -2.934783 -2.93426 -2.960111
-2.941147 -2.935403 -2.921239 -2.958585 -2.918456
-2.928883 -2.944231 -2.97389 -2.9377 -2.926549
-2.952783 -2.927876 -2.936345 -2.94706 -2.927056
-2.924185 -2.938273 -2.958437 -2.939347 -2.934641
-2.91088 -2.931479 -2.925159 -2.959975 -2.927959
-2.93861 -2.942541 -2.816656 -2.939043 -2.949731
-2.915833 -2.930096 -2.899606 -2.952568 -2.950003
-2.952381 -2.922854 -2.890995 -2.909896 -2.95477
-2.90359 -2.912318 -2.965257 -2.925535 -2.941006
-2.929613 -2.931509 -2.932877 -2.916775 -2.942011
-2.948713 -2.954426 -2.923444 -2.91574 -2.914027
-2.949134 -2.926907 -2.960758 -2.927455 -2.947321
-2.920213 -2.933679 -2.886301 -2.951151 -2.927327
-2.941593 -2.919608 -2.943176 -2.92106 -2.792419
-2.946082 -2.921415 -2.929585 -2.913584 -2.92737
-1.930613 -2.939383 -2.924035 -2.924477 -2.945847
-2.955635 -2.944192 -2.919314 -2.940642 -2.923811
-2.908121 -2.920641 -2.903351 -2.922818 -2.909852
-2.852446 -2.918898 -2.951426 -2.93158 -2.940192
-2.904216 -2.906403 -2.917566 -2.915362 -2.933659
-2.940658 -2.9023 -2.912736 -2.917544 -2.922955
-2.920053 -2.912626 -2.936087 -2.932906 -2.923489
-2.90366
