-2.971583 -2.993621 -2.969328 -2.972527 -2.938973
-2.968606 -2.843708 -2.963454 -3.012621 -2.990373
-2.962911 -2.97038 -3.008631 -3.001603 -2.9111
-2.98545 -3.01348 -3.004742 -2.961976 -2.966912
-3.015676 -2.981119 -3.00593 -2.984788 -2.969812
-3.003219 -2.991418 -2.956662 -3.011888 -2.979497
-3.005406 -2.96325 -3.010297 -2.985678 -2.989372
-3.006149 -2.99946 -2.930775 -2.969483 -2.943715
-2.964658 -2.986679 -2.911943 -3.034408 -2.981878
-2.966065 -2.951742 -2.966113 -2.967656 -2.968835
-3.002005 -2.967193 -2.949971 -2.959042 -2.964062
-2.996557 -2.979485 -2.968592 -2.999619 -2.986022
-2.947116 -2.928387 -2.994747 -2.992209 -2.966138
-2.995471 -2.952214 -2.983264 -2.975581 -2.975672
-2.967865 -2.950318 -2.914643 -2.957899 -2.970975
-2.990416 -2.990816 -2.970099 -3.034354 -3.01884
-2.983229 -2.978525 -2.829018 -2.994643 -2.998737
-3.023136 -2.983331 -3.022484 -2.972126 -2.008132
-3.003583 -2.978754 -2.970323 -2.974685 -2.964184
-2.97169 -2.941626 -2.962353 -2.996148 -2.977682
-2.830858 -2.966885 -2.936318 -2.959963 -2.976067
-2.964668 -2.989073 -3.048677 -2.98476 -2.95235
-3.017878 -3.011194 -2.989668 -3.002819 -2.871014
-2.94986 -2.974881 -2.839921 -2.987927 -2.951611
-2.967755 -3.001158 -2.971171 -2.969482 -3.032382
-2.988973 -2.957524 -2.95941 -2.962928 -2.966587
-2.961946 -2.957145 -2.96195 -2.978521 -2.844576
-2.950823 -2.941433 -2.982204 -2.988152 -2.967341
-3.028649 -2.94555 -2.96457 -2.993733 -3.016708
-2.957351 -3.011477 -2.940771 -2.969163 -2.998538
-2.970559 -2.962343 -2.966413 -2.975234 -3.027716
-3.00548 -2.962011 -2.98211 -2.920132 -2.969467
-2.974917 -3 -3.004606 -2.951789 -2.877913
-3.009534 -2.956749 -2.939003 -2.990761 -2.975618
-2.977081 -2.99186 -2.955232 -2.959628 -2.977766
-2.903828 -2.975545 -3.013528 -2.981466 -2.986715
-3.023419 -3.019346 -2.969509 -2.968727 -2.915517
-3.042109 -2.922567 -2.954924 -2.971376 -2.984811
-2.860248 -2.985902 -2.978229 -2.937975 -2.800349
-2.963234 -3.020251 -2.992471 -2.973668 -3.06701
-2.993399
