-2.984668 -2.953503 -2.945309 -2.566144 -2.668093
-2.383759 -2.929961 -2.674519 -2.774192 -2.371136
-2.588131 -2.869009 -2.432857 -2.856576 -2.248876
-2.545272 -2.966833 -2.801141 -2.926989 -2.495121
-2.776685 -2.962603 -2.924366 -2.34854 -2.758234
-2.459645 -2.254268 -2.425304 -2.6149 -2.509409
-2.613464 -2.510419 -2.987262 -2.346522 -2.870559
-2.357366 -2.492718 -2.509891 -2.598037 -2.519708
-2.230481 -2.92631 -2.992171 -2.976509 -3.011253
-2.996624 -2.887484 -2.848151 -2.900071 -2.629262
-2.216488 -2.575455 -2.952083 -2.444286 -2.968148
-2.640415 -2.922524 -2.547057 -2.316097 -2.522092
-2.542596 -2.676477 -2.552197 -2.385002 -2.438051
-2.665515 -2.692316 -2.869833 -2.628154 -2.236434
-2.809283 -2.286732 -2.277017 -2.506898 -2.72769
-2.627226 -2.998213 -2.500367 -2.88116 -2.71147
-2.986465 -2.952008 -2.610455 -2.852898 -2.898306
-2.939399 -2.859989 -2.836825 -2.716738 -2.321242
-2.572421 -2.703498 -2.373805 -2.22732 -2.493758
-2.487679 -2.811702 -2.997461 -2.78841 -2.796825
-2.456955 -2.337674 -2.296203 -2.493513 -2.563322
-2.865289 -2.26346 -2.516473 -2.401509 -2.746031
-2.968297 -2.496115 -2.927059 -2.504338 -2.958578
-2.974252 -2.713273 -2.93375 -2.363491 -2.763585
-2.763267 -2.642214 -2.574421 -2.482622 -2.537264
-2.851654 -2.474779 -2.685937 -2.871975 -2.423739
-2.420355 -3.011083 -2.636402 -3.033622 -2.399164
-2.923645 -2.901219 -2.727014 -2.882915 -2.999155
-2.976091 -2.827493 -2.611599 -2.518256 -2.652853
-2.308663 -2.933855 -2.460544 -2.626384 -2.820957
-2.99164 -3.011146 -2.442284 -2.296946 -2.51355
-2.974279 -2.897167 -2.541134 -2.839759 -2.506764
-2.852372 -2.956471 -2.369902 -2.873145 -2.615891
-2.657225 -2.903495 -2.604678 -2.909136 -2.579813
-2.827737 -2.954236 -2.808795 -2.721397 -2.420748
-2.612159 -2.320636 -2.469302 -2.855812 -2.785274
-2.92537 -2.222277 -2.910883 -2.49075 -2.246585
-2.550408 -2.972525 -2.80182 -2.368879 -2.634134
-2.266094 -2.92777 -2.91709 -2.634297 -2.892359
-2.974888 -2.576995 -2.509537 -2.525853 -2.445222
-2.840313
