-3.01333 -18.96004 -2.912798 -3.028063 -3.004798
-3.059144 -2.91585 -3.002427 -3.050321 -3.064301
-3.037557 -3.027414 -3.01737 -3.034138 -3.036574
-2.99834 -3.062862 -3.026967 -3.068339 -3.003678
-3.046387 -3.078574 -2.995481 -2.975711 -3.067239
-2.977912 -3.096282 -2.998622 -3.054753 -3.040009
-3.018266 -3.025056 -2.867168 -3.029633 -3.057775
-3.068589 -3.05563 -3.018965 -3.06176 -2.84011
-3.048536 -3.009687 -3.03186 -3.046581 -3.062012
-3.030532 -3.046859 -3.028351 -3.070664 -3.058644
-3.013339 -3.096898 -3.027327 -3.044772 -2.990733
-2.931555 -2.984835 -2.98342 -3.042896 -3.030915
-3.088993 -2.957177 -3.035372 -3.03232 -3.030135
-3.021522 -3.089808 -3.032633 -2.900256 -3.019832
-3.047881 -3.00795 -2.938607 -3.024819 -2.992125
-2.970859 -2.997297 -2.912724 -2.960083 -3.044045
-2.994024 -3.057651 -3.0383 -3.009194 -3.050779
-2.788252 -3.027601 -3.07407 -2.982624 -3.059425
-3.075811 -3.045584 -2.927057 -3.024865 -3.042108
-3.052765 -3.012249 -3.02337 -2.994713 -3.069117
-3.037204 -3.00608 -3.031731 -2.978524 -3.099217
-2.92333 -3.028215 -3.025937 -2.998258 -3.043559
-3.012993 -2.998069 -3.057054 -3.055997 -3.080612
-3.020872 -2.983857 -3.114756 -3.067275 -3.115752
-2.968076 -3.028153 -2.938873 -3.04338 -2.988795
-3.032639 -2.953563 -3.021365 -3.057987 -3.078182
-2.889883 -3.133494 -3.061982 -3.007422 -3.022335
-3.049046 -2.999238 -3.052638 -3.02241 -2.900307
-2.918582 -2.956958 -2.978641 -2.995526 -3.048642
-3.06051 -3.04276 -2.983409 -3.08676 -3.005939
-2.97172 -3.033792 -3.078045 -3.015449 -2.988337
-2.995756 -3.021834 -3.050415 -3.005173 -3.058196
-3.029237 -3.000544 -3.066096 -3.01465 -3.034981
-2.857839 -3.024611 -3.005685 -3.030417 -2.845884
-3.119814 -3.030868 -3.05428 -3.059121 -3.02592
-3.028449 -3.074933 -3.026615 -3.039836 -3.02979
-3.078157 -3.059936 -2.989808 -3.016061 -3.040436
-3.00029 -3.041187 -3.046421 -3.028454 -3.013549
-3.048541 -2.717877 -2.981559 -3.096099 -2.021668
-2.989701 -3.122414 -3.043558 -2.836495 -2.931214
-3.040542
