-2.995128 -3.017124 -3.009699 -3.036429 -3.014301
-2.976935 -2.988387 -3.070649 -3.022478 -3.045727
-2.931628 -3.022781 -3.042228 -2.949148 -3.070008
-3.052159 -3.046292 -2.999908 -3.065687 -3.023519
-3.034277 -3.035826 -3.04743 -3.019602 -3.049882
-2.990645 -2.963211 -2.933763 -3.049863 -3.032645
-3.049281 -3.007356 -3.015256 -3.012967 -2.980579
-3.012494 -2.98736 -2.878038 -3.032485 -3.036712
-3.088058 -2.996984 -3.066275 -3.032742 -3.002444
-3.03342 -3.009698 -3.031401 -3.097763 -3.045689
-3.10439 -3.065703 -3.045338 -2.997932 -3.011395
-2.867255 -3.081325 -2.974474 -3.002841 -3.000546
-3.065648 -3.04346 -3.084247 -3.058791 -3.016758
-2.976202 -3.03893 -3.017486 -3.043419 -3.054669
-3.072291 -3.010014 -3.015031 -2.943686 -3.094587
-3.0029 -3.023994 -2.988006 -3.060082 -3.021301
-3.023449 -3.057573 -3.063609 -3.09675 -3.049481
-3.046394 -2.88153 -3.064307 -3.025244 -3.036251
-3.056981 -3.025042 -3.066276 -2.861025 -3.026866
-3.026648 -2.996948 -2.918123 -2.980686 -3.007348
-3.061404 -3.060126 -2.894955 -2.982847 -3.037685
-3.042786 -2.927425 -3.025368 -3.047581 -2.989237
-3.001063 -3.025736 -3.042496 -3.003885 -3.09595
-3.052698 -3.069439 -3.013263 -2.916602 -3.006531
-3.01292 -2.999453 -3.024284 -2.983952 -3.010805
-3.08243 -3.021498 -3.068391 -3.065869 -2.981331
-3.036374 -1.989741 -3.043708 -2.928272 -3.037794
-3.049406 -3.019097 -3.026804 -3.05011 -3.019348
-3.022951 -3.05172 -3.041574 -3.067733 -3.025971
-2.981545 -3.093798 -3.021645 -3.042967 -3.020188
-3.038103 -3.000148 -3.085757 -2.736289 -1.993477
-3.003005 -3.035256 -3.00193 -3.014622 -2.922412
-3.041049 -2.918899 -2.945098 -2.985504 -3.028408
-2.987609 -3.045486 -3.025187 -2.973832 -3.047593
-3.001958 -3.015822 -3.056406 -3.058394 -3.069352
-3.01658 -3.001494 -3.078707 -3.030798 -3.067337
-3.101119 -2.991002 -3.005425 -2.96773 -2.938201
-3.02442 -3.021229 -2.76053 -3.085484 -2.9647
-3.037297 -3.025693 -3.059069 -2.945592 -2.954494
-2.880658 -3.032298 -2.994 -2.994742 -3.037103
-3.046757
