-2.952118 -2.946929 -2.8728 -2.908796 -2.932367
-2.953054 -2.984606 -2.956196 -2.901592 -2.970442
-2.928309 -2.9208 -2.970399 -2.968129 -2.97444
-2.917461 -2.974408 -2.954595 -2.964223 -2.991982
-2.955797 -2.950222 -2.92386 -2.9231 -2.986206
-2.982773 -2.952474 -2.973508 -2.953422 -2.964754
-2.9583 -2.975622 -2.964085 -2.943 -2.976173
-2.963278 -2.957304 -2.928297 -2.951958 -2.952332
-2.954945 -2.98371 -2.9706 -2.982233 -2.92574
-2.8281 -2.962876 -2.965574 -2.984592 -2.95935
-2.951541 -2.970656 -2.984851 -2.990798 -2.960559
-2.976922 -2.992556 -2.972008 -2.956095 -2.95774
-2.962945 -2.967551 -2.980139 -2.941332 -2.983922
-2.93589 -2.982778 -2.986025 -2.948697 -2.922423
-2.968171 -1.981153 -2.959519 -2.974344 -2.965757
-2.944292 -2.960555 -2.974549 -2.957695 -2.932059
-2.96992 -2.965457 -2.939876 -2.974695 -2.959243
-2.954973 -2.958786 -2.962136 -2.946521 -2.959679
-2.962943 -2.988431 -2.980661 -2.961666 -2.955753
-2.954523 -2.951117 -2.939252 -2.968943 -2.976261
-2.966538 -2.994164 -2.949549 -2.837583 -2.906049
-2.977395 -3.015452 -2.96094 -2.964325 -2.94661
-3.000397 -2.97594 -2.952374 -2.95298 -2.968523
-2.956709 -2.92202 -2.966973 -2.841229 -2.976663
-2.93729 -2.964545 -2.908132 -2.952931 -2.957219
-2.988237 -2.993946 -2.931018 -3.007648 -2.943255
-2.969514 -2.949728 -2.94145 -2.965204 -2.993722
-2.986177 -2.991565 -2.978609 -2.825497 -2.945378
-2.96083 -1.972385 -2.941367 -2.959294 -2.975905
-2.993031 -2.96254 -2.974865 -2.958763 -2.824348
-2.824569 -2.972801 -2.958156 -2.997549 -2.962224
-2.974886 -2.972733 -2.934528 -2.971546 -2.935222
-2.967148 -2.961616 -2.982264 -2.960878 -2.938535
-2.939846 -2.959695 -2.965172 -2.962387 -2.970585
-2.95229 -2.987103 -2.9559 -2.976332 -2.965723
-2.951504 -2.920385 -2.817472 -2.93491 -2.955054
-2.955676 -2.965438 -2.948132 -2.938258 -2.953237
-2.9734 -2.957271 -2.989505 -2.982261 -2.940361
-2.995873 -2.969174 -2.952938 -2.978567 -2.950881
-2.958739 -2.998795 -2.974731 -2.968305 -2.976671
-2.958088
