-3.018568 -3.08285 -2.941766 -2.97753 -3.038142
-3.010538 -3.110674 -3.010325 -3.063657 -2.855325
-3.077699 -3.031777 -2.985575 -3.062849 -3.037479
-3.026152 -3.028408 -3.077898 -3.053551 -3.029157
-3.057022 -3.005702 -3.019806 -3.017381 -2.933236
-3.015901 -2.967004 -3.035074 -3.047452 -3.042624
-3.031669 -3.057884 -3.016166 -3.063572 -2.994871
-3.047826 -3.036575 -3.040725 -3.049188 -2.987676
-2.987585 -3.026679 -2.983884 -2.983253 -3.099062
-3.059059 -3.073785 -3.03679 -3.048375 -3.064275
-3.052815 -3.03943 -3.041589 -3.004953 -2.88148
-3.028627 -3.010808 -3.056013 -3.019535 -3.064695
-2.761508 -2.949373 -2.998512 -3.015284 -3.035477
-3.087609 -2.994198 -3.041321 -3.051527 -3.016055
-3.044081 -3.044679 -3.008367 -3.063013 -3.065234
-3.049719 -3.011863 -3.004715 -2.974821 -3.014372
-3.023645 -3.051365 -3.030907 -3.037517 -2.99631
-2.977007 -3.01217 -3.037895 -3.007447 -3.009201
-3.019219 -2.976495 -3.020535 -2.990127 -3.037337
-3.003562 -3.00603 -3.041353 -3.041948 -2.977522
-3.049354 -3.075052 -3.024408 -2.96752 -3.023372
-3.022231 -3.036677 -3.078456 -2.989405 -3.04423
-3.060785 -3.039876 -3.06104 -3.0557 -3.045933
-3.052288 -3.009238 -3.070541 -3.054803 -3.01268
-3.03847 -3.049343 -3.04428 -3.016808 -3.084194
-3.030724 -3.047918 -2.986767 -3.071073 -3.0187
-3.041977 -3.041041 -3.034531 -3.050765 -3.098948
-2.994326 -3.073698 -3.048859 -2.999909 -3.056108
-2.181755 -3.032038 -3.03862 -3.026803 -3.050738
-3.004819 -3.056021 -3.006173 -3.063453 -3.029503
-3.028274 -2.978832 -3.032774 -3.034219 -3.032077
-2.971735 -3.02106 -3.07005 -2.971343 -3.072757
-2.892996 -3.04486 -3.022017 -3.016513 -2.95217
-3.063508 -2.993355 -3.053379 -2.911976 -2.950171
-3.089579 -3.075084 -3.016411 -3.057941 -2.975136
-3.006148 -3.024662 -3.059935 -2.932768 -2.985852
-3.030136 -3.04066 -3.013501 -3.043133 -3.014892
-3.019698 -3.056348 -3.082478 -2.895325 -2.023902
-3.027399 -3.008692 -3.051789 -2.939069 -3.053889
-3.04406 -3.024012 -3.036497 -3.011597 -3.008993
-3.059888
