-2.958265 -2.956457 -2.953047 -2.991425 -2.964587
-2.936891 -2.931058 -2.943281 -2.972347 -2.936205
-2.966264 -2.951467 -2.98437 -2.90755 -2.932834
-2.963149 -2.924027 -2.937755 -2.951793 -2.994519
-2.928207 -2.978095 -2.949991 -2.967092 -2.948326
-2.99899 -2.955226 -2.893869 -2.977282 -3.015002
-2.996271 -2.958644 -2.970999 -2.916624 -2.974187
-2.955789 -2.972255 -3.004932 -2.965982 -2.934266
-2.987585 -2.947861 -2.965484 -2.920372 -2.958673
-2.934854 -3.011677 -2.843518 -2.96715 -2.987184
-2.921695 -2.956486 -2.950447 -2.938444 -2.852764
-3.00662 -3.004202 -2.954803 -2.917745 -2.055838
-3.004811 -2.952756 -2.944882 -2.980085 -2.956254
-2.981407 -2.937425 -2.939234 -2.939712 -2.964107
-2.969965 -2.927203 -2.905597 -2.932805 -2.958883
-2.946164 -3.027423 -2.960594 -2.96023 -2.926084
-2.985689 -2.99974 -2.989772 -3.022811 -2.993513
-2.96704 -2.974613 -2.966795 -2.955832 -2.889583
-2.960938 -2.982928 -2.934068 -2.946388 -2.945136
-2.953962 -2.97927 -2.921965 -2.959788 -2.982139
-2.96898 -2.947314 -2.848514 -2.948919 -2.967439
-2.954662 -2.950772 -2.957063 -3.006507 -2.950804
-3.029681 -2.977682 -2.990036 -3.015797 -2.948869
-2.981345 -2.993634 -2.938311 -2.941324 -2.965476
-2.95651 -2.954599 -2.954671 -2.987963 -2.823269
-2.966019 -2.952625 -2.903813 -2.993636 -2.982756
-2.997953 -2.943824 -2.986184 -2.941113 -2.97616
-2.900817 -2.985815 -2.96786 -2.986741 -2.96527
-2.952617 -2.972079 -2.927389 -2.975452 -2.961025
-3.001197 -2.963358 -2.947461 -3.024481 -2.906764
-2.956705 -2.929539 -2.974001 -2.947048 -2.992817
-2.964757 -2.989192 -2.944934 -2.958475 -2.994755
-2.980933 -2.960135 -2.942677 -2.968891 -2.950673
-2.965718 -2.95026 -2.990735 -2.995031 -2.941792
-2.968284 -2.93956 -2.972772 -2.962904 -2.960185
-2.973926 -2.965668 -2.991776 -2.928914 -2.950432
-2.914257 -2.90906 -2.874477 -2.947113 -2.904364
-2.951369 -2.161735 -2.945074 -2.960724 -2.944798
-2.945611 -2.984775 -2.971038 -3.00927 -2.974649
-2.935944 -2.98822 -2.924877 -2.955308 -2.9457
-2.935839
