-2.956585 -2.956759 -3.001211 -2.953805 -2.94846
-2.999804 -3.012152 -2.964631 -2.961654 -3.010553
-2.875709 -2.993965 -2.986326 -2.984004 -2.998408
-2.988166 -2.953213 -2.9846 -2.95681 -2.98229
-2.861621 -2.980959 -2.97782 -2.997702 -2.943076
-2.976114 -2.919152 -2.942394 -2.943135 -2.977705
-2.97317 -2.985761 -3.006644 -2.919863 -2.964473
-2.962805 -2.948638 -2.940717 -2.946888 -2.969708
-2.957412 -3.002898 -2.877137 -2.956859 -2.997193
-2.9289 -2.985567 -2.960929 -2.980822 -2.972801
-2.940019 -3.005948 -3.04376 -2.954033 -2.968821
-3.033199 -2.950388 -2.98275 -2.945059 -2.020145
-2.994749 -2.980899 -2.993978 -2.97695 -3.004577
-2.976797 -2.984281 -2.854256 -2.999861 -2.970222
-2.985464 -2.941746 -2.975667 -2.981671 -2.933423
-2.996153 -2.99358 -3.003317 -2.939127 -2.956359
-2.958759 -2.682864 -2.963318 -2.986841 -3.013925
-2.954811 -2.965865 -2.965204 -2.944063 -2.96031
-2.988779 -2.955607 -2.94894 -2.920904 -2.994972
-2.94322 -2.957489 -2.973529 -3.016506 -2.966111
-3.040617 -3.000312 -2.951323 -3.010075 -3.047909
-2.937707 -2.972156 -2.822453 -3.001354 -2.93284
-3.007744 -2.983362 -2.9757 -2.892537 -2.976522
-2.975867 -3.028528 -2.963465 -2.874278 -2.905438
-2.943645 -2.987351 -2.996794 -2.942571 -2.986211
-2.967516 -2.962724 -2.950137 -2.954316 -2.951581
-2.976954 -2.972598 -2.940294 -2.975217 -2.981957
-2.976261 -2.984024 -2.964589 -2.989189 -2.993867
-2.960599 -2.834738 -2.982222 -2.981233 -2.980451
-2.963277 -2.967047 -2.985628 -3.000311 -2.952874
-2.954719 -2.950121 -2.97315 -3.02754 -3.005591
-2.955361 -3.017284 -2.953051 -2.973881 -2.989907
-2.991619 -2.983104 -3.025665 -2.951612 -2.976523
-2.973623 -2.719501 -2.998403 -2.978282 -2.983404
-2.965112 -3.013508 -2.944469 -2.976204 -2.96139
-2.923027 -2.957708 -2.83679 -2.988829 -2.982898
-2.987479 -2.98674 -2.961994 -3.036992 -2.946084
-2.954434 -2.98232 -2.957091 -2.986797 -2.867505
-3.021478 -2.96886 -2.994269 -2.976161 -2.934812
-2.992646 -2.96495 -2.982699 -2.987426 -2.916014
-2.979809
