-2.801674 -3.138436 -2.780112 -3.028441 -2.933559
-2.782128 -2.782466 -2.961067 -2.937736 -2.82405
-2.863119 -2.95154 -2.94184 -3.053664 -3.018355
-2.846612 -2.804567 -2.808491 -2.951719 -2.919506
-2.901491 -2.945361 -2.760137 -2.991355 -3.121856
-3.113892 -3.031341 -3.101416 -3.035929 -2.965591
-2.893799 -2.932974 -3.047008 -2.990577 -2.989923
-2.769984 -2.888836 -2.95315 -2.895777 -2.929193
-2.90994 -2.993392 -3.004004 -3.082521 -2.959117
-3.063606 -2.911997 -3.087167 -2.86608 -2.96889
-2.939268 -2.967257 -2.822296 -3.067662 -2.98279
-2.909579 -3.201029 -2.924986 -3.016959 -2.961778
-2.934409 -2.767747 -3.131363 -2.85526 -3.10271
-2.995957 -2.901563 -2.803017 -2.876198 -2.822617
-2.921071 -2.924487 -2.873552 -2.837036 -2.919933
-2.935796 -2.942915 -2.869723 -2.868982 -3.028576
-2.928806 -2.912728 -2.881235 -3.055813 -2.907973
-2.966012 -3.094189 -3.019222 -2.912559 -3.028871
-2.801769 -2.880996 -3.071265 -2.950535 -2.838122
-3.045727 -2.970501 -2.956997 -3.109898 -2.867559
-2.924047 -2.922366 -2.844942 -3.045027 -2.875959
-3.010994 -2.946291 -2.91729 -2.776657 -3.108591
-3.008038 -3.010081 -2.952917 -3.023594 -2.996357
-2.982546 -2.902663 -2.929399 -2.872976 -2.964296
-2.942821 -2.978493 -3.018028 -2.834604 -3.046512
-2.966087 -2.863792 -2.896857 -2.986879 -2.925579
-2.965725 -2.860561 -2.97313 -2.863046 -2.962892
-2.811159 -2.957497 -2.75717 -3.078798 -2.948481
-3.089686 -3.112382 -2.944799 -3.051176 -3.03171
-2.913303 -2.91495 -2.965985 -2.975206 -3.071301
-3.058153 -2.918684 -2.83181 -2.915812 -2.748821
-2.908689 -2.935401 -2.945267 -2.860472 -2.831572
-2.983898 -2.838663 -2.900996 -2.860377 -3.040965
-2.919502 -2.932003 -2.88356 -3.118547 -2.999778
-2.923602 -2.889097 -2.982664 -2.919096 -2.934802
-3.019806 -2.97976 -2.896266 -2.949437 -2.801836
-2.888712 -3.008341 -2.838461 -3.010049 -2.841998
-2.96861 -2.912854 -2.881599 -3.008514 -2.866295
-2.955111 -2.97092 -2.785917 -2.920614 -3.056415
-3.02481 -3.015924 -2.998341 -2.954719 -2.905802
-2.953378
