-2.974576 -2.996526 -2.975922 -2.980775 -2.984913
-2.950738 -2.852978 -2.97378 -2.980569 -3.015339
-2.997878 -2.995728 -2.936782 -2.963677 -3.031367
-2.978605 -2.998395 -2.993234 -2.958859 -2.948811
-2.982749 -2.990396 -2.976579 -3.010313 -2.969383
-3.011168 -2.958231 -2.975631 -3.00678 -2.965749
-2.849734 -3.015903 -2.990016 -2.971417 -2.997528
-2.965823 -2.857366 -3.021946 -3.026579 -2.99081
-2.974889 -2.996788 -2.979147 -2.976387 -2.954359
-2.996945 -2.980989 -3.054097 -2.998386 -2.969083
-3.01462 -2.981629 -3.037611 -3.011871 -2.99122
-2.826815 -3.037297 -3.034744 -2.962852 -2.995563
-2.974777 -2.993621 -3.019433 -2.985876 -2.993016
-2.844798 -3.03038 -2.997357 -2.814315 -2.890169
-2.984521 -3.00184 -2.965268 -2.975699 -3.008787
-2.852888 -3.02459 -2.983597 -2.945413 -3.02689
-3.03757 -2.958391 -3.025088 -2.995672 -3.022145
-2.967311 -2.996397 -2.973764 -2.948189 -2.969001
-2.978183 -3.004723 -2.959559 -2.990383 -3.007721
-3.013543 -2.989786 -2.976571 -2.950095 -2.9775
-2.996784 -2.990052 -2.884404 -2.942785 -2.887841
-3.027233 -3.021436 -3.022134 -2.980935 -2.972474
-3.071108 -3.025578 -2.963938 -3.009375 -2.972099
-2.976903 -2.872187 -2.836918 -2.947144 -2.997425
-3.006406 -2.985406 -2.995188 -2.983548 -3.025093
-2.992153 -3.026195 -3.014558 -2.992583 -2.867938
-2.96561 -2.989442 -2.849412 -3.020515 -2.939148
-2.996087 -2.970664 -2.882972 -2.975679 -3.015599
-2.958561 -2.914056 -2.976546 -2.999932 -2.872142
-3.000231 -2.942685 -2.987238 -2.99251 -3.004281
-2.957649 -2.974055 -2.999578 -2.993025 -2.975596
-2.978408 -2.979867 -3.01698 -3.002897 -3.005307
-2.982821 -2.965277 -2.974419 -3.026411 -2.911051
-3.029035 -2.989636 -3.005518 -2.966092 -2.983741
-2.982876 -2.976448 -2.982129 -2.892996 -2.957467
-3.024853 -2.856244 -2.976959 -3.038642 -2.960381
-2.994619 -2.850051 -2.938745 -2.984024 -2.938109
-3.027576 -2.982502 -3.006277 -3.008248 -2.995131
-2.850925 -2.984507 -2.999127 -2.99864 -3.017588
-2.923062 -2.859581 -3.007654 -2.968151 -3.010254
-2.962583
