-3.008708 -3.032331 -2.998147 -2.923863 -3.015138
-3.024314 -3.045251 -3.008074 -3.006438 -2.916154
-2.935966 -2.993279 -3.030238 -3.006437 -3.010678
-3.045703 -3.07997 -3.026639 -3.074753 -2.996227
-3.067429 -3.000605 -3.04331 -3.01725 -3.046835
-2.899015 -2.972761 -2.998725 -2.995684 -3.046662
-3.017931 -2.986747 -3.006322 -2.930571 -3.021749
-2.963922 -3.021027 -3.066488 -3.016448 -2.993805
-2.986984 -2.986792 -3.015545 -3.015958 -2.996457
-3.026531 -3.073038 -2.976744 -3.008035 -3.024117
-2.992215 -2.987187 -3.034891 -3.046696 -3.006142
-3.04014 -3.028836 -2.974106 -3.043203 -3.037086
-2.961606 -2.879722 -2.964882 -3.014666 -2.919267
-3.002269 -3.04112 -3.024381 -3.057304 -2.999972
-2.982028 -3.012781 -3.027834 -2.99036 -3.002446
-2.884721 -2.992471 -3.029762 -3.04049 -3.02363
-3.021654 -3.022849 -2.995581 -3.031584 -3.044518
-3.034788 -3.012176 -3.020011 -3.041185 -3.032709
-3.002405 -3.024378 -2.929214 -2.998621 -2.975869
-3.009042 -3.053139 -3.019421 -3.030874 -3.084488
-3.009076 -3.003924 -3.043794 -3.040134 -3.017196
-3.039997 -3.06314 -3.011498 -3.052694 -3.002033
-3.031888 -3.03152 -2.97156 -3.043604 -2.990936
-3.079436 -3.035208 -3.000966 -3.017066 -3.029657
-3.00975 -3.012485 -3.00691 -3.049651 -2.994828
-3.056373 -3.101905 -2.957533 -3.070564 -3.019287
-3.043584 -3.004518 -3.058 -2.9076 -3.061216
-3.012884 -2.967233 -3.000094 -3.031609 -3.000907
-3.0604 -2.989172 -3.02216 -2.851022 -3.006965
-1.961658 -3.017113 -2.028797 -3.012588 -3.011433
-3.054507 -3.016769 -2.83658 -2.941016 -2.091169
-3.014646 -3.02735 -2.953899 -3.025853 -3.014372
-3.065601 -2.941234 -2.966691 -2.997811 -2.97099
-3.020265 -3.00771 -3.001195 -3.032038 -3.003763
-3.033161 -3.056387 -3.07401 -3.010413 -2.996817
-3.022951 -3.021828 -2.996528 -3.048744 -3.006474
-2.910411 -2.981652 -3.07022 -2.967833 -2.964234
-3.062799 -3.04407 -3.021269 -3.089803 -3.034105
-2.946168 -3.04122 -2.907022 -2.972796 -3.035398
-2.987079 -3.008731 -3.052203 -3.014384 -3.005773
-2.992798
