0.047 0.0255041 0.0509 0.0275 0.0466
0.0457 0.0462 0.0436 0.0445 0.0236
0.0479 0.0452 0.0403 0.0501 0.0486
0.0489 0.048 0.0511 0.0484 0.0472
0.0445 0.0455 0.0481 0.0464 0.0445
0.0456 0.0444 0.0496 0.0492 0.0464
0.0475 0.0429 0.0424 0.0473 0.048
0.0456 0.0352 0.0477 0.0418 0.0516
0.0431 0.0469 0.0464 0.0369 0.0481
0.0465 0.0418 0.0475 0.0438 0.0302
0.0453 0.0458 0.0445 0.0317 0.0472
0.0447 0.0496 0.0433 0.0459 0.0466
0.0487 0.0326 0.05 0.0464 0.0459
0.0498 0.044 0.0454 0.047 0.0487
0.0447 0.0483 0.0486 0.0503 0.0448
0.0339 0.0429 0.0323 0.0505 0.0474
0.0278 0.0457 0.0466 0.0464 0.049
0.0438 0.0447 0.046 0.0467 0.0355
0.0396 0.05 0.0433 0.0486 0.0495
0.0428 0.0475 0.0511 0.0492 0.0494
0.0416 0.0499 0.0471 0.0455 0.0396
0.0489 0.0495 0.0377 0.0467 0.0466
0.0485 0.0457 0.0464 0.0495 0.0491
0.0473 0.0436 0.0465 0.0322 0.0466
0.0442 0.0484 0.0494 0.0476 0.0398
0.043 0.0309 0.0471 0.0506 0.0478
0.0479 0.0494 0.0384 0.0462 0.0399
0.0464 0.0496 0.0429 0.034 0.0461
0.0474 0.0429 0.0466 0.0371 0.0505
0.0465 0.0325 0.051 0.0485 0.0459
0.0485 0.0478 0.0484 0.0436 0.0475
0.0478 0.044 0.0471 0.0329 0.0534
0.0424 0.0307 0.0458 0.0476 0.0503
0.0437 0.0468 0.0286 0.0455 0.0487
0.0489 0.0337 0.0446 0.0487 0.0466
0.0484 0.0501 0.049 0.0482 0.0476
0.049 0.0492 0.048 0.0465 0.0432
0.0418 0.0451 0.0499 0.0472 0.0477
0.0503 0.0466 0.0444 0.0448 0.0476
0.0425 0.046 0.0494 0.0416 0.0396
0.0446 0.0479
