0.0482 0.02603971 0.0486 0.0513 0.0448
0.0397 0.0335 0.0326 0.0428 0.05
0.0475 0.0464 0.0525 0.0514 0.0503
0.0437 0.048 0.046 0.0466 0.048
0.0486 0.0502 0.0508 0.0447 0.0471
0.0459 0.0514 0.0455 0.045 0.0485
0.0501 0.0498 0.0446 0.0472 0.0486
0.051 0.0549 0.0386 0.0499 0.0495
0.0476 0.0456 0.0463 0.0396 0.0472
0.0438 0.0498 0.047 0.0497 0.05
0.0461 0.0522 0.043 0.0481 0.0471
0.054 0.0443 0.0464 0.0484 0.0498
0.0484 0.0577 0.0513 0.0506 0.0497
0.0501 0.0503 0.0506 0.0452 0.0523
0.0517 0.0474 0.0514 0.047 0.0466
0.05 0.0505 0.047 0.0486 0.0321
0.05 0.047 0.0484 0.0436 0.0474
0.0513 0.0473 0.0505 0.0473 0.053
0.0507 0.0491 0.0513 0.0486 0.0433
0.0452 0.0494 0.0479 0.049 0.0523
0.0492 0.0469 0.0516 0.0477 0.0415
0.0489 0.0466 0.0485 0.0499 0.0507
0.0518 0.0521 0.0455 0.0471 0.0337
0.0476 0.0472 0.0481 0.0459 0.0516
0.0476 0.0512 0.049 0.0471 0.0515
0.0483 0.0476 0.0392 0.0501 0.0459
0.0401 0.0457 0.0479 0.052 0.0412
0.0484 0.0447 0.052 0.0382 0.048
0.0452 0.0509 0.05 0.0472 0.0534
0.0478 0.0478 0.0504 0.047 0.0486
0.0489 0.0458 0.0477 0.0501 0.0514
0.0493 0.0483 0.0465 0.0502 0.0441
0.0458 0.0517 0.049 0.044 0.0562
0.0505 0.0499 0.0467 0.0503 0.0465
0.048 0.047 0.0492 0.0475 0.0474
0.0526 0.0496 0.0471 0.0415 0.0444
0.0496 0.0489 0.0518 0.0474 0.0429
0.0488 0.0456 0.0486 0.0491 0.0451
0.0491 0.0384 0.0479 0.0501 0.0459
0.0496 0.0502 0.0533 0.044 0.0473
0.039 0.0445
