0.0516 0.02751173 0.053 0.0501 0.0541
0.0517 0.057 0.0447 0.0434 0.0534
0.0477 0.0463 0.0504 0.0461 0.0496
0.0506 0.0381 0.0482 0.0449 0.0534
0.0521 0.0676 0.0439 0.0506 0.0541
0.055 0.0377 0.0501 0.0495 0.0526
0.0514 0.052 0.0506 0.0516 0.0497
0.048 0.0518 0.0494 0.055 0.0503
0.0526 0.0489 0.0526 0.0443 0.0493
0.0368 0.0522 0.0538 0.0533 0.0511
0.0518 0.0537 0.0456 0.0525 0.0508
0.0515 0.0546 0.0489 0.0522 0.0445
0.0501 0.0476 0.0476 0.0495 0.0516
0.0438 0.0513 0.0446 0.053 0.0507
0.0546 0.0518 0.0468 0.0537 0.0423
0.0484 0.038 0.0342 0.0387 0.0529
0.0524 0.0512 0.0416 0.0537 0.0425
0.0503 0.0524 0.053 0.0443 0.0508
0.0519 0.053 0.0451 0.0529 0.0491
0.0454 0.0513 0.0544 0.0478 0.0533
0.0524 0.042 0.0524 0.0532 0.0567
0.0538 0.0452 0.0501 0.0524 0.0529
0.051 0.0511 0.052 0.0498 0.0485
0.0466 0.0377 0.0529 0.0513 0.0541
0.0494 0.0528 0.0517 0.0549 0.0404
0.0521 0.0529 0.0534 0.0394 0.0456
0.0558 0.0421 0.0469 0.0522 0.0489
0.0511 0.0524 0.0509 0.0446 0.053
0.0494 0.0413 0.0477 0.0516 0.0444
0.0512 0.0503 0.0399 0.051 0.0483
0.0475 0.0566 0.0433 0.0499 0.0508
0.0506 0.0509 0.0538 0.0528 0.0414
0.0494 0.0519 0.0401 0.0506 0.0519
0.0517 0.0646 0.0492 0.051 0.0397
0.0597 0.0507 0.0506 0.0534 0.0391
0.0453 0.0473 0.0497 0.0546 0.0506
0.0509 0.0524 0.0511 0.0377 0.0516
0.0523 0.0504 0.0526 0.0486 0.0508
0.0424 0.0402 0.0529 0.054 0.0485
0.0534 0.0512 0.0513 0.0332 0.049
0.0441 0.0524
