0.0438 0.02259469 0.0402 0.0412 0.0433
0.0461 0.0462 0.0386 0.0451 0.0453
0.0416 0.0442 0.0447 0.0459 0.0439
0.0355 0.0398 0.0428 0.0395 0.045
0.0438 0.0436 0.0456 0.0416 0.044
0.0369 0.0418 0.0506 0.0428 0.038
0.0445 0.0423 0.0428 0.0447 0.0421
0.0506 0.0408 0.0441 0.0343 0.0448
0.0437 0.0438 0.043 0.043 0.0387
0.043 0.0439 0.0489 0.0423 0.0442
0.0445 0.0422 0.0418 0.0392 0.0429
0.0361 0.0428 0.0156 0.0415 0.0399
0.0456 0.0326 0.0439 0.048 0.0384
0.0403 0.0409 0.0403 0.0443 0.0411
0.0417 0.0442 0.0422 0.0419 0.0473
0.0462 0.0426 0.0413 0.0446 0.0435
0.0437 0.0433 0.0426 0.0449 0.0459
0.0437 0.0411 0.0427 0.0324 0.0456
0.0444 0.0464 0.0409 0.0461 0.0429
0.0449 0.0431 0.0425 0.0414 0.0434
0.0511 0.0417 0.0448 0.0472 0.0439
0.0434 0.0418 0.0253 0.0384 0.0428
0.0416 0.044 0.045 0.0444 0.0455
0.0456 0.0436 0.0419 0.0398 0.0417
0.0433 0.0383 0.0453 0.0396 0.0491
0.0413 0.0445 0.0467 0.0418 0.0447
0.0427 0.0462 0.0433 0.0419 0.0421
0.0459 0.0342 0.0433 0.0334 0.0458
0.0417 0.0373 0.0436 0.0456 0.0425
0.0286 0.0438 0.04 0.0425 0.0387
0.0429 0.0404 0.0437 0.0422 0.0444
0.0449 0.0425 0.0466 0.0444 0.0417
0.0425 0.0452 0.0472 0.0421 0.0374
0.0396 0.0445 0.0447 0.042 0.0467
0.042 0.042 0.043 0.0424 0.0226
0.0433 0.0403 0.0445 0.0413 0.0451
0.0398 0.0433 0.0432 0.0448 0.045
0.0438 0.0414 0.0421 0.0326 0.0417
0.0432 0.0459 0.0432 0.0452 0.0463
0.0402 0.0432 0.0432 0.044 0.0436
0.0385 0.0476
