0.0509 0.02595493 0.0552 0.0495 0.0488
0.052 0.0491 0.052 0.0482 0.0515
0.0568 0.05 0.034 0.0546 0.0466
0.0308 0.0467 0.0515 0.0533 0.0511
0.0498 0.0522 0.0495 0.0525 0.0506
0.0504 0.053 0.0599 0.0502 0.0507
0.0534 0.0477 0.0542 0.0388 0.048
0.051 0.0498 0.052 0.0509 0.0495
0.0524 0.0521 0.0463 0.0531 0.0531
0.0497 0.053 0.0539 0.048 0.0509
0.0344 0.0536 0.0425 0.0556 0.0509
0.0522 0.052 0.0528 0.0532 0.0533
0.0509 0.0533 0.0569 0.0528 0.0474
0.0501 0.0427 0.0467 0.0513 0.0494
0.0596 0.051 0.0548 0.0494 0.0444
0.0481 0.0528 0.0505 0.0425 0.0556
0.0506 0.051 0.0524 0.048 0.0529
0.0393 0.0503 0.0531 0.0521 0.0532
0.0478 0.0532 0.0497 0.0491 0.0453
0.0494 0.0525 0.0484 0.0558 0.0491
0.0554 0.0366 0.0493 0.055 0.049
0.0523 0.0534 0.0521 0.0547 0.058
0.0518 0.0441 0.0526 0.0511 0.0534
0.0513 0.0515 0.0657 0.0265 0.0502
0.0545 0.0511 0.0524 0.0506 0.0491
0.047 0.0475 0.0473 0.05 0.0532
0.0526 0.0493 0.0512 0.0504 0.0471
0.0472 0.0511 0.0517 0.0472 0.047
0.0513 0.0572 0.0483 0.0486 0.0531
0.0512 0.0521 0.0549 0.0444 0.0498
0.0518 0.0563 0.0538 0.0531 0.0525
0.05 0.0495 0.0491 0.0449 0.0521
0.0426 0.046 0.0492 0.0512 0.0462
0.0506 0.0513 0.052 0.0474 0.0518
0.047 0.0535 0.0468 0.0554 0.0481
0.0483 0.0505 0.051 0.0487 0.0534
0.0516 0.0489 0.0493 0.0511 0.0497
0.0509 0.0516 0.0553 0.0519 0.0481
0.0517 0.0512 0.052 0.0487 0.0476
0.0537 0.0495 0.0497 0.052 0.0492
0.0476 0.0507
