0.045 0.02493399 0.0435 0.0394 0.0441
0.0485 0.0452 0.0442 0.0442 0.0341
0.044 0.044 0.0489 0.0393 0.0308
0.0438 0.0434 0.0451 0.0391 0.0442
0.0393 0.0371 0.0259 0.0467 0.0443
0.0381 0.0425 0.0437 0.0445 0.0466
0.0452 0.0375 0.0299 0.0371 0.0462
0.0458 0.045 0.042 0.0386 0.0476
0.0441 0.0447 0.0428 0.0326 0.0435
0.0459 0.0448 0.0357 0.043 0.0468
0.043 0.0444 0.0339 0.0411 0.0417
0.0443 0.04 0.0453 0.0437 0.0464
0.0439 0.0334 0.0443 0.0427 0.0427
0.0436 0.0425 0.0413 0.046 0.0409
0.0449 0.0435 0.045 0.0424 0.0419
0.045 0.0325 0.0472 0.043 0.0467
0.0421 0.0433 0.0368 0.0472 0.0451
0.0404 0.0423 0.0387 0.0453 0.045
0.0393 0.0423 0.0414 0.0436 0.0418
0.0302 0.0459 0.0462 0.044 0.0454
0.0351 0.0474 0.0422 0.0457 0.044
0.0407 0.0456 0.0457 0.0287 0.049
0.0419 0.0419 0.0415 0.0302 0.0422
0.0416 0.0425 0.045 0.0449 0.0449
0.0386 0.046 0.0378 0.0468 0.0393
0.0504 0.0449 0.0453 0.0435 0.0481
0.0384 0.0483 0.0364 0.0465 0.0453
0.0387 0.0444 0.0481 0.0391 0.0406
0.0471 0.0464 0.0416 0.0475 0.0419
0.0376 0.044 0.0472 0.0315 0.0304
0.0451 0.0439 0.027 0.0452 0.0393
0.0395 0.038 0.0459 0.0358 0.0411
0.0419 0.0306 0.0371 0.045 0.0476
0.0418 0.0417 0.0455 0.0422 0.0443
0.0412 0.0484 0.044 0.0435 0.0419
0.0423 0.0447 0.0328 0.0337 0.0465
0.0314 0.0408 0.0436 0.0424 0.0402
0.0408 0.0428 0.0419 0.0397 0.0423
0.0428 0.0379 0.0428 0.0436 0.0427
0.0464 0.0393 0.0461 0.0409 0.0398
0.0479 0.0461
