0.0459 0.02490062 0.0468 0.0518 0.046
0.0244 0.0468 0.0466 0.0464 0.0452
0.0474 0.0251 0.0463 0.0467 0.0257
0.0417 0.0449 0.0352 0.0448 0.0384
0.0452 0.0467 0.0482 0.0444 0.0283
0.0481 0.0304 0.0447 0.0456 0.0464
0.0464 0.0467 0.0423 0.0292 0.0364
0.0243 0.047 0.0431 0.0456 0.0486
0.0462 0.0444 0.0253 0.0396 0.0464
0.041 0.0415 0.0443 0.0484 0.0477
0.0436 0.048 0.0463 0.0456 0.0441
0.0295 0.0474 0.0454 0.0439 0.0442
0.0413 0.0339 0.0429 0.0251 0.0449
0.0289 0.0464 0.0393 0.0483 0.0442
0.0451 0.0462 0.0331 0.0434 0.0459
0.0437 0.0393 0.0413 0.0398 0.04
0.0436 0.0479 0.0318 0.0503 0.0443
0.0419 0.0423 0.0461 0.0448 0.0446
0.0426 0.0456 0.0444 0.0442 0.0459
0.0493 0.0477 0.0312 0.0244 0.0479
0.0291 0.0494 0.0441 0.0473 0.0433
0.038 0.0445 0.0301 0.0489 0.0499
0.031 0.0466 0.0425 0.0435 0.0253
0.031 0.0468 0.043 0.047 0.0478
0.0462 0.0463 0.0455 0.0475 0.0471
0.049 0.044 0.0447 0.0508 0.0487
0.0313 0.0483 0.0454 0.0441 0.0305
0.0313 0.0464 0.0446 0.0443 0.023
0.0465 0.0451 0.0425 0.0371 0.0417
0.0466 0.0453 0.048 0.0453 0.0328
0.048 0.0455 0.0481 0.0483 0.0395
0.0458 0.0495 0.0455 0.042 0.0409
0.0471 0.0503 0.0278 0.0478 0.0478
0.0414 0.0441 0.0481 0.0469 0.0433
0.0455 0.0475 0.0454 0.0428 0.0451
0.0442 0.0471 0.047 0.0466 0.05
0.0466 0.0442 0.0473 0.0431 0.0437
0.0474 0.0478 0.0469 0.0463 0.0427
0.048 0.0249 0.0447 0.0455 0.0402
0.0263 0.0462 0.0444 0.0445 0.0433
0.046 0.0446
