0.0447 0.02343841 0.038 0.0452 0.0579
0.045 0.0431 0.0443 0.0437 0.045
0.0463 0.0488 0.0453 0.0451 0.0461
0.042 0.0486 0.0456 0.0287 0.0455
0.0824 0.0477 0.1121 0.1082 0.0397
0.0785 0.0817 0.0417 0.0449 0.0478
0.0415 0.0408 0.0452 0.0379 0.0429
0.0442 0.0463 0.0434 0.0487 0.044
0.0434 0.0473 0.0476 0.0442 0.0472
0.041 0.0461 0.15 0.0287 0.0431
0.0752 0.0449 0.0444 0.0423 0.0429
0.0369 0.0402 0.0376 0.0367 0.0514
0.0446 0.047 0.0734 0.042 0.045
0.0456 0.0394 0.0399 0.0299 0.0442
0.0454 0.0427 0.0309 0.0486 0.0423
0.114 0.0392 0.0469 0.0469 0.0603
0.0413 0.0654 0.0292 0.0473 0.0429
0.0372 0.0447 0.0405 0.0311 0.0312
0.0445 0.0439 0.044 0.0508 0.0453
0.0337 0.0899 0.0381 0.0391 0.0447
0.0327 0.0493 0.046 0.0469 0.1197
0.0335 0.042 0.0433 0.0475 0.0423
0.0673 0.1418 0.0448 0.0394 0.0929
0.0432 0.0415 0.0411 0.0452 0.0481
0.0425 0.0429 0.0392 0.0337 0.0409
0.0508 0.0338 0.0418 0.0539 0.0437
0.043 0.0382 0.0743 0.0434 0.0435
0.0439 0.0523 0.048 0.0353 0.0279
0.1232 0.0464 0.0415 0.0634 0.0442
0.0431 0.0488 0.0411 0.0443 0.0319
0.041 0.0343 0.045 0.042 0.0459
0.0442 0.0281 0.0309 0.0431 0.0445
0.0456 0.0455 0.0424 0.0484 0.054
0.0439 0.0298 0.0449 0.0416 0.0488
0.0454 0.045 0.0508 0.0311 0.0434
0.0356 0.0435 0.043 0.0403 0.0279
0.0363 0.046 0.0317 0.0455 0.0391
0.0484 0.0428 0.0453 0.0748 0.0456
0.0364 0.1235 0.0418 0.072 0.0425
0.0443 0.0435 0.0373 0.0421 0.0926
0.0416 0.0438
