0.0484 0.02744468 0.0502 0.0461 0.0479
0.0503 0.0473 0.0468 0.0497 0.0513
0.0477 0.0459 0.0505 0.0474 0.0492
0.0511 0.0474 0.0516 0.05 0.0493
0.0495 0.0494 0.0476 0.0505 0.0469
0.0469 0.0477 0.044 0.0495 0.0487
0.0464 0.0475 0.0479 0.0346 0.0537
0.0466 0.0473 0.0471 0.0506 0.0499
0.0497 0.0489 0.0471 0.0474 0.037
0.0475 0.0498 0.0505 0.049 0.0485
0.0499 0.0447 0.0507 0.038 0.04
0.0492 0.0477 0.049 0.0493 0.0279
0.0467 0.0487 0.0479 0.0295 0.0442
0.0285 0.0475 0.0537 0.0483 0.0365
0.0463 0.0475 0.0404 0.0488 0.0488
0.0484 0.0485 0.0492 0.0485 0.0475
0.05 0.0483 0.0489 0.0479 0.0467
0.0496 0.0499 0.0459 0.0496 0.0414
0.0515 0.047 0.0502 0.0487 0.0494
0.0494 0.0462 0.0486 0.0466 0.0495
0.0497 0.0472 0.0501 0.0503 0.032
0.0485 0.0366 0.0506 0.051 0.0468
0.0502 0.0416 0.0331 0.0434 0.0497
0.0472 0.0476 0.0473 0.0444 0.0501
0.0488 0.0494 0.052 0.0298 0.0253
0.049 0.0459 0.0466 0.0483 0.0484
0.049 0.0484 0.0479 0.0497 0.0482
0.0308 0.0513 0.0407 0.0453 0.0499
0.048 0.0481 0.046 0.0522 0.0486
0.05 0.0486 0.0466 0.0489 0.0441
0.0409 0.048 0.0489 0.0467 0.0466
0.0459 0.0505 0.048 0.0401 0.0489
0.0513 0.0334 0.0423 0.046 0.0422
0.0479 0.0468 0.0504 0.0339 0.0457
0.0325 0.0459 0.0492 0.0482 0.0494
0.0475 0.0518 0.0374 0.044 0.0464
0.0473 0.0474 0.0437 0.0234 0.0467
0.0374 0.0458 0.0466 0.0527 0.0506
0.0464 0.0476 0.0453 0.0509 0.0488
0.0494 0.0488 0.0472 0.0467 0.0519
0.0493 0.0445
