0.0464 0.02525071 0.0479 0.15 0.0428
0.0892 0.1286 0.0457 0.0476 0.0465
0.045 0.0472 0.15 0.0456 0.0465
0.0437 0.0489 0.047 0.1012 0.0424
0.04 0.0456 0.0461 0.0361 0.0467
0.0453 0.0476 0.0995 0.0802 0.0437
0.0454 0.0476 0.0477 0.0372 0.0231
0.0322 0.0447 0.0432 0.0467 0.0271
0.0444 0.15 0.133 0.0476 0.0654
0.0462 0.044 0.0803 0.0359 0.0554
0.026 0.0439 0.15 0.0467 0.0401
0.0451 0.042 0.0471 0.0403 0.0289
0.047 0.0415 0.0448 0.0423 0.0452
0.0465 0.0468 0.0479 0.0455 0.0451
0.15 0.0304 0.1456 0.0478 0.1123
0.0437 0.0426 0.041 0.0256 0.0358
0.0456 0.0394 0.0455 0.0436 0.0192
0.0506 0.0466 0.114 0.0502 0.0648
0.0724 0.0452 0.0465 0.0457 0.051
0.0484 0.0339 0.125 0.0465 0.029
0.0472 0.0428 0.0456 0.0484 0.0686
0.0462 0.045 0.0465 0.0533 0.048
0.0336 0.0383 0.1008 0.0455 0.0289
0.0768 0.0463 0.0562 0.0266 0.0254
0.0449 0.0431 0.0478 0.1403 0.0452
0.0789 0.0525 0.0478 0.1199 0.0442
0.0475 0.0506 0.053 0.0263 0.0404
0.0592 0.0482 0.0461 0.0735 0.0459
0.0472 0.0452 0.0453 0.0427 0.0466
0.0248 0.0467 0.0418 0.0452 0.0465
0.0532 0.0448 0.0398 0.0469 0.0283
0.042 0.0428 0.0751 0.0406 0.0452
0.15 0.0438 0.0713 0.0408 0.0486
0.0441 0.027 0.1425 0.0464 0.0462
0.0416 0.0478 0.046 0.0382 0.0274
0.0423 0.0451 0.0475 0.0244 0.1023
0.0822 0.0385 0.038 0.0661 0.046
0.0474 0.0464 0.0444 0.0435 0.0413
0.0473 0.0495 0.0449 0.0414 0.041
0.0472 0.0408 0.0374 0.0462 0.0471
0.0348 0.1036
