0.049 0.02813967 0.0464 0.0474 0.0615
0.0533 0.0458 0.0554 0.0532 0.048
0.0484 0.0478 0.049 0.0484 0.0536
0.048 0.0492 0.0491 0.0452 0.0565
0.0493 0.0421 0.0561 0.0465 0.0635
0.0512 0.0469 0.0501 0.08 0.0463
0.0485 0.0485 0.0454 0.0746 0.0474
0.0571 0.0492 0.04 0.0457 0.0449
0.0493 0.0477 0.0479 0.0486 0.0439
0.0455 0.0455 0.0478 0.0445 0.0488
0.0489 0.048 0.0477 0.0468 0.0634
0.0476 0.074 0.0514 0.0486 0.0463
0.0466 0.0455 0.0495 0.0561 0.052
0.0492 0.0518 0.0485 0.0497 0.0455
0.0479 0.0557 0.0485 0.0469 0.0503
0.0513 0.0577 0.0374 0.0514 0.0461
0.0415 0.0506 0.0381 0.0501 0.0507
0.0491 0.0483 0.065 0.0475 0.0844
0.0445 0.0509 0.0525 0.0488 0.0447
0.0537 0.0494 0.0476 0.0471 0.0476
0.0501 0.0498 0.0821 0.0476 0.0384
0.046 0.0484 0.0493 0.0493 0.0466
0.0504 0.0487 0.0502 0.0506 0.0511
0.0499 0.0377 0.0492 0.0477 0.0868
0.0459 0.0529 0.0495 0.0484 0.0504
0.0517 0.0517 0.0516 0.0475 0.0512
0.0478 0.0515 0.0462 0.041 0.0497
0.0504 0.0502 0.0492 0.047 0.058
0.047 0.0568 0.0495 0.047 0.0465
0.0485 0.0455 0.0484 0.0494 0.0494
0.0466 0.0477 0.0463 0.0478 0.0528
0.0488 0.0479 0.0491 0.0484 0.0466
0.0508 0.051 0.0598 0.046 0.0639
0.0495 0.0468 0.0531 0.0523 0.0466
0.0515 0.0492 0.0451 0.0612 0.0497
0.0504 0.0491 0.0407 0.0504 0.0469
0.0475 0.0421 0.0514 0.0488 0.0499
0.0494 0.112 0.0529 0.0451 0.0519
0.0554 0.0532 0.0439 0.0513 0.0495
0.0465 0.0498 0.0492 0.0545 0.0484
0.052 0.0466
