0.0456 0.02554065 0.15 0.0425 0.15
0.15 0.15 0.0511 0.0303 0.15
0.1336 0.0376 0.0946 0.1494 0.0276
0.15 0.0473 0.045 0.15 0.0297
0.0337 0.0464 0.027 0.0491 0.0434
0.0465 0.0614 0.0472 0.0807 0.15
0.15 0.0411 0.0268 0.0408 0.15
0.0276 0.0282 0.1114 0.047 0.0451
0.15 0.0749 0.0303 0.0268 0.0445
0.0254 0.1027 0.15 0.026 0.0946
0.044 0.15 0.0445 0.0241 0.15
0.0408 0.0362 0.0275 0.0259 0.0357
0.0452 0.0438 0.0421 0.0295 0.15
0.0302 0.0269 0.0476 0.15 0.0334
0.15 0.0457 0.0447 0.0363 0.0519
0.0883 0.0447 0.15 0.15 0.0423
0.0378 0.15 0.15 0.15 0.0241
0.1451 0.0448 0.0483 0.039 0.0331
0.033 0.15 0.0434 0.15 0.0376
0.046 0.0276 0.0492 0.1487 0.15
0.1341 0.15 0.0795 0.0687 0.15
0.0455 0.029 0.0756 0.0433 0.15
0.048 0.15 0.0263 0.15 0.0288
0.15 0.0427 0.0551 0.0718 0.0879
0.0448 0.0517 0.1458 0.15 0.0801
0.15 0.046 0.0442 0.0393 0.15
0.0398 0.0477 0.15 0.1358 0.0438
0.0322 0.15 0.1391 0.15 0.0331
0.0959 0.1456 0.0328 0.0467 0.15
0.0249 0.0993 0.0309 0.0261 0.0807
0.0271 0.0388 0.15 0.15 0.0274
0.0457 0.15 0.0448 0.0663 0.15
0.0461 0.1348 0.0352 0.0375 0.15
0.042 0.0463 0.031 0.0487 0.0456
0.0381 0.0257 0.0485 0.0459 0.0275
0.0336 0.15 0.0278 0.0263 0.0298
0.0433 0.0472 0.15 0.0457 0.15
0.0466 0.15 0.026 0.15 0.15
0.0273 0.0449 0.0602 0.0465 0.0856
0.0443 0.0446 0.15 0.0356 0.028
0.0488 0.0529
