0.0477 0.02478661 0.044 0.0391 0.0465
0.0408 0.0463 0.034 0.0524 0.046
0.0455 0.0486 0.0334 0.0482 0.0435
0.0476 0.0484 0.0467 0.039 0.0506
0.0392 0.0419 0.048 0.0511 0.0542
0.0466 0.0497 0.0381 0.0529 0.0497
0.04 0.0441 0.0502 0.0459 0.0466
0.0496 0.0421 0.0384 0.0401 0.0385
0.0393 0.0371 0.0506 0.051 0.0476
0.05 0.0334 0.0473 0.0455 0.0406
0.0498 0.0498 0.0452 0.0462 0.047
0.042 0.0468 0.0371 0.044 0.0471
0.0461 0.0464 0.0483 0.031 0.0475
0.0437 0.0444 0.0505 0.0463 0.04
0.0481 0.0483 0.0441 0.0466 0.043
0.0367 0.0463 0.0521 0.0362 0.0403
0.0461 0.0349 0.0465 0.039 0.0375
0.0462 0.0388 0.0372 0.0481 0.0461
0.0446 0.0478 0.0432 0.028 0.0399
0.0385 0.0397 0.0487 0.0489 0.0421
0.0439 0.0485 0.0446 0.0468 0.0345
0.0478 0.044 0.0472 0.0406 0.0398
0.045 0.046 0.0401 0.0504 0.0469
0.0459 0.0379 0.0397 0.0403 0.046
0.0496 0.0415 0.0498 0.042 0.0447
0.0475 0.0503 0.0477 0.0475 0.0433
0.0462 0.0396 0.043 0.0386 0.0451
0.048 0.0503 0.0473 0.044 0.0479
0.0481 0.0461 0.038 0.035 0.048
0.0478 0.0479 0.0477 0.0462 0.0452
0.048 0.0447 0.0508 0.042 0.0511
0.0423 0.0474 0.0493 0.0462 0.0471
0.0449 0.0459 0.0474 0.0466 0.0429
0.0429 0.0448 0.0503 0.0451 0.043
0.0482 0.0429 0.0451 0.0486 0.0455
0.0364 0.0493 0.0386 0.0473 0.0464
0.0425 0.0415 0.0461 0.0448 0.0449
0.0465 0.0347 0.0486 0.0373 0.051
0.0379 0.0479 0.0394 0.0445 0.0381
0.0477 0.0376 0.047 0.0455 0.0437
0.0399 0.049
