0.0461 0.02633045 0.0309 0.0471 0.0469
0.0428 0.0457 0.0274 0.0337 0.0454
0.0454 0.0474 0.0355 0.033 0.0464
0.03 0.0447 0.0496 0.0429 0.0401
0.0274 0.0446 0.0386 0.0432 0.0461
0.0427 0.0399 0.0458 0.0426 0.0299
0.0458 0.0406 0.0396 0.0455 0.0431
0.0497 0.046 0.0418 0.0367 0.0502
0.0355 0.044 0.0474 0.0462 0.0461
0.0334 0.033 0.0483 0.0365 0.0445
0.0433 0.055 0.0465 0.0324 0.0435
0.0476 0.0478 0.0456 0.0385 0.045
0.0661 0.0369 0.0477 0.0485 0.0439
0.0445 0.0432 0.0468 0.0393 0.0423
0.0471 0.0398 0.0457 0.0483 0.0439
0.0451 0.0354 0.0426 0.0509 0.0446
0.0474 0.0471 0.044 0.0398 0.0306
0.039 0.0491 0.046 0.0556 0.043
0.0465 0.0442 0.0402 0.0451 0.0456
0.0497 0.0447 0.0445 0.0399 0.0425
0.0481 0.0428 0.0506 0.0443 0.0383
0.035 0.0458 0.049 0.0463 0.0455
0.0484 0.0335 0.0315 0.0491 0.0471
0.0438 0.031 0.0376 0.0476 0.0475
0.0378 0.0459 0.0454 0.0441 0.0453
0.0386 0.042 0.0439 0.0443 0.0446
0.0457 0.0492 0.0495 0.048 0.0475
0.0471 0.0463 0.0416 0.0441 0.0412
0.0477 0.0304 0.0469 0.0456 0.0445
0.0482 0.0465 0.0445 0.0447 0.0461
0.0446 0.0443 0.0479 0.0492 0.0494
0.0434 0.046 0.0486 0.0373 0.0373
0.0446 0.0477 0.0457 0.0347 0.0345
0.0445 0.048 0.0323 0.0478 0.0452
0.0433 0.045 0.045 0.036 0.0455
0.0475 0.0407 0.0448 0.0468 0.0485
0.046 0.0466 0.0478 0.0443 0.0421
0.0455 0.0377 0.0465 0.0465 0.0438
0.0497 0.0428 0.0465 0.0436 0.0479
0.0409 0.0464 0.0462 0.0445 0.0491
0.0489 0.0455
