0.0484 0.02528783 0.0442 0.0462 0.0523
0.0486 0.0493 0.0347 0.0534 0.0442
0.0505 0.0388 0.0497 0.0284 0.0361
0.05 0.0488 0.0508 0.0345 0.0441
0.048 0.049 0.053 0.0441 0.0507
0.0465 0.0521 0.045 0.0497 0.0486
0.0347 0.0499 0.0484 0.0375 0.0496
0.0328 0.0515 0.0249 0.0481 0.0323
0.0471 0.029 0.0384 0.0519 0.0499
0.0462 0.0497 0.0464 0.048 0.0472
0.0273 0.0447 0.0496 0.0279 0.0412
0.0393 0.0352 0.0444 0.0451 0.0402
0.0419 0.0475 0.0506 0.0494 0.0498
0.0401 0.0285 0.048 0.0495 0.0471
0.0333 0.0438 0.0437 0.0496 0.0505
0.047 0.034 0.0352 0.05 0.0303
0.0478 0.0464 0.0261 0.0525 0.0449
0.0546 0.0453 0.0472 0.049 0.0464
0.0512 0.0484 0.0499 0.0515 0.0302
0.0466 0.041 0.0477 0.048 0.0531
0.0476 0.0487 0.0341 0.0502 0.041
0.048 0.0454 0.0503 0.0516 0.0451
0.0485 0.0456 0.0433 0.045 0.0493
0.0474 0.0422 0.0456 0.0487 0.0493
0.0519 0.0398 0.05 0.0457 0.0298
0.0443 0.0478 0.0477 0.0523 0.0439
0.0332 0.0461 0.0328 0.0396 0.0453
0.0498 0.0415 0.0326 0.0502 0.0492
0.052 0.0495 0.0292 0.0321 0.0521
0.0494 0.0317 0.025 0.0475 0.0517
0.0483 0.0286 0.0338 0.0459 0.0525
0.0457 0.033 0.0479 0.0503 0.0429
0.0501 0.0458 0.058 0.0471 0.0491
0.0383 0.0459 0.0476 0.0478 0.0453
0.0412 0.0509 0.0473 0.0449 0.0459
0.0469 0.0508 0.0444 0.0506 0.0512
0.0498 0.0468 0.0489 0.0363 0.0449
0.0378 0.0482 0.0524 0.0494 0.0467
0.0391 0.053 0.045 0.0329 0.0458
0.0316 0.0503 0.0349 0.0431 0.0271
0.0481 0.0472
