0.0457 0.02410327 0.0442 0.0421 0.046
0.0492 0.0446 0.0448 0.0441 0.0423
0.0437 0.0445 0.0452 0.0398 0.0374
0.0413 0.0438 0.0471 0.0424 0.0446
0.0377 0.0402 0.0492 0.0443 0.0468
0.0461 0.0464 0.0497 0.0327 0.0419
0.0437 0.0482 0.035 0.0477 0.0406
0.0441 0.042 0.0462 0.0443 0.0438
0.0428 0.0451 0.0452 0.0449 0.0444
0.0457 0.0464 0.0459 0.047 0.046
0.0468 0.0413 0.0462 0.047 0.0486
0.0457 0.046 0.0453 0.0436 0.0446
0.0485 0.0412 0.0478 0.0444 0.0434
0.0432 0.0488 0.0493 0.0403 0.042
0.0462 0.0433 0.0457 0.0477 0.0469
0.0411 0.0422 0.0431 0.046 0.0481
0.0468 0.0432 0.0434 0.0451 0.0485
0.047 0.0441 0.0426 0.0412 0.0376
0.0377 0.0452 0.0529 0.0455 0.045
0.0424 0.0448 0.0483 0.0416 0.0436
0.0433 0.0471 0.0468 0.0434 0.0432
0.0465 0.0433 0.0432 0.0396 0.0449
0.0429 0.0476 0.047 0.0398 0.0453
0.0399 0.0439 0.047 0.0459 0.0465
0.0491 0.0375 0.0445 0.0452 0.0454
0.0432 0.0441 0.0463 0.0465 0.0447
0.0471 0.0502 0.0448 0.0444 0.0463
0.0387 0.044 0.0447 0.0464 0.0446
0.0399 0.0408 0.0421 0.0333 0.0436
0.0415 0.0467 0.0418 0.0471 0.0433
0.0449 0.0452 0.0437 0.0435 0.0445
0.0471 0.0446 0.0468 0.0463 0.0455
0.0466 0.0412 0.0451 0.0458 0.0437
0.0423 0.047 0.0403 0.0386 0.0444
0.0462 0.0474 0.0437 0.0436 0.0449
0.0424 0.0485 0.0432 0.0462 0.044
0.0472 0.0464 0.0484 0.0354 0.0447
0.0448 0.0447 0.0418 0.0451 0.0492
0.0465 0.0456 0.0407 0.0414 0.0453
0.0407 0.0462 0.0402 0.0475 0.0478
0.0464 0.044
