0.0474 0.0260344 0.048 0.0485 0.073
0.0425 0.0479 0.0466 0.0428 0.045
0.0499 0.15 0.0597 0.0605 0.1479
0.15 0.0776 0.0468 0.0479 0.0513
0.0608 0.0485 0.0478 0.047 0.0504
0.046 0.0492 0.0844 0.0466 0.0428
0.0493 0.0463 0.0505 0.0463 0.0535
0.0455 0.0484 0.15 0.0507 0.073
0.131 0.0509 0.1457 0.0612 0.0447
0.0467 0.15 0.0652 0.0556 0.0448
0.0785 0.0459 0.0461 0.1273 0.0432
0.0834 0.0483 0.08 0.0541 0.0502
0.0462 0.1002 0.0796 0.0483 0.0556
0.0698 0.0444 0.0478 0.0685 0.15
0.0362 0.0954 0.0462 0.0987 0.0498
0.0754 0.0645 0.0508 0.0788 0.0455
0.0447 0.0505 0.0798 0.0471 0.0612
0.0447 0.0624 0.0462 0.0906 0.0514
0.1253 0.0475 0.0651 0.0406 0.1208
0.15 0.0434 0.0641 0.0466 0.0459
0.15 0.0427 0.047 0.1013 0.0752
0.0464 0.0363 0.0501 0.0471 0.0436
0.0545 0.0647 0.0373 0.0471 0.15
0.0477 0.0629 0.0481 0.0473 0.0505
0.1007 0.0696 0.049 0.0441 0.0487
0.0879 0.0476 0.0878 0.0423 0.038
0.0452 0.0757 0.1417 0.1353 0.0471
0.0437 0.0418 0.0472 0.0508 0.0493
0.0461 0.0507 0.0666 0.15 0.0451
0.0473 0.0491 0.0381 0.048 0.15
0.0453 0.0402 0.0436 0.15 0.049
0.1316 0.0476 0.0485 0.15 0.0461
0.0434 0.1089 0.0685 0.15 0.0499
0.0461 0.0438 0.0462 0.0452 0.15
0.056 0.0484 0.0484 0.15 0.1104
0.0351 0.1258 0.0472 0.0464 0.0481
0.0615 0.0479 0.0482 0.1399 0.0437
0.0502 0.0458 0.0571 0.0428 0.0484
0.0467 0.062 0.15 0.0472 0.15
0.1422 0.0504 0.0457 0.0463 0.044
0.0459 0.0467
