0.0482 0.02651746 0.0765 0.0487 0.0505
0.0415 0.0487 0.0191 0.0415 0.0472
0.0459 0.0421 0.038 0.028 0.0466
0.0377 0.0428 0.0211 0.0376 0.0459
0.0471 0.0483 0.0224 0.0433 0.0498
0.0333 0.0433 0.0208 0.044 0.0312
0.0482 0.0683 0.0508 0.03 0.0313
0.0457 0.0433 0.0394 0.0486 0.0468
0.0274 0.0232 0.0484 0.0441 0.0437
0.046 0.0644 0.0341 0.0442 0.0353
0.051 0.0492 0.042 0.0474 0.0277
0.0308 0.0495 0.0389 0.0419 0.0226
0.0257 0.0292 0.0197 0.0493 0.039
0.0419 0.0436 0.0426 0.0417 0.0418
0.0502 0.044 0.0437 0.0275 0.0467
0.0515 0.0359 0.0212 0.042 0.0479
0.048 0.0439 0.0322 0.0406 0.0473
0.0419 0.046 0.0396 0.0454 0.0443
0.019 0.0462 0.0452 0.0465 0.0375
0.0258 0.0477 0.0516 0.0479 0.0285
0.0488 0.0452 0.0225 0.04 0.0471
0.0488 0.0213 0.0473 0.0437 0.0218
0.0222 0.0402 0.034 0.0509 0.0464
0.0395 0.0215 0.0411 0.0409 0.0369
0.0205 0.0451 0.082 0.0759 0.1073
0.0242 0.0504 0.0462 0.0502 0.0485
0.0494 0.0517 0.0407 0.0454 0.0224
0.0376 0.046 0.15 0.0391 0.0492
0.0554 0.0408 0.0349 0.0374 0.0525
0.0544 0.0463 0.0419 0.0329 0.0442
0.0281 0.0488 0.046 0.0388 0.047
0.0921 0.0576 0.15 0.0283 0.0483
0.0291 0.0486 0.0422 0.0429 0.043
0.0287 0.1064 0.0246 0.0468 0.0317
0.0297 0.0304 0.0449 0.0355 0.0246
0.0477 0.0208 0.047 0.0398 0.0516
0.0492 0.0448 0.0424 0.0424 0.0319
0.0523 0.0341 0.0484 0.0402 0.0269
0.0395 0.0746 0.0494 0.0181 0.0467
0.0502 0.0198 0.06 0.0407 0.1071
0.038 0.0412
