0.049 0.02673589 0.0471 0.0516 0.0487
0.0298 0.0491 0.0514 0.049 0.051
0.0467 0.048 0.0518 0.0469 0.0501
0.0395 0.0473 0.0504 0.0482 0.047
0.0365 0.0491 0.0503 0.0455 0.0485
0.0505 0.05 0.046 0.0481 0.0487
0.0293 0.0454 0.046 0.0486 0.0463
0.0487 0.0454 0.0462 0.0499 0.0476
0.0428 0.0288 0.0496 0.0491 0.0496
0.0493 0.0454 0.0457 0.0463 0.0495
0.0503 0.0485 0.048 0.0524 0.0486
0.047 0.0485 0.0472 0.0499 0.0487
0.0511 0.0459 0.0465 0.0484 0.0481
0.0468 0.0479 0.0431 0.0505 0.0489
0.0462 0.0487 0.0464 0.0536 0.045
0.0496 0.0442 0.0501 0.0473 0.0481
0.0471 0.0482 0.0514 0.049 0.0499
0.0495 0.0484 0.0486 0.0493 0.0425
0.0475 0.0473 0.0483 0.0476 0.05
0.0468 0.0484 0.046 0.0493 0.0466
0.0473 0.0467 0.0347 0.0489 0.0472
0.0441 0.0366 0.0509 0.0472 0.0508
0.0312 0.0298 0.0483 0.0423 0.0494
0.0455 0.0457 0.0458 0.03 0.0485
0.0483 0.0496 0.0491 0.0398 0.0478
0.0457 0.0445 0.048 0.0492 0.05
0.0476 0.0492 0.0495 0.0494 0.0468
0.0481 0.0506 0.0469 0.0514 0.0505
0.0464 0.0488 0.0462 0.0442 0.0534
0.0468 0.0485 0.0261 0.0438 0.0492
0.0476 0.0521 0.0477 0.0478 0.0471
0.0497 0.048 0.0504 0.0475 0.0497
0.0411 0.0388 0.0494 0.0483 0.0477
0.0452 0.0475 0.0483 0.0505 0.0472
0.0465 0.047 0.0518 0.0463 0.053
0.0482 0.0515 0.0394 0.0511 0.0436
0.0479 0.0478 0.0514 0.0506 0.0433
0.0479 0.0483 0.0454 0.0508 0.0491
0.0466 0.0454 0.0467 0.0276 0.0456
0.0493 0.0514 0.0471 0.0479 0.0466
0.0478 0.0491
