0.0478 0.02726775 0.0485 0.0401 0.0344
0.047 0.0505 0.0487 0.0482 0.0478
0.0449 0.0458 0.051 0.0503 0.0459
0.0465 0.0403 0.0514 0.0433 0.0542
0.0478 0.0323 0.044 0.0465 0.0473
0.0449 0.0504 0.0454 0.0324 0.0383
0.0467 0.044 0.0471 0.0466 0.0468
0.0504 0.0446 0.0467 0.0501 0.0292
0.0484 0.0435 0.0498 0.0455 0.049
0.0509 0.0503 0.0498 0.0465 0.0471
0.048 0.0457 0.046 0.0499 0.0451
0.0492 0.0466 0.0489 0.047 0.0481
0.0465 0.0442 0.0322 0.0471 0.0484
0.0491 0.0528 0.0508 0.0438 0.0442
0.0482 0.0513 0.0504 0.049 0.0478
0.0497 0.0492 0.0491 0.0504 0.044
0.0487 0.0487 0.0506 0.0453 0.048
0.0492 0.0487 0.047 0.0485 0.05
0.0371 0.0286 0.0511 0.05 0.0466
0.049 0.0449 0.0461 0.0494 0.0498
0.0436 0.0481 0.0459 0.0485 0.0476
0.0473 0.0463 0.0498 0.0465 0.0494
0.0458 0.0486 0.0411 0.0489 0.0478
0.0445 0.0482 0.05 0.0484 0.0258
0.0446 0.0405 0.0445 0.0508 0.049
0.0471 0.0492 0.0453 0.0478 0.043
0.0464 0.0498 0.0473 0.0479 0.0492
0.0488 0.0495 0.0452 0.0463 0.0485
0.0464 0.0476 0.0412 0.0519 0.0488
0.0466 0.0447 0.0265 0.0482 0.0429
0.0488 0.0343 0.0459 0.0468 0.0479
0.0493 0.0477 0.0481 0.0395 0.0488
0.0266 0.0462 0.0467 0.0458 0.0487
0.0502 0.0475 0.0475 0.0483 0.0455
0.0507 0.037 0.026 0.043 0.046
0.0471 0.0476 0.0494 0.0472 0.0457
0.0477 0.0484 0.0449 0.0466 0.0494
0.0454 0.0473 0.0467 0.0451 0.0472
0.0396 0.0483 0.0443 0.0499 0.0471
0.049 0.0361 0.0445 0.0434 0.0491
0.0495 0.0456
