0.0484 0.02623687 0.0481 0.035 0.044
0.0464 0.0419 0.05 0.041 0.0456
0.0463 0.0479 0.0412 0.0485 0.0469
0.0477 0.0502 0.0418 0.0511 0.0447
0.0466 0.0438 0.0469 0.048 0.0496
0.0425 0.0406 0.0431 0.0506 0.0489
0.0457 0.0472 0.0477 0.0415 0.0503
0.0434 0.0418 0.0482 0.049 0.0494
0.0455 0.0474 0.0482 0.0367 0.0513
0.0437 0.0422 0.0403 0.0469 0.0399
0.0417 0.0453 0.0455 0.048 0.0463
0.0498 0.0483 0.0476 0.0468 0.0434
0.0417 0.0485 0.0349 0.0446 0.0486
0.0454 0.0476 0.0485 0.0481 0.0504
0.046 0.0398 0.0472 0.0351 0.0398
0.0446 0.048 0.0484 0.0453 0.0488
0.0448 0.0446 0.0482 0.0482 0.0463
0.0388 0.0437 0.0448 0.0304 0.0504
0.0474 0.0419 0.0506 0.0454 0.0486
0.0489 0.0468 0.0483 0.0392 0.0486
0.0437 0.0485 0.0422 0.0481 0.0492
0.0469 0.046 0.0504 0.0466 0.0363
0.0477 0.0434 0.0466 0.0511 0.0476
0.0494 0.0464 0.0483 0.0472 0.0533
0.0485 0.0489 0.0489 0.0391 0.0478
0.0461 0.0474 0.0475 0.0443 0.0394
0.0504 0.0501 0.0456 0.0481 0.0453
0.0505 0.0465 0.0372 0.0468 0.0486
0.0429 0.0449 0.0511 0.0478 0.0476
0.0411 0.0433 0.0493 0.051 0.0526
0.0475 0.0478 0.0519 0.0472 0.0435
0.0502 0.0469 0.0439 0.0466 0.052
0.049 0.0514 0.0474 0.0468 0.0464
0.0403 0.0477 0.0498 0.0478 0.0456
0.0501 0.0486 0.0436 0.0467 0.0376
0.0391 0.0486 0.0497 0.046 0.0488
0.051 0.0486 0.0475 0.0463 0.0408
0.0491 0.0472 0.0395 0.0519 0.0454
0.0502 0.0457 0.0459 0.0477 0.0424
0.0469 0.0476 0.0501 0.0483 0.0487
0.0489 0.0463
