0.0531 0.02930925 0.054 0.0558 0.0523
0.0531 0.0521 0.0544 0.0527 0.0526
0.0535 0.056 0.0533 0.0519 0.0552
0.0523 0.0525 0.0546 0.051 0.0538
0.0541 0.0505 0.0527 0.0557 0.0508
0.0522 0.0522 0.0509 0.0543 0.0569
0.0534 0.0556 0.0534 0.0525 0.0547
0.052 0.0525 0.0526 0.0546 0.0514
0.0555 0.054 0.0527 0.0531 0.0549
0.0489 0.0532 0.054 0.0504 0.0556
0.0507 0.0538 0.0547 0.0527 0.0508
0.0495 0.0501 0.0529 0.0556 0.0477
0.0549 0.0487 0.0528 0.0541 0.0515
0.0541 0.0511 0.052 0.055 0.0523
0.0552 0.0519 0.0545 0.0569 0.0527
0.0546 0.0494 0.0569 0.0563 0.0523
0.0571 0.0548 0.0542 0.0536 0.0563
0.0561 0.0555 0.0559 0.0522 0.0565
0.0521 0.0517 0.0527 0.0518 0.0549
0.0533 0.0524 0.0564 0.0517 0.0534
0.0562 0.0531 0.052 0.0524 0.0523
0.0536 0.0553 0.0511 0.0519 0.0529
0.0536 0.0522 0.054 0.0521 0.0549
0.052 0.0531 0.0531 0.0563 0.054
0.0547 0.0524 0.0512 0.0552 0.054
0.052 0.0528 0.0513 0.0526 0.0526
0.0496 0.0567 0.0545 0.0509 0.0531
0.0541 0.0548 0.0563 0.0529 0.0525
0.0519 0.0538 0.0524 0.0518 0.0523
0.0511 0.0546 0.0547 0.0579 0.055
0.0514 0.0512 0.0503 0.0517 0.0527
0.0532 0.0536 0.0523 0.0522 0.0518
0.0555 0.0587 0.051 0.053 0.0503
0.0543 0.0495 0.0519 0.0493 0.0496
0.055 0.0535 0.0535 0.0545 0.0561
0.0543 0.051 0.0543 0.0541 0.0466
0.0538 0.0522 0.0527 0.0507 0.0574
0.0554 0.0532 0.0507 0.0517 0.0564
0.0536 0.054 0.053 0.052 0.054
0.0536 0.0516 0.0559 0.0524 0.053
0.052 0.0509
