0.0497 0.02707536 0.0505 0.0478 0.052
0.038 0.0461 0.0533 0.0515 0.0486
0.049 0.0491 0.0523 0.046 0.05
0.0493 0.043 0.0466 0.042 0.0441
0.0454 0.0481 0.0514 0.0504 0.041
0.0486 0.0421 0.0492 0.0414 0.0505
0.0487 0.0451 0.0448 0.0486 0.0475
0.0522 0.0496 0.0477 0.039 0.0463
0.0472 0.0484 0.049 0.0535 0.0483
0.0486 0.0493 0.0395 0.0362 0.0471
0.0505 0.0496 0.0477 0.0501 0.047
0.0432 0.0411 0.049 0.0505 0.0514
0.0433 0.052 0.047 0.0506 0.04
0.0434 0.0453 0.0463 0.0431 0.0484
0.0445 0.0496 0.0515 0.0494 0.0393
0.0523 0.0479 0.048 0.0433 0.0407
0.0511 0.0471 0.0409 0.0494 0.0484
0.0495 0.049 0.0489 0.0486 0.05
0.0385 0.0456 0.0405 0.0506 0.0428
0.0484 0.0484 0.0489 0.0509 0.0468
0.0472 0.0496 0.0515 0.0457 0.047
0.0472 0.0439 0.0472 0.0502 0.0509
0.044 0.0433 0.0474 0.0491 0.048
0.0514 0.0492 0.046 0.0394 0.0458
0.0363 0.0478 0.0412 0.048 0.0482
0.0488 0.044 0.0379 0.051 0.0492
0.05 0.0494 0.0481 0.042 0.0477
0.0516 0.0431 0.0481 0.0411 0.0496
0.0502 0.0474 0.0519 0.0397 0.0487
0.0505 0.0378 0.0465 0.05 0.0502
0.0513 0.0514 0.0396 0.0498 0.0459
0.0514 0.0512 0.0483 0.0475 0.0356
0.0359 0.0482 0.0492 0.049 0.0421
0.0459 0.0405 0.044 0.0495 0.0485
0.0469 0.0475 0.0341 0.0499 0.0459
0.0457 0.0477 0.0425 0.049 0.0441
0.0523 0.0451 0.0515 0.0504 0.0486
0.0501 0.05 0.0461 0.042 0.0505
0.0484 0.0482 0.0443 0.0483 0.0491
0.0446 0.0375 0.0419 0.0502 0.0502
0.0481 0.0491
