0.0532 0.02858152 0.0516 0.05 0.0515
0.0254 0.0502 0.0507 0.0543 0.0535
0.0267 0.0429 0.0306 0.0428 0.0518
0.0529 0.0352 0.0536 0.0495 0.0524
0.0496 0.054 0.0541 0.0509 0.0555
0.0496 0.0509 0.0545 0.0552 0.0443
0.0492 0.0556 0.0543 0.055 0.0482
0.0534 0.0518 0.0488 0.0409 0.0551
0.0524 0.0549 0.0523 0.053 0.056
0.053 0.0508 0.0547 0.0465 0.0499
0.0545 0.0514 0.0537 0.0301 0.0522
0.0509 0.0411 0.0532 0.0461 0.0543
0.0549 0.0528 0.0535 0.0437 0.0521
0.0546 0.0562 0.0534 0.0514 0.0509
0.0526 0.0489 0.0545 0.0564 0.0553
0.0569 0.0534 0.0491 0.054 0.0377
0.0533 0.0535 0.0537 0.0546 0.0517
0.0539 0.0259 0.0553 0.0525 0.0483
0.0547 0.046 0.0528 0.052 0.0429
0.0525 0.0545 0.0561 0.0552 0.0543
0.0519 0.0562 0.0445 0.05 0.0557
0.0397 0.0532 0.0531 0.0489 0.041
0.0563 0.0352 0.0535 0.0523 0.0554
0.0514 0.0521 0.0517 0.053 0.0568
0.0301 0.0506 0.0513 0.0523 0.0535
0.0531 0.0493 0.051 0.053 0.0482
0.0543 0.0547 0.0493 0.0532 0.0537
0.0504 0.0518 0.0501 0.0525 0.0501
0.0532 0.0368 0.0338 0.0522 0.0425
0.0512 0.055 0.0548 0.0528 0.0374
0.0547 0.0535 0.0327 0.0504 0.0525
0.0548 0.0564 0.0508 0.0527 0.0527
0.0549 0.0509 0.053 0.0519 0.0479
0.0547 0.054 0.0531 0.0537 0.054
0.0509 0.0474 0.0527 0.0562 0.0512
0.0546 0.0508 0.0535 0.0543 0.0539
0.0553 0.0538 0.0528 0.0528 0.0526
0.0521 0.053 0.053 0.0526 0.0553
0.0544 0.0484 0.0514 0.0508 0.0515
0.0554 0.058 0.0526 0.0523 0.0543
0.0534 0.0499
