0.0501 0.02689385 0.0491 0.0512 0.0492
0.0512 0.0487 0.0489 0.0508 0.0476
0.0493 0.051 0.0394 0.0519 0.0514
0.0483 0.0515 0.0494 0.0502 0.0455
0.0495 0.0459 0.0438 0.0485 0.0524
0.0486 0.0482 0.0508 0.0415 0.0456
0.0494 0.0494 0.0453 0.0537 0.0537
0.053 0.0511 0.0481 0.049 0.047
0.0502 0.0481 0.0501 0.0435 0.0462
0.0503 0.049 0.0518 0.0497 0.0472
0.0497 0.0465 0.0489 0.0513 0.0478
0.0444 0.0511 0.0522 0.0497 0.0477
0.0483 0.0498 0.045 0.0511 0.0487
0.0497 0.0444 0.0482 0.0499 0.0485
0.0475 0.039 0.0444 0.0472 0.0514
0.0531 0.0515 0.0477 0.047 0.0535
0.0465 0.0502 0.048 0.0502 0.0528
0.0467 0.0508 0.0506 0.0481 0.0513
0.0482 0.0504 0.0497 0.0393 0.0302
0.0387 0.0294 0.0376 0.0509 0.0486
0.0488 0.0494 0.0506 0.0481 0.0476
0.0502 0.0519 0.0519 0.0493 0.0401
0.0501 0.0458 0.0512 0.0482 0.0471
0.0537 0.0498 0.0496 0.0488 0.0478
0.0471 0.051 0.0514 0.05 0.048
0.0496 0.0501 0.0521 0.0487 0.0511
0.0498 0.0523 0.0505 0.0463 0.0392
0.0477 0.0516 0.0509 0.0499 0.047
0.0535 0.0492 0.0495 0.039 0.0512
0.0498 0.0489 0.0403 0.0495 0.0491
0.0491 0.0521 0.0518 0.0514 0.0481
0.0509 0.0498 0.0506 0.0504 0.0479
0.0447 0.049 0.0529 0.042 0.0488
0.0481 0.0499 0.0436 0.0468 0.0478
0.0481 0.0507 0.0477 0.046 0.0507
0.0519 0.0467 0.0507 0.0497 0.0493
0.0476 0.0519 0.0481 0.0523 0.0435
0.051 0.053 0.0477 0.0492 0.0506
0.0484 0.0512 0.0523 0.0215 0.0508
0.0509 0.0484 0.0503 0.049 0.0496
0.046 0.0515
