0.0477 0.02515804 0.0457 0.0476 0.0478
0.0519 0.0467 0.0484 0.0502 0.0484
0.0413 0.0472 0.0372 0.0446 0.0508
0.0485 0.047 0.0481 0.0483 0.0373
0.0438 0.0457 0.0469 0.0466 0.0493
0.0438 0.0508 0.0499 0.0459 0.0454
0.0468 0.0477 0.0481 0.0444 0.0502
0.0515 0.0453 0.0488 0.0445 0.0522
0.0456 0.05 0.0475 0.0446 0.0514
0.0458 0.0452 0.0493 0.0466 0.0474
0.0484 0.0489 0.0467 0.0479 0.0499
0.0427 0.0466 0.0517 0.0453 0.0481
0.0472 0.0496 0.0468 0.0508 0.0459
0.0519 0.0459 0.0466 0.0485 0.0476
0.0288 0.047 0.0452 0.0456 0.0467
0.0464 0.0458 0.0406 0.0478 0.0451
0.0488 0.0487 0.0471 0.0494 0.0484
0.0476 0.0472 0.0461 0.0479 0.0478
0.0477 0.0494 0.0475 0.0491 0.047
0.0419 0.0498 0.0482 0.05 0.0453
0.0459 0.0455 0.0511 0.0502 0.047
0.0482 0.0495 0.0476 0.0465 0.0487
0.0496 0.0496 0.0522 0.0418 0.0474
0.0459 0.0505 0.046 0.0475 0.0476
0.0362 0.0469 0.0459 0.0488 0.0468
0.047 0.0355 0.05 0.0454 0.0425
0.0468 0.0478 0.0451 0.0473 0.0511
0.0447 0.0496 0.0477 0.0459 0.0488
0.0497 0.0415 0.0443 0.0494 0.0473
0.0451 0.0446 0.0465 0.0422 0.0514
0.0467 0.0455 0.0268 0.0482 0.0504
0.0487 0.0498 0.0471 0.0505 0.0486
0.0495 0.0479 0.0462 0.0496 0.0497
0.0474 0.0472 0.0426 0.0481 0.0502
0.0499 0.0461 0.0417 0.0469 0.0484
0.0367 0.0445 0.0463 0.0477 0.0486
0.046 0.0496 0.0491 0.0488 0.0441
0.0471 0.0458 0.0412 0.0405 0.0478
0.0493 0.0477 0.0507 0.0466 0.0451
0.0494 0.0476 0.0472 0.0467 0.0497
0.0489 0.0471
