0.0504 0.02883701 0.051 0.0493 0.0534
0.0474 0.051 0.0518 0.0512 0.0457
0.0494 0.051 0.0509 0.051 0.0516
0.0503 0.0462 0.0495 0.0525 0.053
0.0515 0.0478 0.0508 0.049 0.0506
0.0506 0.048 0.0492 0.0538 0.0525
0.0522 0.0501 0.0502 0.0488 0.0492
0.0513 0.0525 0.0456 0.048 0.052
0.0486 0.0529 0.0528 0.0473 0.054
0.0501 0.0508 0.053 0.0538 0.0502
0.0521 0.053 0.0471 0.049 0.048
0.0522 0.0495 0.0526 0.0487 0.0516
0.0481 0.0453 0.0521 0.051 0.0521
0.0532 0.0519 0.0505 0.0512 0.0487
0.051 0.0532 0.0526 0.0508 0.0495
0.0503 0.0522 0.0521 0.0487 0.0498
0.0456 0.0524 0.0526 0.0517 0.0506
0.0486 0.0531 0.0545 0.052 0.049
0.0486 0.0509 0.0531 0.0531 0.0501
0.0512 0.0505 0.0534 0.0503 0.0529
0.0524 0.0493 0.0483 0.0517 0.0524
0.0526 0.0536 0.0516 0.0501 0.0537
0.0483 0.0533 0.0517 0.0516 0.0497
0.0542 0.0538 0.0495 0.051 0.0506
0.0488 0.0526 0.0512 0.0495 0.05
0.0516 0.0511 0.0532 0.0491 0.0506
0.0459 0.0506 0.0491 0.0484 0.0511
0.0501 0.05 0.0536 0.0524 0.0507
0.0484 0.0498 0.0506 0.0503 0.0508
0.0467 0.0474 0.0559 0.0478 0.0501
0.0511 0.0522 0.0492 0.0465 0.0521
0.0522 0.0477 0.0502 0.0479 0.0487
0.051 0.0512 0.0481 0.0513 0.0519
0.0495 0.0519 0.0534 0.0513 0.0494
0.0487 0.0515 0.0519 0.0527 0.0447
0.0487 0.0514 0.0523 0.0494 0.0517
0.0486 0.0552 0.0509 0.0512 0.0497
0.0489 0.0547 0.0517 0.0573 0.0482
0.0487 0.05 0.0496 0.0468 0.0523
0.0534 0.051 0.0481 0.0494 0.0489
0.0524 0.0493
