0.0521 0.02896052 0.0523 0.0381 0.0524
0.0529 0.0515 0.0527 0.0475 0.0529
0.0455 0.0491 0.0525 0.0502 0.0521
0.0496 0.0445 0.0438 0.0509 0.0468
0.0519 0.0549 0.0513 0.0513 0.0527
0.0528 0.0538 0.0457 0.0553 0.0512
0.0511 0.049 0.052 0.0495 0.0422
0.0346 0.0498 0.0463 0.0355 0.0319
0.0372 0.049 0.0532 0.0508 0.0506
0.0502 0.0494 0.048 0.0505 0.0515
0.0506 0.0507 0.0468 0.0482 0.05
0.0433 0.044 0.0519 0.05 0.0523
0.0521 0.051 0.051 0.0507 0.0534
0.0535 0.0536 0.0518 0.0542 0.0526
0.0532 0.0488 0.0483 0.0426 0.0546
0.036 0.0502 0.0422 0.0543 0.0538
0.0549 0.052 0.048 0.0524 0.0539
0.0521 0.0539 0.0482 0.0517 0.047
0.0534 0.0449 0.0499 0.0525 0.0536
0.0515 0.0512 0.0515 0.0468 0.0504
0.0392 0.0517 0.0497 0.0504 0.0499
0.0508 0.0518 0.0489 0.0537 0.0536
0.0484 0.0525 0.0523 0.0501 0.0497
0.0514 0.0507 0.0527 0.0397 0.043
0.0434 0.0486 0.0488 0.0509 0.0517
0.0509 0.0537 0.0556 0.0537 0.0536
0.0491 0.0483 0.0532 0.0528 0.0516
0.052 0.0385 0.0527 0.054 0.0504
0.0513 0.0337 0.0517 0.0485 0.0513
0.0488 0.0529 0.0541 0.053 0.0509
0.0492 0.051 0.0461 0.0539 0.042
0.0544 0.0544 0.0402 0.0568 0.054
0.0517 0.0511 0.0479 0.0505 0.0504
0.052 0.0523 0.051 0.047 0.0513
0.0527 0.0484 0.0525 0.0388 0.0537
0.0536 0.0535 0.0354 0.0498 0.0526
0.0518 0.0531 0.0519 0.0503 0.0525
0.0528 0.0552 0.0508 0.0496 0.052
0.0527 0.0531 0.0496 0.0415 0.0435
0.0528 0.0521 0.0477 0.0493 0.046
0.0513 0.0513
