0.0516 0.02723376 0.0516 0.0444 0.0489
0.0514 0.0416 0.0391 0.0538 0.054
0.0584 0.0538 0.0477 0.0554 0.0541
0.0528 0.0465 0.0468 0.0512 0.0499
0.0524 0.0534 0.0496 0.0552 0.0502
0.0551 0.0512 0.0497 0.0495 0.0519
0.0486 0.0505 0.05 0.0585 0.043
0.0679 0.0536 0.0516 0.0423 0.0427
0.0505 0.0487 0.052 0.0498 0.0482
0.0513 0.0499 0.054 0.0762 0.0543
0.0528 0.0519 0.0528 0.0437 0.0515
0.0503 0.0398 0.0528 0.0468 0.0514
0.0498 0.0483 0.0516 0.0501 0.0494
0.0507 0.0497 0.0551 0.0508 0.0526
0.0534 0.0507 0.051 0.0664 0.0483
0.0535 0.0507 0.0524 0.0535 0.052
0.0429 0.0428 0.0522 0.0621 0.0525
0.0499 0.0549 0.0528 0.0541 0.0509
0.0581 0.0372 0.0523 0.0528 0.053
0.055 0.0503 0.0512 0.0538 0.0499
0.0532 0.0404 0.0429 0.0437 0.0508
0.048 0.0432 0.0476 0.051 0.0546
0.0534 0.0461 0.0415 0.0501 0.0525
0.0514 0.0424 0.049 0.0498 0.0449
0.05 0.0449 0.0514 0.0533 0.0515
0.0492 0.0592 0.0451 0.0469 0.049
0.0474 0.0547 0.0496 0.0724 0.0567
0.0501 0.0484 0.0557 0.0437 0.0504
0.0492 0.0525 0.0466 0.0366 0.0504
0.0426 0.0498 0.0519 0.0463 0.0536
0.0454 0.0539 0.067 0.0536 0.0581
0.0498 0.0504 0.0508 0.049 0.05
0.0751 0.0575 0.0416 0.0546 0.0483
0.0538 0.06 0.0512 0.0584 0.0553
0.0524 0.0522 0.0532 0.0514 0.0514
0.0501 0.0432 0.0486 0.0504 0.0508
0.0478 0.0437 0.0423 0.0466 0.0547
0.0525 0.049 0.0536 0.0523 0.0496
0.0504 0.0433 0.0512 0.0536 0.054
0.0501 0.0508 0.052 0.0528 0.0514
0.054 0.0521
