0.0474 0.02597277 0.0427 0.049 0.0348
0.0504 0.0499 0.0505 0.031 0.0484
0.0286 0.0467 0.0512 0.0458 0.0497
0.0296 0.0519 0.0453 0.0449 0.046
0.0457 0.0465 0.0445 0.0495 0.0468
0.0467 0.0501 0.0444 0.0422 0.0461
0.0364 0.0447 0.025 0.0261 0.0411
0.032 0.048 0.0396 0.0679 0.0458
0.0464 0.0499 0.0513 0.047 0.0509
0.0509 0.0476 0.0476 0.0462 0.0462
0.05 0.0402 0.0297 0.0413 0.0492
0.0198 0.05 0.0347 0.0484 0.048
0.0459 0.0474 0.0295 0.0226 0.0428
0.0526 0.0414 0.0463 0.0253 0.0548
0.04 0.0443 0.0472 0.0395 0.0515
0.0462 0.0465 0.0489 0.0498 0.0476
0.0492 0.0459 0.0496 0.043 0.0438
0.0407 0.0477 0.0497 0.0468 0.0479
0.0504 0.0447 0.033 0.0457 0.0507
0.0358 0.049 0.043 0.0459 0.0414
0.064 0.0325 0.0447 0.0472 0.0424
0.0472 0.0491 0.0477 0.0482 0.0487
0.0455 0.0478 0.0434 0.0285 0.0411
0.0248 0.0496 0.0465 0.0489 0.0406
0.0518 0.0476 0.0456 0.0469 0.0482
0.0467 0.0429 0.0478 0.0303 0.0463
0.0483 0.0528 0.0479 0.0462 0.0488
0.0507 0.0489 0.045 0.0436 0.0479
0.0471 0.0494 0.0305 0.0457 0.047
0.0462 0.0487 0.0492 0.0408 0.0476
0.0475 0.0484 0.0481 0.0454 0.0476
0.0475 0.0472 0.0302 0.0515 0.0472
0.0488 0.0383 0.0471 0.0354 0.0502
0.0448 0.0445 0.0433 0.0453 0.0474
0.0487 0.0469 0.038 0.0474 0.0461
0.0498 0.0521 0.0382 0.0489 0.0492
0.0323 0.0394 0.0508 0.0483 0.0244
0.0472 0.0468 0.0302 0.0481 0.0496
0.0497 0.0288 0.047 0.0474 0.047
0.0517 0.0485 0.0391 0.0377 0.0441
0.0463 0.0474
