0.0456 0.02628901 0.0467 0.0383 0.0461
0.0446 0.0461 0.0443 0.0383 0.0467
0.0472 0.0452 0.0476 0.0453 0.0477
0.0455 0.0456 0.0401 0.0441 0.0385
0.0485 0.0422 0.0447 0.045 0.0434
0.0391 0.0439 0.0396 0.0479 0.0399
0.0464 0.0413 0.0446 0.0448 0.0457
0.0418 0.0458 0.0438 0.046 0.0436
0.0451 0.0416 0.0511 0.0446 0.0426
0.0364 0.0413 0.0476 0.0434 0.0338
0.0367 0.0467 0.0533 0.037 0.0421
0.0412 0.0497 0.0447 0.0475 0.0439
0.0431 0.0442 0.0503 0.0415 0.0498
0.0443 0.0392 0.0433 0.0472 0.047
0.0411 0.0533 0.0431 0.0387 0.0463
0.0369 0.0492 0.042 0.0457 0.0363
0.0396 0.042 0.0478 0.0459 0.0402
0.046 0.0487 0.0381 0.0441 0.045
0.0468 0.037 0.0454 0.0402 0.0423
0.0451 0.0475 0.041 0.0464 0.0372
0.0425 0.0451 0.0411 0.0468 0.0483
0.04 0.0452 0.0395 0.0466 0.0372
0.0475 0.0406 0.0432 0.0425 0.0483
0.0405 0.0413 0.0375 0.0483 0.0478
0.0499 0.0373 0.0362 0.0484 0.0443
0.0452 0.0525 0.0431 0.0449 0.0478
0.0349 0.0516 0.0462 0.0456 0.0452
0.0414 0.049 0.0371 0.0526 0.0476
0.0472 0.0481 0.0458 0.0384 0.0415
0.0436 0.0411 0.039 0.046 0.0405
0.0448 0.0399 0.0393 0.0435 0.045
0.0465 0.0406 0.0376 0.0473 0.0389
0.0448 0.0438 0.0415 0.0418 0.0445
0.0438 0.0472 0.0479 0.0381 0.0447
0.0433 0.0428 0.0474 0.0462 0.041
0.0372 0.045 0.0616 0.0464 0.0421
0.0413 0.0492 0.0382 0.0478 0.0376
0.0456 0.0487 0.0447 0.0428 0.0382
0.0392 0.0426 0.0404 0.0475 0.0517
0.0454 0.0456 0.042 0.0372 0.0451
0.0449 0.0452
