0.0482 0.0276144 0.0489 0.0503 0.0483
0.0468 0.0486 0.046 0.0471 0.0494
0.0514 0.0519 0.0495 0.0397 0.0461
0.0499 0.0479 0.0516 0.0477 0.0479
0.0434 0.0518 0.0499 0.0489 0.0464
0.0427 0.0507 0.048 0.0475 0.0494
0.046 0.0473 0.0503 0.0483 0.0473
0.049 0.0455 0.0442 0.0509 0.0468
0.0477 0.0471 0.0487 0.047 0.0503
0.0468 0.0482 0.0448 0.0477 0.0466
0.0487 0.0456 0.0476 0.0479 0.0472
0.0504 0.0481 0.0474 0.0529 0.0495
0.0498 0.051 0.0477 0.0464 0.0489
0.0489 0.0493 0.05 0.0483 0.0499
0.0482 0.0496 0.0494 0.0446 0.0467
0.0503 0.0464 0.0512 0.0448 0.048
0.0507 0.0472 0.0475 0.0485 0.0501
0.0474 0.0525 0.0467 0.0492 0.0504
0.05 0.0489 0.0459 0.0456 0.0493
0.0477 0.0509 0.0412 0.0501 0.0486
0.0476 0.0396 0.0495 0.0502 0.0448
0.0489 0.0509 0.0469 0.0492 0.0496
0.0447 0.0498 0.0473 0.0494 0.0462
0.051 0.0498 0.0487 0.0462 0.0446
0.0453 0.0519 0.0491 0.048 0.0502
0.0499 0.0503 0.0462 0.0489 0.0458
0.049 0.0494 0.0525 0.0457 0.0451
0.0456 0.048 0.0522 0.0485 0.0461
0.0443 0.0465 0.0475 0.0504 0.048
0.0492 0.0467 0.0473 0.0467 0.0489
0.0509 0.0509 0.0472 0.0482 0.0471
0.0459 0.0473 0.0498 0.0489 0.0498
0.0479 0.0501 0.0485 0.0499 0.0467
0.05 0.0446 0.0507 0.0462 0.0479
0.0317 0.0483 0.0507 0.0512 0.047
0.0463 0.0458 0.0531 0.0507 0.0438
0.0488 0.0472 0.0477 0.0475 0.0511
0.0466 0.0483 0.0499 0.0469 0.0459
0.0516 0.0461 0.0452 0.0363 0.0473
0.049 0.0477 0.0433 0.0487 0.0478
0.048 0.0471
