0.0491 0.02578068 0.0518 0.0489 0.0507
0.048 0.0506 0.0441 0.0475 0.0489
0.0476 0.0485 0.0472 0.0506 0.0502
0.0528 0.0535 0.0434 0.041 0.045
0.0488 0.0527 0.0517 0.0456 0.0495
0.0506 0.0497 0.0519 0.0467 0.0479
0.0518 0.0476 0.0474 0.0506 0.0512
0.044 0.0512 0.0479 0.0475 0.0513
0.048 0.0487 0.0517 0.0476 0.0517
0.0485 0.0495 0.0493 0.0519 0.0463
0.0512 0.0465 0.0493 0.0487 0.0487
0.0509 0.0506 0.0513 0.0405 0.0433
0.0497 0.0482 0.0443 0.0501 0.0435
0.0446 0.0505 0.0502 0.0521 0.0544
0.0488 0.0498 0.0486 0.0488 0.0547
0.0454 0.0523 0.0532 0.0484 0.0472
0.0309 0.0479 0.0468 0.0484 0.0454
0.053 0.0408 0.0476 0.046 0.0504
0.0473 0.0513 0.0466 0.0532 0.0507
0.0493 0.046 0.0471 0.0475 0.0462
0.0464 0.045 0.0487 0.0497 0.0497
0.0476 0.0518 0.0456 0.0468 0.0509
0.0514 0.0483 0.0495 0.0494 0.0514
0.0458 0.0426 0.0464 0.0497 0.0435
0.0496 0.05 0.0496 0.0498 0.0465
0.0503 0.0507 0.0461 0.0507 0.0485
0.0465 0.047 0.0505 0.0496 0.0526
0.0496 0.0433 0.0506 0.0357 0.0491
0.0463 0.0503 0.0483 0.0463 0.0466
0.0479 0.0517 0.0479 0.0503 0.0471
0.0489 0.0443 0.0476 0.0365 0.0267
0.0523 0.0457 0.0503 0.0508 0.0473
0.051 0.0469 0.0491 0.0484 0.0501
0.0495 0.0473 0.0427 0.0455 0.0491
0.0511 0.0483 0.0508 0.0476 0.0458
0.0473 0.0524 0.0475 0.0513 0.0478
0.0486 0.0494 0.0496 0.0344 0.0469
0.0499 0.0495 0.0478 0.0494 0.0499
0.0488 0.0511 0.0471 0.047 0.0495
0.0483 0.0471 0.0487 0.0482 0.0458
0.0494 0.0491
