0.048 0.02566373 0.0466 0.0478 0.0444
0.0495 0.0399 0.0392 0.0356 0.0406
0.0496 0.0476 0.0495 0.0458 0.0486
0.0429 0.0511 0.045 0.0463 0.0419
0.0486 0.0341 0.0419 0.0453 0.0448
0.0465 0.0478 0.0466 0.0394 0.0489
0.05 0.0425 0.0473 0.0354 0.0471
0.0478 0.0475 0.0482 0.048 0.0487
0.0458 0.0471 0.0502 0.0483 0.039
0.0471 0.0506 0.0484 0.0469 0.0449
0.0449 0.0475 0.0475 0.0469 0.0507
0.0469 0.0449 0.0472 0.0492 0.0499
0.0387 0.0438 0.0385 0.0479 0.0506
0.0489 0.0415 0.0458 0.0544 0.0484
0.0476 0.0367 0.0484 0.0479 0.0386
0.0489 0.0433 0.0509 0.0481 0.0452
0.0428 0.0375 0.0474 0.0427 0.041
0.0442 0.0394 0.0424 0.0394 0.0457
0.0433 0.0473 0.0424 0.0461 0.0466
0.0426 0.0434 0.0428 0.0476 0.0462
0.0425 0.0463 0.0399 0.047 0.0427
0.0457 0.0482 0.0412 0.0487 0.0458
0.0417 0.0384 0.0357 0.0438 0.0473
0.0419 0.0486 0.0374 0.0393 0.0359
0.0427 0.0451 0.0447 0.0501 0.047
0.0379 0.0472 0.05 0.0518 0.0464
0.0451 0.0487 0.04 0.0477 0.0501
0.0441 0.0423 0.0473 0.0414 0.0474
0.0431 0.0459 0.0459 0.0401 0.0501
0.0448 0.0497 0.0473 0.0482 0.0517
0.0418 0.0518 0.0404 0.0465 0.0473
0.0454 0.0459 0.0467 0.0428 0.0464
0.0398 0.0373 0.0489 0.0446 0.0384
0.0361 0.0468 0.0456 0.0407 0.0411
0.0408 0.0488 0.0491 0.0482 0.0475
0.0441 0.0504 0.0483 0.0489 0.0457
0.0475 0.0458 0.0466 0.0484 0.0471
0.0496 0.0497 0.0466 0.0446 0.0387
0.0445 0.0391 0.0398 0.0472 0.0493
0.0497 0.0454 0.0487 0.0483 0.0483
0.0404 0.0452
