0.052 0.02860097 0.0434 0.0541 0.055
0.0511 0.0458 0.0534 0.0499 0.0509
0.0545 0.0507 0.05 0.0545 0.0503
0.0557 0.0493 0.0514 0.0534 0.0515
0.0526 0.0505 0.0506 0.053 0.0424
0.0544 0.0544 0.0427 0.0516 0.0521
0.0519 0.0501 0.0525 0.0503 0.0547
0.0506 0.0537 0.0521 0.0531 0.0544
0.0525 0.0534 0.0511 0.0527 0.0533
0.0531 0.0535 0.0517 0.0521 0.053
0.0542 0.0546 0.0515 0.0534 0.0507
0.0505 0.0423 0.0546 0.054 0.0504
0.0534 0.0512 0.0535 0.0548 0.0516
0.0496 0.0545 0.0458 0.0499 0.055
0.0518 0.05 0.0523 0.0528 0.0502
0.0527 0.0505 0.0528 0.0535 0.05
0.0514 0.0438 0.0527 0.051 0.053
0.0513 0.0527 0.0469 0.0534 0.0529
0.0441 0.0522 0.0517 0.0436 0.0496
0.0491 0.0498 0.0421 0.0406 0.0501
0.0522 0.0545 0.05 0.0398 0.0471
0.0541 0.0517 0.0493 0.0509 0.0532
0.0527 0.0513 0.0526 0.0531 0.0553
0.0532 0.0502 0.0444 0.051 0.0453
0.0512 0.0494 0.0504 0.0525 0.0528
0.0417 0.05 0.0538 0.0536 0.0453
0.0522 0.0511 0.0528 0.0538 0.0511
0.0525 0.0507 0.0531 0.0542 0.0511
0.0494 0.0507 0.0529 0.0527 0.0512
0.0516 0.0508 0.0558 0.052 0.0513
0.0545 0.0519 0.0514 0.0514 0.0507
0.0516 0.0535 0.0517 0.056 0.0504
0.0554 0.0526 0.0552 0.0527 0.0527
0.0443 0.0489 0.0531 0.0519 0.0508
0.042 0.0497 0.0525 0.0518 0.053
0.0499 0.0502 0.0512 0.0532 0.0471
0.0532 0.0488 0.0502 0.0566 0.0518
0.0497 0.0473 0.0519 0.0517 0.0456
0.0485 0.0537 0.0543 0.0519 0.0451
0.0496 0.0534 0.0537 0.0529 0.0527
0.0527 0.0512
