0.0511 0.02695455 0.0484 0.0427 0.15
0.0525 0.0503 0.0505 0.0495 0.0481
0.0774 0.0509 0.0501 0.0486 0.0419
0.0459 0.0488 0.0479 0.0449 0.0539
0.0482 0.0723 0.0513 0.0294 0.0496
0.0876 0.0337 0.0505 0.0632 0.0495
0.0514 0.053 0.0477 0.0535 0.053
0.052 0.0518 0.0235 0.052 0.0527
0.048 0.0401 0.0412 0.0441 0.0535
0.0385 0.0508 0.0533 0.0415 0.0529
0.0518 0.0537 0.0485 0.0427 0.0345
0.0516 0.0523 0.0495 0.0528 0.0534
0.0523 0.0475 0.0329 0.0523 0.0467
0.0476 0.0713 0.0495 0.0527 0.0528
0.048 0.0468 0.0492 0.0449 0.0451
0.0529 0.0472 0.0546 0.0332 0.048
0.0507 0.038 0.0504 0.0528 0.0464
0.0499 0.0514 0.0369 0.0473 0.0418
0.059 0.0467 0.0507 0.0534 0.1368
0.051 0.0456 0.0616 0.0285 0.0506
0.029 0.0479 0.0506 0.0386 0.0485
0.0468 0.034 0.0345 0.0658 0.0501
0.0298 0.0393 0.051 0.0496 0.0336
0.0894 0.0509 0.0515 0.0444 0.0513
0.0356 0.055 0.0684 0.0507 0.0345
0.0502 0.0517 0.0395 0.039 0.0492
0.0467 0.0847 0.0345 0.0511 0.0516
0.0496 0.1287 0.0517 0.0307 0.0605
0.0515 0.0518 0.0531 0.0479 0.0497
0.0482 0.0534 0.0513 0.0487 0.0516
0.0426 0.0504 0.047 0.0478 0.0544
0.0546 0.0322 0.0496 0.0534 0.0505
0.0518 0.0535 0.0508 0.0361 0.0463
0.0539 0.0337 0.0475 0.0412 0.0506
0.0533 0.0467 0.0495 0.048 0.051
0.0526 0.0539 0.0456 0.0554 0.0488
0.0448 0.0517 0.0457 0.0429 0.0531
0.0477 0.0527 0.0481 0.0497 0.0515
0.0528 0.03 0.0501 0.0484 0.0416
0.0526 0.0487 0.0444 0.0478 0.0481
0.0518 0.0475
