0.046 0.02539238 0.0447 0.0592 0.0419
0.0384 0.0453 0.0447 0.0448 0.046
0.0346 0.0443 0.0373 0.0414 0.0538
0.0355 0.0345 0.0452 0.0455 0.0343
0.0459 0.0442 0.0388 0.0484 0.0397
0.0395 0.0386 0.0446 0.0389 0.0477
0.0411 0.0433 0.054 0.0481 0.0459
0.0441 0.0419 0.0479 0.0392 0.0391
0.0459 0.0483 0.0431 0.0468 0.0491
0.0441 0.0397 0.0431 0.0425 0.043
0.0403 0.0407 0.0431 0.0384 0.15
0.0382 0.0432 0.0415 0.0465 0.0449
0.0414 0.0463 0.0531 0.0443 0.0464
0.0409 0.0388 0.0433 0.0424 0.1194
0.0548 0.0442 0.0411 0.0367 0.0483
0.0448 0.0496 0.0489 0.0746 0.0454
0.0492 0.0453 0.0346 0.0781 0.0468
0.061 0.0419 0.044 0.0371 0.0458
0.0487 0.0396 0.0472 0.0443 0.044
0.0354 0.0397 0.0518 0.0528 0.0433
0.0425 0.0507 0.038 0.0413 0.0415
0.0457 0.0475 0.0432 0.046 0.0523
0.0468 0.0909 0.0424 0.045 0.053
0.001 0.0421 0.0964 0.0479 0.0451
0.044 0.0406 0.0416 0.0381 0.0429
0.0422 0.0407 0.0397 0.0477 0.0407
0.0465 0.1191 0.0458 0.0445 0.0376
0.0597 0.0424 0.0412 0.04 0.0484
0.0481 0.1258 0.0404 0.0472 0.0478
0.1184 0.0436 0.0393 0.0465 0.046
0.0487 0.0521 0.039 0.0459 0.0374
0.0389 0.0451 0.082 0.044 0.0493
0.0472 0.0466 0.0449 0.0319 0.0452
0.0453 0.0414 0.0438 0.0417 0.0375
0.0357 0.071 0.0371 0.0502 0.0539
0.0462 0.0358 0.0383 0.0422 0.0385
0.0439 0.0458 0.0473 0.0403 0.0488
0.0483 0.0426 0.0466 0.0402 0.0463
0.0478 0.0474 0.04 0.0477 0.0603
0.0453 0.0387 0.0437 0.0438 0.0423
0.1218 0.0412
