0.0497 0.02788866 0.0733 0.0407 0.15
0.15 0.15 0.0498 0.15 0.15
0.0478 0.0402 0.04 0.15 0.0468
0.0933 0.15 0.15 0.15 0.15
0.15 0.15 0.15 0.15 0.0498
0.0437 0.15 0.0492 0.0835 0.15
0.05 0.15 0.1458 0.15 0.15
0.0671 0.15 0.15 0.15 0.15
0.15 0.15 0.15 0.15 0.0691
0.15 0.15 0.15 0.15 0.15
0.0415 0.15 0.0451 0.15 0.15
0.0642 0.1483 0.0527 0.15 0.15
0.15 0.15 0.15 0.0911 0.15
0.15 0.0487 0.15 0.0523 0.15
0.15 0.15 0.15 0.15 0.15
0.15 0.0892 0.15 0.123 0.15
0.0506 0.15 0.15 0.15 0.15
0.0504 0.112 0.15 0.0824 0.15
0.15 0.0512 0.15 0.0518 0.15
0.15 0.0422 0.15 0.15 0.0326
0.15 0.15 0.15 0.15 0.0373
0.15 0.0712 0.0697 0.15 0.15
0.15 0.15 0.15 0.15 0.15
0.15 0.15 0.0521 0.15 0.15
0.0358 0.0478 0.15 0.0887 0.15
0.15 0.15 0.15 0.15 0.0513
0.052 0.1363 0.15 0.15 0.15
0.0519 0.0517 0.1392 0.15 0.0508
0.15 0.0352 0.15 0.15 0.0489
0.0785 0.15 0.15 0.15 0.15
0.15 0.0394 0.15 0.0511 0.15
0.0412 0.15 0.15 0.15 0.15
0.0565 0.15 0.15 0.0551 0.15
0.15 0.095 0.0499 0.0366 0.1239
0.15 0.15 0.15 0.15 0.15
0.15 0.15 0.0503 0.15 0.15
0.0493 0.15 0.15 0.15 0.15
0.15 0.15 0.15 0.15 0.0645
0.0522 0.1226 0.15 0.0563 0.0775
0.15 0.0502 0.15 0.15 0.15
0.15 0.0353
