0.0514 0.02664607 0.0523 0.0524 0.0502
0.0485 0.0513 0.0498 0.0512 0.0523
0.0552 0.0513 0.0525 0.0502 0.0529
0.0518 0.0502 0.0505 0.0519 0.0529
0.056 0.0501 0.0489 0.0522 0.051
0.0512 0.0529 0.0481 0.0476 0.0545
0.0508 0.0539 0.0498 0.0506 0.0504
0.0524 0.0523 0.0513 0.0507 0.0494
0.05 0.0474 0.0535 0.0504 0.0519
0.0564 0.0518 0.0535 0.0542 0.0541
0.0503 0.0509 0.0545 0.0508 0.0538
0.0512 0.0535 0.0493 0.0474 0.049
0.0517 0.053 0.0508 0.0545 0.053
0.0516 0.0516 0.0548 0.0521 0.0544
0.0534 0.052 0.051 0.0529 0.0528
0.0534 0.0497 0.0501 0.0501 0.0498
0.0522 0.0531 0.052 0.0524 0.0496
0.0501 0.0514 0.0524 0.0511 0.0541
0.0517 0.0507 0.0545 0.0529 0.0485
0.049 0.0531 0.0517 0.053 0.0517
0.0533 0.0533 0.0528 0.0509 0.0498
0.0535 0.0433 0.0528 0.0486 0.0521
0.0518 0.0521 0.0481 0.0526 0.0491
0.0524 0.0571 0.0454 0.0502 0.0495
0.057 0.0508 0.0529 0.0476 0.051
0.0497 0.0524 0.0503 0.05 0.0529
0.0503 0.0547 0.0495 0.0523 0.0555
0.055 0.0522 0.0535 0.0488 0.0538
0.0515 0.0527 0.051 0.0529 0.0522
0.0541 0.0497 0.0517 0.0505 0.0491
0.0556 0.0482 0.0517 0.0511 0.0493
0.0485 0.0541 0.051 0.0502 0.051
0.0514 0.0507 0.0531 0.0517 0.0525
0.0504 0.0506 0.0496 0.0531 0.0507
0.0491 0.046 0.0493 0.0505 0.0546
0.0512 0.0504 0.0495 0.053 0.0533
0.0523 0.051 0.0499 0.051 0.0531
0.0487 0.0529 0.0499 0.05 0.0496
0.0537 0.051 0.0526 0.052 0.0502
0.0556 0.051 0.052 0.0472 0.0522
0.0533 0.0533
