0.047 0.0245064 0.0431 0.0484 0.0437
0.04 0.0417 0.0617 0.0463 0.0361
0.0444 0.0373 0.0379 0.0466 0.0475
0.0468 0.0333 0.0333 0.0234 0.0424
0.0465 0.0478 0.0452 0.0482 0.0467
0.0424 0.0468 0.0384 0.0468 0.0462
0.0465 0.0482 0.0454 0.045 0.048
0.0435 0.0461 0.0382 0.0471 0.048
0.0489 0.0448 0.0507 0.042 0.0459
0.0502 0.0494 0.0454 0.045 0.035
0.0335 0.0468 0.0259 0.0445 0.0418
0.0361 0.0406 0.0467 0.049 0.046
0.0359 0.0389 0.043 0.0472 0.0454
0.047 0.0477 0.0463 0.0453 0.0263
0.0457 0.0481 0.0441 0.0475 0.0392
0.067 0.0455 0.0519 0.0455 0.0361
0.0377 0.0454 0.0499 0.0476 0.0432
0.0482 0.0468 0.0432 0.0442 0.0464
0.0505 0.0375 0.0453 0.0454 0.0433
0.048 0.0447 0.0332 0.0484 0.0565
0.0496 0.0385 0.0448 0.0469 0.0427
0.0462 0.0435 0.0469 0.0502 0.0394
0.0448 0.0473 0.0471 0.0502 0.0506
0.0483 0.0465 0.0466 0.0496 0.046
0.0479 0.0453 0.0472 0.0447 0.0457
0.0454 0.0434 0.0463 0.0413 0.0402
0.0522 0.0506 0.0465 0.0468 0.0473
0.0464 0.0531 0.0454 0.0465 0.0398
0.0486 0.0479 0.0247 0.0515 0.0418
0.0482 0.0423 0.0436 0.0459 0.0399
0.0505 0.0469 0.0495 0.0447 0.0457
0.0454 0.0479 0.0469 0.0481 0.0582
0.0461 0.0489 0.047 0.0432 0.0473
0.0447 0.0507 0.048 0.0514 0.0466
0.0484 0.0355 0.0475 0.0551 0.045
0.0486 0.0339 0.0475 0.0514 0.0477
0.0452 0.0469 0.0448 0.0454 0.0461
0.0548 0.0442 0.0487 0.0464 0.0461
0.0446 0.0452 0.048 0.0582 0.044
0.0317 0.0479 0.0313 0.0389 0.0475
0.0477 0.0462
