0.0453 0.02635884 0.0449 0.045 0.0462
0.051 0.0482 0.0463 0.0459 0.048
0.0451 0.045 0.0447 0.0409 0.0426
0.0469 0.043 0.0441 0.0451 0.0452
0.0459 0.0448 0.0469 0.0433 0.0449
0.0435 0.0455 0.0461 0.0428 0.0474
0.0449 0.0464 0.0411 0.0428 0.0406
0.045 0.0473 0.046 0.0401 0.0469
0.0442 0.042 0.0445 0.0448 0.0452
0.0464 0.0437 0.0448 0.0453 0.0445
0.0442 0.0433 0.0444 0.0456 0.0417
0.0395 0.0428 0.0448 0.0492 0.0438
0.0429 0.0499 0.0417 0.0441 0.0445
0.0438 0.0441 0.0452 0.0465 0.0471
0.0405 0.0429 0.0473 0.0463 0.0451
0.0457 0.0472 0.0435 0.0444 0.0452
0.0431 0.0469 0.0463 0.0441 0.0443
0.0448 0.0434 0.039 0.044 0.0431
0.0402 0.0484 0.0436 0.0439 0.0435
0.0438 0.0472 0.0429 0.0462 0.0447
0.0432 0.0468 0.0458 0.0406 0.0436
0.0394 0.0427 0.045 0.0444 0.0455
0.046 0.0354 0.0458 0.0421 0.0477
0.0444 0.0475 0.0467 0.044 0.0448
0.0471 0.0459 0.0455 0.0448 0.0446
0.0437 0.0471 0.0435 0.0452 0.0441
0.0459 0.0454 0.0449 0.0454 0.044
0.0455 0.0407 0.044 0.043 0.0443
0.0435 0.0429 0.0464 0.0368 0.0464
0.0469 0.0424 0.0436 0.0453 0.0445
0.041 0.0429 0.0433 0.0444 0.046
0.0452 0.0412 0.0492 0.0425 0.0469
0.0443 0.0439 0.045 0.0436 0.0428
0.0451 0.0458 0.0418 0.0405 0.0481
0.0462 0.0414 0.0486 0.0434 0.0415
0.0421 0.0482 0.0446 0.0451 0.0423
0.0449 0.0459 0.0452 0.0463 0.0427
0.0457 0.0456 0.0425 0.0439 0.0469
0.0405 0.0422 0.0398 0.0455 0.0424
0.0465 0.0447 0.0461 0.0447 0.0457
0.043 0.0451
