0.0532 0.03084006 0.0533 0.054 0.0534
0.0515 0.0582 0.0541 0.0475 0.0522
0.0501 0.0527 0.0533 0.051 0.0567
0.0564 0.0538 0.0524 0.0528 0.0517
0.0526 0.0539 0.0534 0.0572 0.0555
0.0581 0.0526 0.0549 0.0539 0.0523
0.0545 0.0524 0.0553 0.05 0.0545
0.0549 0.0557 0.0555 0.0566 0.0513
0.0564 0.0542 0.0547 0.052 0.0493
0.0546 0.05 0.0532 0.0537 0.0528
0.0538 0.0535 0.054 0.0516 0.0549
0.0525 0.0556 0.0542 0.0513 0.0512
0.0525 0.0535 0.0559 0.0554 0.0555
0.0567 0.0544 0.0538 0.0509 0.0537
0.0519 0.0508 0.0568 0.0535 0.0552
0.0511 0.0532 0.0518 0.0543 0.0534
0.0576 0.0503 0.0537 0.0547 0.0534
0.0534 0.0521 0.0551 0.0556 0.0463
0.0526 0.0529 0.0542 0.0513 0.055
0.0531 0.0522 0.0563 0.0575 0.0571
0.052 0.0541 0.0531 0.0543 0.0538
0.0518 0.0522 0.0525 0.0519 0.0545
0.0523 0.0568 0.0504 0.0546 0.0531
0.0516 0.0543 0.0531 0.0519 0.0462
0.0549 0.0505 0.0532 0.0536 0.0498
0.0533 0.0498 0.0521 0.0534 0.0539
0.05 0.0608 0.0571 0.0509 0.0547
0.054 0.0518 0.0555 0.0521 0.0521
0.0557 0.0519 0.056 0.0522 0.0536
0.0561 0.0546 0.0567 0.0534 0.0543
0.0535 0.0524 0.053 0.0534 0.0545
0.0547 0.0534 0.0544 0.0525 0.0567
0.052 0.0537 0.0491 0.054 0.0527
0.0517 0.0517 0.0516 0.0521 0.0546
0.0542 0.0529 0.0549 0.0529 0.0562
0.0526 0.0534 0.0524 0.052 0.0527
0.0542 0.0512 0.0528 0.0518 0.0554
0.0534 0.0512 0.0513 0.0552 0.054
0.053 0.054 0.0512 0.0508 0.0537
0.0524 0.0523 0.054 0.0528 0.0543
0.0537 0.0506
