0.0482 0.02656792 0.0458 0.0356 0.0485
0.051 0.0406 0.035 0.0485 0.0349
0.0363 0.0463 0.0503 0.0475 0.0471
0.0465 0.0438 0.0499 0.0447 0.0326
0.0485 0.0507 0.0454 0.0513 0.0505
0.048 0.0487 0.0522 0.0477 0.0388
0.0328 0.0458 0.047 0.0498 0.0307
0.0466 0.0512 0.0511 0.0499 0.0277
0.045 0.0445 0.045 0.0488 0.0472
0.0423 0.0457 0.0448 0.0459 0.048
0.0493 0.0465 0.0503 0.0482 0.0349
0.0452 0.0486 0.0429 0.0492 0.0473
0.0499 0.0408 0.0516 0.0511 0.0469
0.0454 0.047 0.0519 0.05 0.0475
0.0464 0.0504 0.0397 0.048 0.0507
0.0464 0.0485 0.0425 0.0446 0.0495
0.0479 0.0464 0.0313 0.0499 0.0493
0.049 0.0512 0.0337 0.0349 0.0497
0.0479 0.0503 0.0475 0.0278 0.05
0.0365 0.0435 0.0477 0.0473 0.0467
0.0459 0.0488 0.0483 0.0491 0.0445
0.0331 0.0477 0.0449 0.0504 0.0498
0.0471 0.0485 0.0464 0.0473 0.047
0.048 0.044 0.0475 0.0441 0.0465
0.047 0.0478 0.0455 0.0484 0.0477
0.0482 0.0447 0.0365 0.0496 0.0488
0.0472 0.0458 0.0485 0.0527 0.0477
0.0477 0.0508 0.0494 0.0473 0.048
0.0473 0.0305 0.049 0.0448 0.0348
0.034 0.05 0.0413 0.0474 0.0493
0.0528 0.0495 0.049 0.0472 0.0485
0.0374 0.0515 0.0512 0.05 0.032
0.0504 0.0492 0.0468 0.0492 0.0446
0.0496 0.0503 0.0519 0.0409 0.0491
0.0418 0.0502 0.0474 0.0401 0.0284
0.0478 0.0499 0.0453 0.05 0.0467
0.049 0.0486 0.0462 0.0507 0.048
0.0461 0.0485 0.0474 0.0342 0.0449
0.0533 0.0479 0.0487 0.0444 0.047
0.048 0.0491 0.0447 0.0485 0.0464
0.0515 0.0473
