0.0447 0.02433984 0.0409 0.0423 0.0313
0.0466 0.0424 0.0439 0.0467 0.0452
0.04 0.0455 0.0433 0.0416 0.037
0.0487 0.0459 0.0394 0.0409 0.0443
0.0439 0.0426 0.0392 0.044 0.0452
0.0486 0.0413 0.0419 0.0367 0.0458
0.0436 0.0356 0.0437 0.047 0.0434
0.0454 0.0455 0.0454 0.0444 0.039
0.0444 0.0422 0.0441 0.045 0.0467
0.0483 0.0424 0.0417 0.047 0.0407
0.0454 0.0433 0.0314 0.0433 0.0452
0.0439 0.0448 0.0406 0.0436 0.04
0.0385 0.0432 0.0501 0.0436 0.0457
0.0376 0.0372 0.0434 0.0403 0.0439
0.0445 0.0451 0.0419 0.0469 0.0445
0.0472 0.0383 0.0438 0.0434 0.0448
0.0445 0.0456 0.0444 0.042 0.0462
0.0438 0.0443 0.0418 0.0447 0.0482
0.047 0.0488 0.0449 0.0439 0.0429
0.0456 0.0469 0.0411 0.0435 0.0466
0.0445 0.0426 0.0473 0.0436 0.0452
0.0411 0.0475 0.043 0.0475 0.0428
0.0447 0.0443 0.0449 0.0442 0.0441
0.0427 0.0437 0.0444 0.0459 0.0462
0.0404 0.0432 0.0407 0.0408 0.038
0.0423 0.0468 0.0407 0.0475 0.0413
0.0437 0.0474 0.0436 0.045 0.045
0.0419 0.0461 0.0476 0.0448 0.0438
0.0452 0.0438 0.044 0.0457 0.0425
0.0418 0.0432 0.0402 0.0447 0.044
0.0372 0.0418 0.0463 0.0464 0.0477
0.0427 0.044 0.0392 0.0435 0.0424
0.0447 0.0431 0.0423 0.0439 0.0426
0.0438 0.0436 0.0495 0.047 0.0448
0.0443 0.0444 0.0464 0.0435 0.0447
0.0439 0.0441 0.0468 0.0412 0.0424
0.0422 0.0445 0.0449 0.0481 0.0399
0.0458 0.0409 0.0402 0.0453 0.0426
0.0447 0.0432 0.0389 0.0459 0.0431
0.048 0.0466 0.0364 0.0405 0.0485
0.0453 0.0396
