0.0466 0.02641868 0.0509 0.0479 0.0445
0.0459 0.0308 0.0484 0.0531 0.047
0.0492 0.0447 0.0403 0.0484 0.0565
0.0459 0.0489 0.0261 0.0449 0.0453
0.0477 0.0412 0.0411 0.0353 0.0448
0.0462 0.0445 0.0451 0.0451 0.0338
0.0601 0.0436 0.0469 0.0455 0.0467
0.0304 0.0485 0.0473 0.0345 0.0451
0.0555 0.0608 0.0461 0.0385 0.0486
0.0477 0.0491 0.0389 0.0493 0.0437
0.036 0.0449 0.0571 0.0458 0.047
0.0467 0.0417 0.048 0.0401 0.0459
0.0638 0.0487 0.0467 0.0477 0.0337
0.0387 0.0473 0.0512 0.0489 0.0428
0.044 0.0389 0.0491 0.0609 0.0479
0.0304 0.0446 0.0282 0.0499 0.0389
0.0426 0.0473 0.0366 0.0501 0.0471
0.0464 0.0281 0.0609 0.0469 0.0439
0.0407 0.0582 0.0485 0.0468 0.0518
0.0473 0.0471 0.0486 0.0467 0.046
0.0442 0.0476 0.0368 0.0436 0.0381
0.0431 0.0408 0.061 0.0532 0.0486
0.0481 0.0442 0.0408 0.0438 0.0436
0.0505 0.0387 0.0462 0.0481 0.0558
0.0417 0.0392 0.0442 0.0411 0.0447
0.0452 0.0261 0.0392 0.048 0.0446
0.0498 0.0526 0.0484 0.048 0.0434
0.0403 0.0459 0.0398 0.0508 0.0516
0.0526 0.0366 0.0382 0.046 0.0426
0.0453 0.0467 0.0423 0.0445 0.0655
0.0379 0.0405 0.0572 0.027 0.0476
0.0461 0.0458 0.0577 0.0447 0.0408
0.0678 0.0463 0.0632 0.0481 0.0615
0.041 0.0455 0.0523 0.0472 0.0447
0.0255 0.0649 0.0426 0.0303 0.0397
0.0472 0.0462 0.0437 0.0467 0.0306
0.0438 0.045 0.0334 0.0415 0.0434
0.0419 0.0472 0.0492 0.0482 0.0286
0.0523 0.068 0.0664 0.0398 0.067
0.0283 0.038 0.0372 0.0477 0.0396
0.0318 0.0516
