0.0455 0.02420722 0.0433 0.0479 0.047
0.0483 0.026 0.046 0.032 0.0487
0.0457 0.031 0.0494 0.0452 0.0437
0.0508 0.0212 0.0437 0.0511 0.0468
0.0497 0.0486 0.0441 0.0343 0.0478
0.048 0.0478 0.0458 0.0462 0.043
0.0324 0.0468 0.0423 0.0418 0.0297
0.0433 0.0591 0.0456 0.0481 0.0476
0.0465 0.035 0.0412 0.0425 0.0394
0.0503 0.045 0.046 0.0462 0.0429
0.0319 0.0489 0.0448 0.0327 0.0466
0.0446 0.032 0.0413 0.0292 0.0185
0.0451 0.0446 0.045 0.0288 0.051
0.0206 0.0463 0.044 0.0394 0.0505
0.0473 0.0461 0.0458 0.0444 0.0408
0.0317 0.0493 0.043 0.0424 0.0492
0.0319 0.0357 0.032 0.045 0.0447
0.0475 0.0464 0.0492 0.0313 0.0488
0.039 0.0408 0.0385 0.0434 0.0342
0.0466 0.0296 0.0462 0.0243 0.0462
0.0344 0.0436 0.0444 0.0442 0.0439
0.0435 0.0433 0.0467 0.0448 0.0425
0.0193 0.0505 0.0302 0.0467 0.024
0.0425 0.0429 0.0388 0.0486 0.0419
0.0386 0.0411 0.0388 0.0404 0.0485
0.046 0.0634 0.0245 0.0191 0.0528
0.0358 0.0424 0.0453 0.0424 0.0379
0.0414 0.046 0.0435 0.0519 0.0425
0.041 0.0437 0.0153 0.0429 0.0421
0.0444 0.0444 0.0486 0.0466 0.0416
0.0452 0.0406 0.0475 0.0482 0.0437
0.0482 0.0446 0.05 0.0398 0.038
0.0384 0.0455 0.0501 0.0441 0.0465
0.0456 0.045 0.0433 0.047 0.0447
0.0465 0.0458 0.0415 0.0346 0.0476
0.0406 0.0428 0.0462 0.0408 0.0425
0.0452 0.0428 0.0208 0.0388 0.0458
0.0371 0.0471 0.0434 0.0447 0.0511
0.051 0.0389 0.0456 0.0494 0.0436
0.0469 0.0471 0.0346 0.0474 0.0377
0.047 0.0487
