0.0488 0.02755352 0.0493 0.0463 0.047
0.0516 0.0485 0.0527 0.0537 0.0479
0.0503 0.0484 0.0494 0.0465 0.0478
0.0478 0.049 0.0513 0.0503 0.0494
0.0459 0.0481 0.0493 0.0507 0.0495
0.0481 0.049 0.049 0.0498 0.0488
0.047 0.0503 0.0512 0.0495 0.0451
0.0492 0.0468 0.0474 0.0477 0.0483
0.0494 0.0449 0.0474 0.0499 0.0513
0.0468 0.0465 0.0419 0.0508 0.0471
0.0478 0.0505 0.0486 0.0503 0.0524
0.0493 0.0495 0.05 0.033 0.0473
0.0495 0.0482 0.0508 0.0461 0.0461
0.0512 0.0539 0.0494 0.0471 0.0467
0.0476 0.0474 0.0487 0.0478 0.0501
0.0498 0.0514 0.0506 0.0477 0.048
0.0539 0.0486 0.0482 0.047 0.046
0.0493 0.0485 0.052 0.048 0.0494
0.0483 0.0485 0.0475 0.0496 0.0456
0.0504 0.0501 0.0455 0.0519 0.0507
0.0494 0.0485 0.0472 0.0489 0.0479
0.0509 0.0467 0.0484 0.0492 0.0491
0.049 0.0483 0.0533 0.0493 0.0484
0.0508 0.044 0.0487 0.0495 0.0494
0.0497 0.0513 0.0508 0.0502 0.0515
0.0477 0.0492 0.0498 0.0478 0.0504
0.0487 0.0477 0.0499 0.0497 0.0473
0.0483 0.0457 0.0471 0.0498 0.0517
0.0478 0.0484 0.0415 0.0487 0.0471
0.0486 0.0382 0.048 0.0499 0.0485
0.046 0.0506 0.0478 0.044 0.0501
0.0469 0.049 0.053 0.0499 0.0441
0.0497 0.0473 0.0492 0.0494 0.0468
0.0464 0.045 0.0449 0.0456 0.0457
0.0496 0.0436 0.0502 0.0505 0.044
0.0469 0.0474 0.0471 0.0487 0.0496
0.0443 0.0464 0.0476 0.0477 0.0495
0.0505 0.0516 0.0504 0.0503 0.0489
0.0479 0.0459 0.049 0.0483 0.0501
0.0476 0.0489 0.0445 0.0475 0.0467
0.0463 0.0502
