0.0478 0.0257925 0.0467 0.0451 0.0377
0.0413 0.0454 0.0475 0.0286 0.0498
0.0458 0.0418 0.0484 0.0464 0.0458
0.0474 0.0479 0.0401 0.0386 0.0311
0.0485 0.0399 0.0492 0.0481 0.0394
0.0483 0.0397 0.0463 0.0449 0.0475
0.0465 0.0417 0.0483 0.0482 0.0478
0.0494 0.0442 0.0501 0.0469 0.0474
0.0479 0.0518 0.0442 0.0436 0.0461
0.0453 0.0467 0.0395 0.0455 0.0453
0.0461 0.0471 0.0492 0.0432 0.0321
0.0457 0.0469 0.0463 0.0481 0.0465
0.0487 0.0434 0.0454 0.0465 0.0483
0.0404 0.0424 0.0463 0.0502 0.0303
0.0401 0.0445 0.0449 0.0456 0.0464
0.0475 0.0452 0.0407 0.0505 0.0475
0.0507 0.0415 0.045 0.0299 0.0463
0.0466 0.045 0.0477 0.0481 0.0477
0.0382 0.0445 0.0339 0.0469 0.036
0.0502 0.0433 0.0447 0.0517 0.0483
0.0445 0.0493 0.0401 0.0451 0.0484
0.0498 0.0397 0.0468 0.0458 0.038
0.0428 0.0463 0.0487 0.0372 0.0458
0.0483 0.0406 0.0478 0.0468 0.0479
0.0466 0.0477 0.0455 0.0475 0.0497
0.0471 0.0435 0.0516 0.0476 0.0435
0.0465 0.0474 0.0478 0.0385 0.0342
0.0449 0.0446 0.0526 0.0479 0.0511
0.0465 0.0499 0.05 0.039 0.0489
0.0474 0.0395 0.0503 0.0349 0.0279
0.0481 0.0377 0.0497 0.0487 0.0478
0.0513 0.0445 0.0466 0.0471 0.0458
0.0467 0.0524 0.0453 0.0466 0.0472
0.0341 0.0491 0.0462 0.0411 0.0494
0.027 0.0495 0.0452 0.0445 0.0452
0.0508 0.0469 0.0501 0.0441 0.0467
0.0481 0.0477 0.047 0.0393 0.0432
0.0462 0.0525 0.0468 0.0456 0.039
0.049 0.0455 0.0448 0.048 0.0471
0.0473 0.0454 0.0423 0.0443 0.0477
0.0355 0.0472
