0.0449 0.02724603 0.0442 0.1424 0.0457
0.0375 0.15 0.0344 0.0446 0.0449
0.0675 0.0444 0.0401 0.0479 0.0404
0.045 0.1311 0.038 0.15 0.0364
0.045 0.04 0.0906 0.0454 0.0358
0.0405 0.0453 0.0436 0.1083 0.0392
0.0298 0.053 0.0765 0.0411 0.0694
0.0397 0.0368 0.0413 0.15 0.0407
0.15 0.0475 0.0403 0.15 0.0475
0.0504 0.0766 0.1148 0.031 0.0447
0.0418 0.0903 0.1104 0.0446 0.1484
0.0427 0.0438 0.0452 0.15 0.15
0.0399 0.0465 0.0385 0.0598 0.038
0.0392 0.0449 0.0369 0.0421 0.0314
0.0445 0.0953 0.0328 0.0374 0.0297
0.0452 0.0461 0.0462 0.0687 0.032
0.0433 0.0484 0.0474 0.0444 0.0398
0.045 0.0422 0.0711 0.0437 0.0389
0.0999 0.0448 0.044 0.0455 0.1236
0.1257 0.0449 0.039 0.0455 0.1205
0.0419 0.0434 0.0549 0.0409 0.0385
0.0365 0.0398 0.0786 0.0634 0.044
0.0451 0.0368 0.044 0.0411 0.15
0.0445 0.0401 0.0438 0.0399 0.0449
0.1477 0.0426 0.0436 0.0456 0.0458
0.0409 0.0603 0.0454 0.0449 0.0481
0.0384 0.0676 0.0442 0.0416 0.0521
0.0912 0.0284 0.0402 0.1289 0.0382
0.0347 0.0392 0.0421 0.0433 0.15
0.0413 0.0395 0.0456 0.0386 0.0463
0.0444 0.047 0.037 0.0886 0.0594
0.0444 0.0456 0.0557 0.0386 0.0584
0.15 0.0339 0.0444 0.04 0.0515
0.1334 0.0378 0.0723 0.0448 0.0374
0.0417 0.045 0.0851 0.0438 0.1414
0.0432 0.0525 0.15 0.0381 0.0441
0.1157 0.0403 0.0427 0.0533 0.0809
0.1015 0.0399 0.0599 0.0434 0.15
0.0454 0.1043 0.0275 0.0518 0.0435
0.0402 0.0451 0.15 0.0422 0.0756
0.0376 0.0582
