0.0473 0.02595818 0.0472 0.0489 0.0471
0.0457 0.0442 0.0484 0.0443 0.045
0.0464 0.0449 0.0491 0.0434 0.0517
0.0484 0.0476 0.0487 0.0464 0.0482
0.0461 0.0472 0.0468 0.0469 0.0479
0.0511 0.045 0.0433 0.0475 0.0471
0.0471 0.0434 0.0475 0.0466 0.045
0.0476 0.0433 0.045 0.0497 0.0433
0.0462 0.0483 0.0514 0.0474 0.0453
0.0442 0.0455 0.0427 0.0476 0.0452
0.0443 0.0475 0.0478 0.0472 0.047
0.0422 0.0481 0.0492 0.0507 0.0448
0.0461 0.0374 0.0522 0.043 0.0469
0.0436 0.0468 0.0454 0.0467 0.0443
0.0472 0.0476 0.0466 0.0442 0.0448
0.0513 0.0447 0.0497 0.046 0.0509
0.0494 0.0478 0.0452 0.0488 0.0476
0.0456 0.0465 0.0468 0.0482 0.0455
0.0461 0.0478 0.0456 0.0408 0.0442
0.046 0.0518 0.0517 0.047 0.0474
0.0484 0.0464 0.0475 0.0472 0.0447
0.0478 0.0445 0.0406 0.0477 0.0472
0.047 0.0477 0.0442 0.0495 0.0463
0.0507 0.0456 0.0465 0.0453 0.0479
0.0491 0.0453 0.0437 0.0471 0.0547
0.0508 0.0484 0.0452 0.0484 0.041
0.0449 0.046 0.0377 0.0433 0.0423
0.0492 0.0468 0.0457 0.0458 0.0462
0.0475 0.0484 0.0457 0.0427 0.0399
0.0461 0.0432 0.049 0.0454 0.0471
0.0476 0.0427 0.0474 0.0373 0.0452
0.0384 0.0457 0.0458 0.0482 0.0402
0.0465 0.0463 0.0466 0.0462 0.0468
0.0483 0.0472 0.0464 0.0472 0.0465
0.0453 0.0454 0.0464 0.0505 0.0471
0.0477 0.0481 0.0479 0.0473 0.0502
0.0495 0.0483 0.0491 0.0427 0.0461
0.0476 0.0458 0.045 0.047 0.0456
0.0425 0.0464 0.0503 0.0451 0.0451
0.0459 0.0417 0.0499 0.05 0.0465
0.0439 0.0461
