0.0474 0.02632625 0.0466 0.0498 0.0927
0.0484 0.0463 0.049 0.0478 0.0392
0.0866 0.0446 0.0497 0.0443 0.0465
0.0412 0.0484 0.048 0.0476 0.0485
0.0415 0.0502 0.0644 0.0475 0.0663
0.0453 0.0455 0.0456 0.0461 0.0455
0.0454 0.0479 0.0443 0.0333 0.0448
0.0433 0.0435 0.0474 0.0486 0.0484
0.0482 0.0495 0.0485 0.0463 0.0643
0.0489 0.0487 0.0474 0.0495 0.0435
0.0452 0.0474 0.0483 0.0453 0.047
0.0494 0.0483 0.0465 0.0755 0.0457
0.0455 0.0469 0.0494 0.0451 0.0498
0.0456 0.0466 0.0634 0.0433 0.0488
0.0459 0.0474 0.0452 0.0425 0.0412
0.046 0.051 0.0502 0.0493 0.0494
0.0485 0.0449 0.045 0.0429 0.0484
0.085 0.0399 0.0483 0.0496 0.0428
0.0497 0.0464 0.0469 0.0534 0.0424
0.0487 0.044 0.0453 0.0465 0.0482
0.0465 0.0473 0.0459 0.0446 0.0484
0.0498 0.0918 0.0808 0.045 0.0469
0.0448 0.0473 0.0601 0.0469 0.0448
0.0523 0.0459 0.0733 0.0428 0.0445
0.0493 0.0445 0.0497 0.0503 0.0466
0.047 0.0444 0.0457 0.0712 0.0464
0.0566 0.0373 0.0495 0.0499 0.0471
0.0421 0.0463 0.0429 0.0473 0.0435
0.0455 0.0465 0.057 0.0505 0.0509
0.0457 0.0459 0.0481 0.0456 0.0454
0.0862 0.0667 0.0476 0.0437 0.0459
0.0474 0.0486 0.053 0.0452 0.047
0.0472 0.0463 0.0451 0.042 0.0494
0.0465 0.0463 0.0458 0.0652 0.0541
0.0983 0.048 0.0467 0.0419 0.0463
0.0519 0.0506 0.0437 0.0485 0.046
0.0468 0.0449 0.0451 0.0465 0.0511
0.0436 0.0719 0.0552 0.0505 0.0442
0.0786 0.0479 0.0411 0.0473 0.0471
0.0416 0.0474 0.0442 0.1057 0.052
0.0403 0.0465
