0.0488 0.02764818 0.0481 0.0525 0.0488
0.0513 0.0501 0.0515 0.0488 0.046
0.0505 0.0486 0.047 0.0447 0.0467
0.048 0.0446 0.0489 0.0478 0.0504
0.0526 0.0315 0.042 0.0387 0.0486
0.0471 0.0514 0.0478 0.0466 0.0492
0.0481 0.0506 0.047 0.0696 0.0472
0.0498 0.0502 0.0465 0.0478 0.0504
0.0327 0.0441 0.0508 0.0487 0.0504
0.0479 0.052 0.0478 0.0498 0.0455
0.0507 0.0495 0.0453 0.0461 0.0508
0.0389 0.0486 0.0504 0.0426 0.056
0.043 0.0508 0.0519 0.0495 0.0479
0.0507 0.0557 0.0485 0.0429 0.0502
0.0479 0.049 0.0372 0.0486 0.0494
0.0464 0.0504 0.0532 0.0489 0.0502
0.0496 0.0488 0.0422 0.046 0.0534
0.0477 0.0491 0.0529 0.0489 0.0502
0.0488 0.0478 0.0454 0.0483 0.0475
0.0481 0.0494 0.0499 0.0495 0.0481
0.0477 0.0469 0.0458 0.0503 0.0461
0.0481 0.0461 0.0483 0.0488 0.0463
0.0522 0.0492 0.0494 0.0479 0.0477
0.0505 0.0476 0.0471 0.0501 0.0491
0.0436 0.0446 0.0472 0.0482 0.049
0.0367 0.0512 0.05 0.0486 0.0496
0.0427 0.0402 0.0472 0.0496 0.0489
0.0502 0.0495 0.0463 0.0499 0.0483
0.0488 0.043 0.0479 0.0493 0.0478
0.0484 0.0484 0.0504 0.0463 0.0467
0.0485 0.0527 0.0475 0.0483 0.0496
0.0486 0.0524 0.0552 0.0516 0.0493
0.0481 0.0483 0.0474 0.0459 0.0493
0.0473 0.0481 0.0472 0.0482 0.0488
0.0466 0.0486 0.0524 0.0465 0.0489
0.0484 0.0475 0.0495 0.048 0.049
0.0521 0.0469 0.0466 0.0514 0.0498
0.0311 0.0479 0.0498 0.048 0.0426
0.0397 0.0484 0.0473 0.0489 0.0484
0.0478 0.0489 0.0478 0.0487 0.0466
0.0505 0.0519
