0.046 0.02610342 0.0457 0.0463 0.0478
0.0448 0.0457 0.0499 0.0455 0.0436
0.0472 0.0463 0.0469 0.047 0.0454
0.0472 0.0788 0.0493 0.0462 0.0865
0.0391 0.0457 0.043 0.0438 0.042
0.0477 0.0432 0.0486 0.0529 0.0461
0.0448 0.0483 0.0465 0.0406 0.0466
0.0475 0.0474 0.0409 0.042 0.0466
0.0472 0.0482 0.0444 0.0446 0.0467
0.0367 0.0496 0.0413 0.0427 0.0466
0.0456 0.0465 0.0438 0.047 0.0464
0.0507 0.0452 0.038 0.0434 0.0453
0.0499 0.0438 0.0473 0.0458 0.0469
0.0346 0.0481 0.0475 0.044 0.0423
0.0478 0.0457 0.0436 0.0425 0.0477
0.0453 0.0515 0.0448 0.0432 0.0499
0.0293 0.0734 0.049 0.0423 0.0445
0.0499 0.0462 0.0761 0.0454 0.0453
0.0461 0.0453 0.0434 0.0455 0.0403
0.048 0.0472 0.0949 0.0966 0.0478
0.0446 0.0417 0.0452 0.0457 0.0444
0.0355 0.0465 0.045 0.0468 0.0482
0.0452 0.0466 0.0469 0.067 0.0431
0.0454 0.0425 0.0485 0.0458 0.0426
0.0766 0.0475 0.0486 0.0504 0.0501
0.0453 0.0383 0.0466 0.0492 0.0468
0.0437 0.0486 0.0476 0.0428 0.048
0.0443 0.0441 0.0443 0.0435 0.0471
0.04 0.0409 0.0477 0.0474 0.0483
0.0464 0.0467 0.0459 0.0392 0.0478
0.0463 0.0455 0.0462 0.0453 0.0451
0.0488 0.0345 0.0464 0.0487 0.0444
0.0489 0.045 0.0479 0.0467 0.0449
0.0458 0.0444 0.0457 0.0479 0.0477
0.0431 0.047 0.0591 0.0461 0.0437
0.0449 0.0422 0.0455 0.0447 0.0471
0.0452 0.048 0.0452 0.0496 0.0438
0.046 0.0444 0.0437 0.0491 0.0474
0.0442 0.0471 0.0469 0.0489 0.042
0.047 0.0469 0.0435 0.0466 0.0482
0.0468 0.0464
