0.0506 0.02837104 0.0493 0.1061 0.0533
0.0475 0.049 0.1131 0.0775 0.15
0.0487 0.1248 0.0528 0.0718 0.0528
0.0616 0.0631 0.0513 0.0566 0.0509
0.0508 0.064 0.0533 0.0612 0.0537
0.0434 0.0675 0.1182 0.0595 0.0497
0.0717 0.0421 0.0502 0.0583 0.0719
0.0527 0.0514 0.0514 0.0959 0.0657
0.0897 0.0987 0.129 0.05 0.0435
0.0566 0.055 0.15 0.0518 0.0518
0.0496 0.0527 0.1021 0.101 0.0505
0.0496 0.0754 0.0487 0.1196 0.0487
0.0429 0.054 0.0438 0.0527 0.0579
0.0524 0.0576 0.0993 0.0856 0.0485
0.0513 0.0577 0.001 0.1306 0.0662
0.051 0.0455 0.0975 0.099 0.0492
0.0456 0.15 0.0434 0.15 0.0418
0.0528 0.0477 0.0454 0.0421 0.1255
0.049 0.0728 0.15 0.042 0.0522
0.0729 0.0516 0.0533 0.0577 0.0546
0.0897 0.0525 0.0499 0.0652 0.0482
0.052 0.0561 0.0817 0.0395 0.0942
0.0587 0.0744 0.0854 0.0642 0.0573
0.0522 0.0521 0.0549 0.0503 0.0975
0.0471 0.0512 0.1447 0.0796 0.0606
0.0411 0.049 0.0424 0.15 0.0419
0.0509 0.0988 0.0862 0.0523 0.0536
0.15 0.0566 0.0617 0.0582 0.0572
0.0509 0.0467 0.049 0.054 0.1266
0.0745 0.0427 0.05 0.0468 0.1082
0.0509 0.0494 0.0562 0.0509 0.05
0.0471 0.0902 0.0736 0.0608 0.0458
0.0393 0.15 0.0761 0.0678 0.0622
0.0506 0.0939 0.0544 0.043 0.049
0.0515 0.1303 0.0491 0.0601 0.0507
0.0667 0.0504 0.0943 0.0432 0.0506
0.0525 0.001 0.0593 0.0467 0.0413
0.0472 0.0438 0.15 0.0483 0.0513
0.0812 0.093 0.0466 0.0818 0.0508
0.0723 0.1174 0.0434 0.0796 0.0474
0.0874 0.0468
