0.0434 0.02565918 0.0448 0.0434 0.0431
0.0439 0.0431 0.0426 0.0411 0.0402
0.0406 0.0454 0.0298 0.0391 0.0411
0.0416 0.0453 0.0376 0.0397 0.0438
0.0372 0.0417 0.0443 0.0423 0.0454
0.0421 0.0445 0.0429 0.0396 0.0452
0.0352 0.0453 0.042 0.0422 0.0426
0.0424 0.041 0.0432 0.0421 0.0465
0.0468 0.0445 0.0412 0.0418 0.0435
0.0404 0.0385 0.0425 0.0416 0.0401
0.0408 0.0412 0.0428 0.0399 0.0447
0.0418 0.0407 0.0434 0.045 0.0437
0.0454 0.0429 0.0438 0.0446 0.0446
0.04 0.0418 0.0457 0.0291 0.0406
0.0403 0.0406 0.0455 0.0498 0.0407
0.0419 0.0435 0.044 0.0427 0.0401
0.038 0.0436 0.0455 0.0403 0.0466
0.0423 0.0403 0.0395 0.0445 0.0465
0.0411 0.0435 0.0417 0.0414 0.0375
0.0437 0.0422 0.0464 0.0428 0.0419
0.0109 0.0422 0.0433 0.0423 0.0417
0.0423 0.0429 0.0451 0.045 0.0426
0.0264 0.0447 0.0422 0.0178 0.043
0.0441 0.042 0.0204 0.0284 0.0438
0.0467 0.0375 0.0436 0.0244 0.0438
0.0427 0.0414 0.0411 0.0263 0.0415
0.043 0.0411 0.0439 0.043 0.0439
0.0442 0.0406 0.0427 0.0383 0.0432
0.0388 0.041 0.0415 0.0415 0.0421
0.0412 0.0439 0.0434 0.0408 0.0433
0.0382 0.0458 0.0452 0.0449 0.0452
0.0423 0.04 0.0399 0.0431 0.045
0.0456 0.0452 0.043 0.0442 0.0429
0.0403 0.0437 0.0438 0.0439 0.046
0.0455 0.0405 0.0194 0.044 0.0455
0.0441 0.0412 0.0367 0.0374 0.0453
0.0378 0.0391 0.0401 0.0422 0.0412
0.0429 0.0423 0.0458 0.0425 0.0349
0.0419 0.0485 0.03 0.0443 0.044
0.0445 0.0433 0.0411 0.0458 0.0425
0.0348 0.0423
