0.0474 0.02700579 0.0487 0.0346 0.0465
0.0483 0.0306 0.0467 0.0465 0.0457
0.0491 0.0418 0.0392 0.049 0.0461
0.0467 0.0442 0.0495 0.0483 0.0469
0.0482 0.0462 0.0479 0.0493 0.0234
0.0356 0.0452 0.0483 0.0486 0.0494
0.045 0.0434 0.0474 0.0461 0.0468
0.0461 0.0467 0.044 0.0488 0.0446
0.0474 0.0413 0.0475 0.0447 0.0488
0.0459 0.0445 0.0451 0.0488 0.0495
0.0463 0.0476 0.047 0.0505 0.0466
0.0457 0.0451 0.0469 0.05 0.0517
0.0453 0.0456 0.0473 0.0462 0.0487
0.0498 0.0488 0.0471 0.0487 0.051
0.0469 0.0451 0.0488 0.0463 0.0463
0.0445 0.0458 0.046 0.0445 0.0515
0.045 0.054 0.0443 0.0485 0.0478
0.0485 0.0496 0.0502 0.0453 0.0435
0.0462 0.0489 0.0515 0.049 0.049
0.0464 0.0453 0.049 0.0457 0.0456
0.0458 0.047 0.0473 0.0384 0.0452
0.0478 0.0458 0.0502 0.0491 0.0479
0.0448 0.0475 0.0469 0.0477 0.0458
0.0507 0.0472 0.0465 0.0499 0.0439
0.049 0.0491 0.0495 0.0491 0.0495
0.0441 0.0475 0.0478 0.0505 0.0485
0.0493 0.0473 0.0494 0.0452 0.05
0.0503 0.05 0.048 0.044 0.0292
0.0432 0.0493 0.0478 0.0444 0.0438
0.0461 0.0456 0.0476 0.0447 0.0481
0.0482 0.0505 0.0462 0.0453 0.0448
0.048 0.0449 0.0459 0.0464 0.0474
0.0479 0.0487 0.0455 0.051 0.0458
0.0459 0.0475 0.0471 0.047 0.0473
0.0408 0.0461 0.0489 0.0382 0.0459
0.0454 0.0468 0.0469 0.0462 0.0501
0.0475 0.043 0.0451 0.0486 0.0466
0.0462 0.0511 0.0486 0.0479 0.0496
0.0466 0.046 0.0442 0.0458 0.0499
0.0457 0.0493 0.0523 0.047 0.048
0.0512 0.0478
