0.0471 0.02507025 0.0485 0.0465 0.0483
0.0475 0.0475 0.0337 0.047 0.045
0.0463 0.0479 0.0445 0.0465 0.0493
0.0475 0.0427 0.0486 0.0456 0.0469
0.0487 0.0442 0.0422 0.0472 0.0485
0.0458 0.0441 0.0484 0.0466 0.0503
0.048 0.0461 0.049 0.0469 0.0447
0.046 0.05 0.0485 0.0463 0.0481
0.0478 0.0474 0.0472 0.048 0.0458
0.0389 0.0468 0.0492 0.0454 0.0472
0.049 0.0491 0.0462 0.0473 0.0499
0.0493 0.0454 0.0225 0.0505 0.0381
0.0466 0.048 0.0477 0.0482 0.0458
0.042 0.0487 0.0462 0.0509 0.0458
0.0462 0.0482 0.0497 0.0491 0.0471
0.0473 0.0473 0.0456 0.0438 0.045
0.0429 0.0492 0.0441 0.0471 0.0456
0.0448 0.0466 0.0457 0.0432 0.046
0.0428 0.0504 0.0488 0.0471 0.0454
0.0455 0.0457 0.0469 0.0483 0.0442
0.0405 0.0478 0.0439 0.048 0.0485
0.0493 0.045 0.0448 0.0452 0.0478
0.0488 0.0481 0.0418 0.0474 0.0457
0.0465 0.043 0.0455 0.0461 0.0492
0.0478 0.0442 0.0475 0.0445 0.0509
0.0478 0.0457 0.0441 0.047 0.0449
0.0469 0.046 0.0473 0.0506 0.045
0.0486 0.0435 0.0468 0.0427 0.0441
0.0494 0.0464 0.0489 0.0507 0.0461
0.0454 0.0489 0.0484 0.0499 0.045
0.0445 0.0474 0.0462 0.0428 0.0455
0.0488 0.0449 0.0519 0.0481 0.046
0.0468 0.0476 0.0448 0.0378 0.0502
0.0469 0.0479 0.0461 0.0469 0.0392
0.0451 0.0452 0.0506 0.0518 0.0484
0.0457 0.0451 0.0471 0.0403 0.0471
0.053 0.0471 0.0447 0.0465 0.0448
0.0344 0.0487 0.051 0.0468 0.047
0.0472 0.0477 0.0446 0.0465 0.0471
0.0464 0.0493 0.046 0.0473 0.0451
0.0462 0.0484
