0.0474 0.02527728 0.0467 0.0272 0.0469
0.044 0.0471 0.0488 0.0466 0.0471
0.0434 0.0431 0.0448 0.0472 0.05
0.0463 0.0456 0.044 0.0496 0.0474
0.047 0.0462 0.031 0.0477 0.0463
0.0474 0.0439 0.0481 0.0498 0.0487
0.0489 0.0467 0.0439 0.0434 0.0488
0.0469 0.0476 0.0478 0.0452 0.0491
0.0461 0.0473 0.049 0.0476 0.0454
0.0479 0.0466 0.0479 0.0473 0.0454
0.0476 0.0502 0.0468 0.0463 0.0464
0.0492 0.0509 0.046 0.0468 0.0449
0.0469 0.0457 0.0444 0.0479 0.0476
0.0471 0.046 0.0472 0.0469 0.0502
0.0461 0.046 0.0458 0.0469 0.0484
0.0488 0.0475 0.0498 0.0489 0.0517
0.0482 0.0464 0.0486 0.0471 0.0455
0.0467 0.0462 0.0476 0.0469 0.0493
0.0461 0.0501 0.0483 0.0452 0.0453
0.0436 0.0456 0.0489 0.0481 0.0473
0.0458 0.0472 0.0479 0.0463 0.0465
0.0466 0.0477 0.0485 0.0462 0.0395
0.0485 0.0404 0.0456 0.0495 0.0474
0.0499 0.0426 0.0476 0.0481 0.0462
0.0501 0.0456 0.0277 0.0509 0.047
0.0475 0.0483 0.0504 0.0526 0.0337
0.0298 0.0401 0.0431 0.0469 0.0441
0.0502 0.0484 0.0526 0.0509 0.05
0.0505 0.047 0.0439 0.0469 0.0486
0.0479 0.0488 0.046 0.0484 0.0471
0.0467 0.0482 0.0445 0.0477 0.0444
0.0485 0.0433 0.0465 0.0491 0.0466
0.0383 0.0473 0.0467 0.0453 0.0472
0.0477 0.0466 0.0467 0.0449 0.0467
0.0479 0.0493 0.0474 0.0429 0.0449
0.0434 0.0503 0.0486 0.0196 0.0496
0.0469 0.0473 0.0482 0.0468 0.0433
0.046 0.0478 0.0473 0.0433 0.0489
0.0465 0.0483 0.0465 0.0443 0.0461
0.0515 0.0498 0.0469 0.0433 0.0468
0.0466 0.0468
