0.0454 0.02504753 0.0436 0.0471 0.0593
0.0447 0.0453 0.0218 0.0673 0.0447
0.0466 0.0451 0.0474 0.0417 0.0492
0.032 0.0475 0.0465 0.0449 0.045
0.0392 0.0479 0.0304 0.0435 0.0337
0.036 0.034 0.047 0.0436 0.0421
0.0938 0.0425 0.0443 0.0454 0.036
0.0404 0.0459 0.0457 0.0468 0.0433
0.045 0.045 0.0451 0.0303 0.0471
0.0445 0.0465 0.0447 0.0473 0.0441
0.0305 0.0508 0.0706 0.0792 0.044
0.0467 0.0481 0.0447 0.0397 0.0498
0.0691 0.0455 0.0394 0.0442 0.0472
0.0416 0.0291 0.0467 0.044 0.0299
0.0382 0.0455 0.0471 0.0477 0.0451
0.0722 0.0845 0.0477 0.0427 0.0435
0.0446 0.0455 0.025 0.0424 0.0314
0.0426 0.0319 0.0312 0.042 0.0444
0.0451 0.0434 0.038 0.043 0.0468
0.0451 0.0449 0.0445 0.0497 0.0414
0.0697 0.026 0.0281 0.0402 0.031
0.0429 0.048 0.0492 0.0348 0.0457
0.0311 0.0708 0.0441 0.0402 0.0358
0.046 0.0437 0.0415 0.0444 0.0317
0.0345 0.0467 0.0433 0.0474 0.0458
0.0456 0.0454 0.0294 0.0474 0.0329
0.0417 0.045 0.0361 0.045 0.0484
0.0448 0.0375 0.0436 0.0405 0.0453
0.0436 0.0264 0.0312 0.0379 0.0435
0.044 0.0493 0.0458 0.0424 0.046
0.0423 0.0444 0.0404 0.0283 0.0443
0.0496 0.0429 0.0462 0.0473 0.044
0.0453 0.0776 0.0462 0.0455 0.0271
0.0499 0.0494 0.0432 0.0438 0.0413
0.0455 0.0432 0.0426 0.0453 0.0303
0.025 0.0327 0.0355 0.0456 0.0732
0.0439 0.0449 0.0454 0.0269 0.0416
0.0343 0.0429 0.0371 0.0417 0.0407
0.0253 0.0491 0.0488 0.0451 0.0416
0.0559 0.0446 0.0437 0.0478 0.045
0.0498 0.0354
