0.0465 0.02550489 0.0494 0.0477 0.0475
0.0481 0.0426 0.0447 0.0457 0.0474
0.0452 0.0404 0.0483 0.0497 0.0444
0.0489 0.0453 0.0451 0.0457 0.0439
0.0475 0.0471 0.0522 0.0471 0.0441
0.0482 0.0439 0.0494 0.0469 0.0413
0.052 0.0485 0.0439 0.0454 0.0453
0.0536 0.0433 0.0493 0.0456 0.0498
0.0477 0.0438 0.0478 0.0458 0.0487
0.0478 0.0467 0.0455 0.0478 0.0473
0.049 0.0444 0.0487 0.0493 0.0446
0.0465 0.0453 0.0466 0.0379 0.0387
0.0445 0.0481 0.046 0.0432 0.0423
0.0464 0.0476 0.0469 0.0462 0.04
0.0424 0.044 0.044 0.0458 0.0499
0.0468 0.0489 0.0483 0.0455 0.0476
0.0468 0.0456 0.0447 0.0483 0.0464
0.046 0.0455 0.0469 0.0457 0.0496
0.0431 0.0498 0.0499 0.0448 0.0471
0.0484 0.0481 0.0469 0.0464 0.0466
0.0454 0.0464 0.0496 0.0487 0.0478
0.0425 0.0433 0.0459 0.046 0.0427
0.0455 0.0445 0.0469 0.0468 0.0487
0.0479 0.0447 0.05 0.0468 0.0443
0.0497 0.0495 0.0442 0.0468 0.0483
0.0477 0.0468 0.0436 0.0471 0.047
0.0471 0.0447 0.0462 0.049 0.0495
0.0455 0.0479 0.0495 0.0471 0.0468
0.0489 0.0495 0.0394 0.0457 0.0436
0.0392 0.0462 0.0466 0.0494 0.0477
0.0452 0.0474 0.0448 0.0407 0.0399
0.047 0.044 0.0467 0.0465 0.051
0.0471 0.0496 0.0492 0.0463 0.0447
0.0452 0.0439 0.0493 0.0464 0.0442
0.0486 0.0494 0.0474 0.0487 0.0481
0.0462 0.0477 0.0479 0.0475 0.045
0.0465 0.0414 0.0478 0.0462 0.0456
0.0471 0.0475 0.0456 0.0471 0.0462
0.0477 0.0463 0.0476 0.0441 0.0429
0.0411 0.0468 0.0473 0.0433 0.0442
0.0459 0.0482
