0.0462 0.02477539 0.0473 0.0478 0.0472
0.0421 0.0464 0.045 0.048 0.0435
0.0463 0.0477 0.0451 0.0492 0.0478
0.0415 0.0468 0.043 0.0479 0.046
0.0486 0.0403 0.0448 0.0375 0.0406
0.0458 0.0465 0.0444 0.0434 0.0475
0.0446 0.0465 0.0471 0.0465 0.0497
0.0445 0.0477 0.0436 0.0463 0.045
0.0442 0.0475 0.0452 0.0491 0.0433
0.0444 0.0392 0.0433 0.0503 0.0456
0.0456 0.0481 0.0431 0.0453 0.0422
0.0449 0.0433 0.0465 0.046 0.0472
0.0468 0.0437 0.046 0.0446 0.0431
0.045 0.046 0.0472 0.0474 0.048
0.0434 0.0492 0.0479 0.0477 0.0448
0.0516 0.0455 0.0426 0.0416 0.0475
0.0449 0.0493 0.0426 0.0467 0.045
0.0474 0.0449 0.0433 0.0473 0.0461
0.0467 0.0459 0.0453 0.0436 0.0463
0.0442 0.0448 0.0465 0.045 0.0438
0.0445 0.0505 0.0421 0.0462 0.047
0.0476 0.0471 0.0446 0.0511 0.0483
0.0443 0.0435 0.0486 0.0496 0.0471
0.0433 0.0452 0.0446 0.0449 0.0484
0.0481 0.0462 0.0451 0.0437 0.0462
0.0449 0.0467 0.0344 0.0474 0.0436
0.0448 0.0479 0.0411 0.046 0.0464
0.0467 0.0441 0.0474 0.0446 0.0499
0.0466 0.0446 0.0483 0.0444 0.0477
0.0439 0.0455 0.0459 0.0447 0.0437
0.0493 0.0445 0.0491 0.0456 0.0416
0.034 0.0441 0.0483 0.0458 0.047
0.0471 0.0476 0.0482 0.0462 0.0504
0.0439 0.0463 0.0483 0.0453 0.0423
0.0452 0.046 0.0481 0.0394 0.0435
0.0444 0.0461 0.0469 0.0455 0.0498
0.0439 0.0488 0.038 0.0492 0.0469
0.0475 0.0462 0.0459 0.0466 0.0466
0.0441 0.0445 0.0463 0.0446 0.0475
0.0502 0.0474 0.0451 0.0466 0.0432
0.0479 0.0462
