0.0458 0.02694395 0.0468 0.0638 0.0473
0.0404 0.0461 0.0466 0.0216 0.0442
0.0396 0.0379 0.0254 0.0458 0.0338
0.0454 0.0499 0.0253 0.0476 0.0255
0.0475 0.0457 0.0273 0.0457 0.0456
0.0463 0.0387 0.0463 0.0241 0.028
0.0428 0.0461 0.0467 0.0391 0.0471
0.0426 0.0434 0.0476 0.0281 0.0403
0.0396 0.0462 0.0444 0.0348 0.0243
0.0451 0.0706 0.0449 0.0283 0.0471
0.0507 0.0483 0.0464 0.0433 0.0438
0.0472 0.0459 0.0461 0.0265 0.0472
0.0457 0.0462 0.0501 0.0343 0.0494
0.0429 0.0473 0.0472 0.0461 0.0226
0.0387 0.0344 0.0449 0.0497 0.0248
0.0255 0.0445 0.0323 0.0492 0.0407
0.0485 0.0459 0.0253 0.0472 0.0463
0.0473 0.0451 0.0478 0.0439 0.0423
0.0477 0.0453 0.0272 0.0465 0.0404
0.0446 0.0463 0.0462 0.0451 0.0476
0.0456 0.0535 0.0341 0.0492 0.0463
0.045 0.0429 0.0264 0.048 0.0354
0.0471 0.0433 0.0465 0.049 0.0459
0.045 0.0423 0.0463 0.042 0.0497
0.0278 0.0454 0.0486 0.0389 0.0441
0.0446 0.048 0.0393 0.0227 0.0444
0.0448 0.0468 0.044 0.0392 0.0242
0.0445 0.0272 0.0467 0.0469 0.0282
0.0257 0.0477 0.0447 0.0422 0.0303
0.0863 0.0439 0.0475 0.0371 0.0485
0.0416 0.0464 0.0448 0.0463 0.0436
0.0264 0.0413 0.0478 0.0471 0.0494
0.0434 0.0495 0.0471 0.0267 0.0236
0.0459 0.0453 0.0439 0.0364 0.0236
0.0475 0.051 0.0446 0.0466 0.0476
0.0451 0.049 0.0468 0.0291 0.0228
0.0457 0.0484 0.0867 0.0451 0.0397
0.0443 0.0361 0.0453 0.0494 0.0321
0.0478 0.0476 0.0473 0.0465 0.0467
0.0239 0.0452 0.0463 0.0456 0.0473
0.0295 0.0277
