0.0486 0.02790682 0.0727 0.0488 0.0492
0.0502 0.0457 0.0444 0.0538 0.0615
0.046 0.0467 0.0487 0.049 0.0518
0.0467 0.034 0.0476 0.068 0.0459
0.0513 0.0442 0.0417 0.0511 0.0488
0.0339 0.0353 0.0459 0.0557 0.0388
0.0491 0.0432 0.0486 0.0422 0.0467
0.0482 0.0502 0.0368 0.0466 0.0452
0.0462 0.0453 0.0487 0.0493 0.0482
0.0417 0.0479 0.0497 0.0471 0.0503
0.0325 0.0471 0.0539 0.0503 0.0486
0.0513 0.0463 0.0308 0.0315 0.078
0.0543 0.0466 0.0675 0.0483 0.0366
0.0759 0.0342 0.0477 0.0457 0.0483
0.0494 0.0469 0.059 0.048 0.0483
0.0514 0.0486 0.0481 0.0591 0.0497
0.0473 0.0465 0.0479 0.0558 0.0485
0.048 0.0462 0.0455 0.0474 0.0488
0.0463 0.0483 0.0479 0.0443 0.0489
0.0499 0.037 0.0293 0.0491 0.0488
0.0487 0.0397 0.0554 0.0454 0.0494
0.0509 0.0464 0.0473 0.0462 0.0331
0.0469 0.035 0.0452 0.0321 0.0493
0.0483 0.0337 0.0487 0.0492 0.0496
0.0478 0.0528 0.0495 0.048 0.0505
0.0455 0.0467 0.049 0.0479 0.0482
0.0473 0.0318 0.0464 0.0484 0.0483
0.0481 0.0498 0.046 0.0367 0.0468
0.045 0.0632 0.0559 0.0475 0.0497
0.0487 0.0513 0.0493 0.0496 0.0485
0.0349 0.0455 0.0497 0.0491 0.0441
0.0493 0.0481 0.0503 0.0496 0.0468
0.038 0.0501 0.0376 0.0417 0.0469
0.0417 0.0505 0.0409 0.0451 0.0476
0.0427 0.0485 0.0515 0.0489 0.0491
0.0491 0.0583 0.0476 0.0521 0.0409
0.0473 0.0509 0.0486 0.0514 0.0467
0.0474 0.0301 0.0463 0.0336 0.048
0.0447 0.0559 0.0539 0.0505 0.0467
0.0455 0.0525 0.039 0.039 0.0513
0.062 0.0286
