0.0487 0.02921855 0.0481 0.045 0.0505
0.0465 0.0489 0.0479 0.0472 0.0494
0.0486 0.0417 0.0417 0.0503 0.0526
0.0491 0.0507 0.0493 0.0476 0.0471
0.0492 0.0485 0.049 0.0415 0.0476
0.0494 0.0474 0.0492 0.0472 0.0492
0.0507 0.0521 0.0492 0.0502 0.049
0.0502 0.0498 0.0483 0.0491 0.0487
0.0517 0.0439 0.0472 0.0503 0.0477
0.0424 0.0469 0.0495 0.0466 0.0441
0.052 0.0553 0.0405 0.0481 0.0464
0.051 0.05 0.0476 0.0501 0.0442
0.0421 0.0507 0.0443 0.0431 0.0496
0.0476 0.0494 0.052 0.0493 0.0527
0.0467 0.0474 0.049 0.0414 0.046
0.0467 0.0435 0.0372 0.0459 0.0493
0.0507 0.0488 0.0455 0.0501 0.048
0.0499 0.0481 0.0456 0.0504 0.05
0.0498 0.0497 0.0457 0.0486 0.0375
0.0502 0.0479 0.0493 0.044 0.0476
0.0495 0.0463 0.0413 0.0503 0.0509
0.0492 0.0401 0.0492 0.0508 0.0448
0.0466 0.0517 0.0573 0.048 0.052
0.0487 0.052 0.0473 0.0497 0.034
0.0506 0.0456 0.0497 0.0431 0.0491
0.0499 0.0524 0.0491 0.0477 0.0469
0.05 0.0488 0.0474 0.0488 0.0423
0.0487 0.048 0.0479 0.0477 0.0492
0.0457 0.046 0.049 0.0484 0.0487
0.0426 0.045 0.0511 0.0507 0.047
0.043 0.0404 0.0473 0.0471 0.0446
0.0481 0.049 0.0454 0.0433 0.0382
0.0498 0.0471 0.0451 0.0528 0.049
0.0495 0.0496 0.0551 0.0422 0.0512
0.0402 0.0484 0.0514 0.05 0.047
0.049 0.0448 0.0473 0.0495 0.0484
0.0518 0.0477 0.0471 0.0436 0.0489
0.0485 0.0498 0.0377 0.0452 0.0516
0.046 0.0416 0.0406 0.0525 0.0451
0.0473 0.0483 0.0495 0.0523 0.0475
0.0472 0.0523
