0.0489 0.02839939 0.0472 0.0498 0.047
0.0475 0.05 0.0523 0.0516 0.0481
0.0495 0.0479 0.0465 0.0505 0.0516
0.0495 0.0492 0.0494 0.0449 0.0486
0.0452 0.05 0.0492 0.0492 0.0463
0.0486 0.0479 0.0514 0.0467 0.0463
0.0514 0.0487 0.0496 0.051 0.0463
0.049 0.045 0.0523 0.0475 0.0494
0.0476 0.0472 0.0469 0.0495 0.0492
0.0522 0.0507 0.0508 0.0478 0.049
0.048 0.0466 0.0459 0.0478 0.0502
0.0486 0.0484 0.0499 0.0459 0.0463
0.0481 0.049 0.0462 0.0506 0.051
0.0488 0.0486 0.0495 0.0481 0.0482
0.0507 0.0492 0.0491 0.0482 0.0444
0.0506 0.051 0.048 0.0534 0.0479
0.0494 0.0501 0.049 0.0505 0.0488
0.0524 0.0497 0.0509 0.0496 0.0482
0.049 0.0475 0.0511 0.051 0.0491
0.0455 0.0517 0.0495 0.0489 0.0544
0.0526 0.0477 0.0471 0.0465 0.0505
0.0522 0.0506 0.0473 0.0478 0.0508
0.0509 0.0498 0.0506 0.0478 0.0458
0.0501 0.0493 0.0494 0.0465 0.0505
0.0496 0.0507 0.0502 0.0458 0.0494
0.0467 0.048 0.053 0.0513 0.0469
0.0483 0.0482 0.048 0.0504 0.0487
0.0462 0.0503 0.0505 0.0495 0.0476
0.0502 0.0483 0.0508 0.0497 0.05
0.0503 0.0525 0.052 0.0442 0.0514
0.0508 0.0484 0.05 0.0499 0.0517
0.0468 0.0492 0.0483 0.052 0.0496
0.049 0.0499 0.0516 0.0479 0.0503
0.0528 0.05 0.0508 0.047 0.0518
0.0495 0.0503 0.0446 0.0482 0.0498
0.049 0.0493 0.0481 0.0463 0.0486
0.0481 0.0487 0.0511 0.0481 0.0491
0.0515 0.0492 0.0496 0.049 0.049
0.0499 0.0491 0.0483 0.0492 0.0484
0.0518 0.0501 0.0496 0.0459 0.0496
0.0492 0.053
