0.0508 0.02684473 0.0537 0.0511 0.0471
0.0564 0.0532 0.0605 0.0538 0.0492
0.0479 0.0492 0.0509 0.0513 0.0448
0.0435 0.0511 0.0515 0.0524 0.0428
0.0497 0.0549 0.0505 0.0512 0.0541
0.0516 0.0508 0.0487 0.0507 0.0431
0.0478 0.0619 0.0543 0.0501 0.0487
0.0453 0.0479 0.0446 0.052 0.0515
0.0981 0.0479 0.0494 0.0468 0.0479
0.0474 0.0482 0.0517 0.0498 0.0504
0.0526 0.0536 0.049 0.0504 0.0489
0.0442 0.0478 0.058 0.0497 0.0641
0.051 0.0481 0.0512 0.0491 0.0525
0.0484 0.0691 0.047 0.043 0.0495
0.0541 0.0502 0.0511 0.0497 0.0494
0.0433 0.0505 0.0515 0.0418 0.0449
0.0526 0.045 0.0524 0.0629 0.0471
0.0525 0.0505 0.0522 0.0489 0.0503
0.0487 0.0896 0.0587 0.0489 0.0566
0.0421 0.0496 0.0432 0.0466 0.0515
0.0516 0.0528 0.0477 0.0503 0.0421
0.0426 0.0524 0.0458 0.049 0.049
0.0509 0.0493 0.0528 0.051 0.0396
0.0506 0.0511 0.0426 0.0481 0.0442
0.0481 0.0496 0.054 0.0393 0.0496
0.0523 0.0513 0.0473 0.051 0.0533
0.0477 0.0511 0.0438 0.055 0.0509
0.0462 0.052 0.048 0.0464 0.0504
0.0504 0.0482 0.0503 0.0509 0.0528
0.0511 0.049 0.0502 0.0535 0.0437
0.0484 0.0623 0.0516 0.0489 0.0516
0.0471 0.0368 0.0491 0.0423 0.0515
0.0477 0.0461 0.0597 0.0501 0.0476
0.047 0.0456 0.0413 0.0499 0.0447
0.0506 0.0522 0.0443 0.0479 0.0541
0.0492 0.0573 0.0547 0.0504 0.0513
0.0432 0.0481 0.0492 0.0509 0.0485
0.0474 0.049 0.0526 0.0401 0.0615
0.0545 0.0471 0.0399 0.0471 0.0452
0.0525 0.0474 0.0536 0.0517 0.0534
0.059 0.0501
