0.0463 0.0263028 0.0458 0.0479 0.0352
0.0413 0.0459 0.0447 0.0445 0.0468
0.0456 0.0413 0.0452 0.045 0.039
0.0509 0.0415 0.0449 0.045 0.0399
0.0387 0.0511 0.0452 0.0484 0.0496
0.0438 0.0467 0.0442 0.0461 0.0382
0.0437 0.0416 0.0461 0.0488 0.0418
0.0432 0.0461 0.0395 0.0502 0.0437
0.0462 0.0415 0.0406 0.047 0.0446
0.0469 0.0487 0.0415 0.0439 0.0479
0.0403 0.0476 0.0511 0.0462 0.0483
0.0425 0.0446 0.0424 0.0474 0.0475
0.0462 0.0453 0.0443 0.038 0.0449
0.046 0.0468 0.0362 0.0406 0.0478
0.0446 0.0454 0.0432 0.0476 0.0479
0.0446 0.0303 0.0449 0.0458 0.0283
0.0493 0.047 0.0428 0.0477 0.0416
0.0418 0.0452 0.0355 0.0435 0.0429
0.0419 0.0474 0.0465 0.0469 0.0434
0.0489 0.0456 0.0409 0.0354 0.0476
0.0491 0.041 0.0472 0.0435 0.0383
0.0457 0.0341 0.046 0.0465 0.0458
0.0473 0.0306 0.0472 0.0465 0.047
0.0465 0.0448 0.045 0.0447 0.0475
0.0494 0.0471 0.0448 0.036 0.0437
0.0451 0.0449 0.0446 0.0455 0.038
0.0474 0.0375 0.0467 0.0474 0.0414
0.0463 0.046 0.0494 0.0385 0.0442
0.0454 0.0455 0.0461 0.0445 0.0443
0.0429 0.0434 0.0421 0.0418 0.0381
0.0484 0.0389 0.0532 0.0405 0.0434
0.0469 0.0416 0.0448 0.0472 0.0423
0.0471 0.0432 0.044 0.0399 0.045
0.0477 0.0457 0.0385 0.0418 0.0478
0.0429 0.0371 0.0437 0.0398 0.0457
0.0458 0.046 0.0472 0.0481 0.0413
0.043 0.0485 0.0485 0.0477 0.0352
0.0471 0.0422 0.0472 0.043 0.0438
0.0476 0.0426 0.0379 0.0452 0.0414
0.0413 0.0489 0.0332 0.0465 0.0476
0.0465 0.0469
