0.0457 0.02411053 0.0413 0.0422 0.0483
0.0478 0.0439 0.0474 0.0423 0.0465
0.0465 0.0387 0.0447 0.0474 0.0468
0.0478 0.0488 0.0466 0.0428 0.0424
0.0462 0.0476 0.0461 0.0458 0.0429
0.0458 0.044 0.0393 0.0432 0.0471
0.049 0.0467 0.0477 0.0419 0.0452
0.0454 0.0456 0.0469 0.036 0.045
0.0478 0.0508 0.0469 0.042 0.0449
0.0463 0.0448 0.0478 0.0448 0.044
0.0413 0.0458 0.0462 0.0406 0.0302
0.0477 0.0454 0.0431 0.0451 0.0431
0.0425 0.0488 0.0468 0.0449 0.045
0.0441 0.0452 0.0461 0.0441 0.0479
0.047 0.0442 0.0453 0.045 0.0418
0.0421 0.0385 0.0465 0.0466 0.0471
0.0487 0.044 0.0449 0.0473 0.0438
0.0491 0.0486 0.0443 0.0459 0.0459
0.0439 0.0461 0.0474 0.0468 0.0401
0.0464 0.0447 0.0462 0.0457 0.0402
0.0433 0.0468 0.046 0.0433 0.0466
0.0465 0.0456 0.0494 0.0444 0.0456
0.0458 0.0439 0.0461 0.0475 0.0453
0.0419 0.0434 0.049 0.0439 0.0454
0.0483 0.0482 0.0468 0.0421 0.0442
0.0447 0.0626 0.0443 0.0466 0.0439
0.042 0.0447 0.0443 0.0429 0.0423
0.0506 0.0448 0.0475 0.0456 0.0459
0.044 0.0434 0.0437 0.0429 0.0473
0.0427 0.0451 0.0453 0.0466 0.0457
0.0481 0.0411 0.0424 0.0472 0.0468
0.0433 0.0473 0.0456 0.0434 0.0457
0.0467 0.048 0.0442 0.0474 0.0404
0.0431 0.0428 0.0477 0.0457 0.0442
0.0479 0.0479 0.0462 0.0414 0.0437
0.0476 0.046 0.0491 0.0471 0.0438
0.0416 0.0479 0.0472 0.0448 0.0444
0.0459 0.0493 0.0462 0.0474 0.0437
0.0444 0.0464 0.0452 0.0449 0.0459
0.0444 0.0463 0.0433 0.0432 0.0451
0.0445 0.0468
