0.0438 0.02371635 0.0408 0.0458 0.0437
0.0437 0.0411 0.0411 0.0472 0.0479
0.0418 0.0427 0.0478 0.0445 0.044
0.0435 0.0475 0.0442 0.0442 0.0457
0.0383 0.0422 0.0401 0.0426 0.043
0.0437 0.0405 0.0411 0.0459 0.0427
0.0429 0.0332 0.047 0.0449 0.0407
0.0437 0.0505 0.0433 0.0457 0.044
0.0401 0.0445 0.0473 0.0429 0.0423
0.0439 0.0466 0.0423 0.0443 0.0468
0.0423 0.0404 0.0425 0.044 0.0431
0.037 0.0426 0.0491 0.0436 0.0418
0.0435 0.041 0.0436 0.0432 0.0428
0.0429 0.0445 0.0403 0.0438 0.0433
0.0464 0.0458 0.0453 0.0437 0.0478
0.0401 0.043 0.0419 0.0475 0.0447
0.042 0.0455 0.0394 0.0438 0.0463
0.0447 0.0454 0.0442 0.0494 0.0443
0.0438 0.0442 0.0446 0.0395 0.048
0.0423 0.0402 0.0393 0.0427 0.0393
0.0421 0.0454 0.0369 0.0431 0.0394
0.0457 0.0438 0.0445 0.0442 0.0422
0.042 0.0458 0.041 0.0442 0.0435
0.0427 0.0453 0.0433 0.0481 0.0442
0.0437 0.0477 0.046 0.042 0.0432
0.0429 0.0404 0.0435 0.0491 0.0408
0.0428 0.041 0.0424 0.0441 0.0434
0.039 0.0433 0.041 0.0429 0.0453
0.043 0.0457 0.0435 0.0459 0.0468
0.0441 0.0454 0.042 0.0407 0.0447
0.0413 0.0426 0.0411 0.0396 0.0433
0.0427 0.0423 0.0401 0.0457 0.0432
0.0455 0.046 0.0411 0.058 0.0429
0.0373 0.0416 0.0423 0.0456 0.0437
0.0419 0.0446 0.0444 0.0462 0.0422
0.0454 0.0396 0.039 0.0453 0.0466
0.0452 0.0445 0.044 0.0454 0.0433
0.0408 0.0435 0.0474 0.0415 0.0371
0.0471 0.0377 0.0457 0.0415 0.0408
0.0439 0.0476 0.0469 0.0416 0.0444
0.0441 0.0418
