0.0487 0.02798065 0.0467 0.0462 0.0481
0.0466 0.0417 0.0469 0.0502 0.0492
0.0492 0.0504 0.0498 0.0405 0.0506
0.0463 0.0402 0.0484 0.0462 0.0481
0.054 0.0478 0.0545 0.045 0.0469
0.0327 0.0466 0.0456 0.0421 0.0495
0.0459 0.0413 0.0494 0.0524 0.0505
0.0507 0.0494 0.0489 0.0477 0.0458
0.0479 0.048 0.0473 0.0507 0.0478
0.0452 0.0498 0.0509 0.0493 0.0502
0.0487 0.0434 0.0497 0.0507 0.048
0.0471 0.0416 0.0464 0.0489 0.0541
0.0465 0.0494 0.0524 0.0532 0.05
0.0468 0.0446 0.0456 0.0509 0.052
0.0492 0.0475 0.0442 0.0539 0.0384
0.0495 0.046 0.0466 0.0481 0.0439
0.0486 0.0409 0.0479 0.0465 0.0474
0.05 0.0423 0.0468 0.0473 0.0502
0.0478 0.0459 0.047 0.0471 0.0494
0.0513 0.0469 0.0477 0.0414 0.0459
0.047 0.0503 0.0476 0.0459 0.0496
0.0482 0.0486 0.0501 0.0458 0.0494
0.0417 0.0416 0.0465 0.0501 0.0513
0.0427 0.0494 0.0484 0.0518 0.0485
0.0484 0.0532 0.0472 0.0425 0.0423
0.0477 0.0475 0.0489 0.0459 0.0461
0.051 0.0523 0.0468 0.0434 0.0444
0.0423 0.0486 0.0443 0.0463 0.0472
0.0501 0.0519 0.0469 0.0498 0.0484
0.0483 0.0494 0.0511 0.0465 0.0468
0.0504 0.0521 0.0493 0.047 0.0503
0.0418 0.0446 0.0474 0.0476 0.0487
0.0484 0.0493 0.049 0.0451 0.0497
0.0496 0.0466 0.0483 0.0483 0.0502
0.0435 0.0479 0.0528 0.0517 0.0459
0.0479 0.0477 0.0393 0.049 0.0515
0.0492 0.0505 0.0437 0.044 0.0438
0.0456 0.0489 0.045 0.0506 0.049
0.0479 0.0534 0.0494 0.0505 0.05
0.0473 0.0464 0.0488 0.0505 0.0502
0.0493 0.048
