0.0495 0.02663575 0.0479 0.0791 0.0488
0.0501 0.0982 0.0533 0.0788 0.066
0.081 0.0602 0.0959 0.0511 0.0489
0.0448 0.15 0.052 0.0741 0.0477
0.0328 0.0449 0.0457 0.0428 0.0616
0.0359 0.0482 0.15 0.001 0.0407
0.15 0.0485 0.0409 0.047 0.0514
0.0767 0.0509 0.0494 0.0733 0.091
0.1445 0.0392 0.0703 0.0314 0.0343
0.0409 0.0676 0.0472 0.15 0.001
0.0437 0.0507 0.0498 0.0499 0.0866
0.0381 0.0473 0.15 0.0454 0.0525
0.053 0.0418 0.049 0.0381 0.0665
0.0483 0.0875 0.0508 0.0375 0.15
0.0388 0.0617 0.15 0.0486 0.058
0.0517 0.15 0.043 0.0459 0.0563
0.0414 0.0617 0.0526 0.0435 0.0467
0.0496 0.0424 0.0368 0.0396 0.0436
0.0394 0.15 0.0751 0.0465 0.0628
0.0395 0.0922 0.0468 0.0486 0.0348
0.15 0.0445 0.0685 0.0431 0.0462
0.1178 0.0485 0.15 0.0474 0.0432
0.0975 0.1441 0.0421 0.0488 0.049
0.0451 0.15 0.1239 0.0627 0.0575
0.0508 0.048 0.0472 0.0444 0.1241
0.1493 0.0785 0.0499 0.0429 0.0433
0.0432 0.0601 0.0497 0.0484 0.0507
0.042 0.0687 0.045 0.0442 0.0474
0.0421 0.113 0.0441 0.0542 0.0471
0.0478 0.048 0.1183 0.0484 0.0476
0.0671 0.0423 0.045 0.0505 0.0902
0.0482 0.15 0.0479 0.0752 0.0658
0.043 0.0417 0.0464 0.0399 0.0466
0.0474 0.0629 0.0393 0.15 0.0425
0.15 0.0573 0.0513 0.0491 0.15
0.0423 0.0414 0.0403 0.1478 0.0391
0.0705 0.1187 0.0865 0.047 0.1261
0.0388 0.0445 0.0477 0.0725 0.1105
0.15 0.0494 0.15 0.0401 0.0495
0.0905 0.0649 0.0705 0.0723 0.0401
0.15 0.0544
