0.0468 0.0257168 0.0498 0.0427 0.0436
0.0455 0.0486 0.047 0.0435 0.0346
0.0423 0.0461 0.0463 0.0423 0.0497
0.0452 0.0504 0.0333 0.0467 0.0258
0.0343 0.0276 0.0464 0.0404 0.0503
0.049 0.0424 0.0342 0.0461 0.0496
0.0445 0.0449 0.0414 0.0413 0.0435
0.0388 0.0379 0.0471 0.0422 0.0464
0.036 0.0499 0.0325 0.0323 0.0427
0.0503 0.0382 0.0338 0.0427 0.0449
0.0456 0.0467 0.0479 0.028 0.0432
0.0382 0.0462 0.0474 0.0424 0.0438
0.0472 0.0497 0.0489 0.048 0.0462
0.0485 0.0468 0.0462 0.0515 0.046
0.0488 0.0488 0.0492 0.0417 0.048
0.034 0.0291 0.0482 0.039 0.0323
0.0338 0.0288 0.0455 0.0294 0.0401
0.0368 0.0466 0.0493 0.0316 0.0468
0.0458 0.0296 0.0475 0.0381 0.044
0.0398 0.0467 0.0301 0.0464 0.0497
0.0376 0.0498 0.0428 0.0485 0.0448
0.0275 0.0488 0.0305 0.0495 0.0423
0.0446 0.0488 0.046 0.0316 0.0393
0.0427 0.0483 0.0292 0.0432 0.0464
0.0374 0.0479 0.0432 0.0459 0.0392
0.0453 0.0372 0.0452 0.0428 0.0456
0.0474 0.0424 0.0457 0.0506 0.0491
0.0469 0.0417 0.0301 0.0499 0.0401
0.03 0.0479 0.047 0.051 0.0622
0.0455 0.0485 0.0339 0.0487 0.0483
0.0379 0.0391 0.0453 0.036 0.0392
0.0443 0.0336 0.0483 0.034 0.0345
0.0336 0.0353 0.0382 0.0445 0.0481
0.0425 0.0424 0.0312 0.0486 0.0453
0.047 0.0513 0.0479 0.0464 0.0447
0.0458 0.047 0.0483 0.0455 0.0338
0.0474 0.0358 0.0429 0.0423 0.0295
0.0455 0.0275 0.0351 0.0377 0.0361
0.0244 0.0457 0.0448 0.0566 0.0406
0.0363 0.0516 0.0453 0.0494 0.0474
0.0379 0.0257
