0.0494 0.02633586 0.1152 0.0553 0.15
0.0661 0.0494 0.15 0.0623 0.0968
0.047 0.15 0.0443 0.15 0.15
0.0647 0.0759 0.15 0.038 0.15
0.0451 0.0533 0.0523 0.1488 0.0806
0.0498 0.15 0.15 0.1043 0.15
0.0439 0.0372 0.1238 0.1035 0.051
0.0467 0.15 0.15 0.139 0.0492
0.0458 0.0492 0.1452 0.0503 0.0558
0.15 0.1296 0.15 0.0419 0.0666
0.15 0.15 0.0446 0.0302 0.0373
0.0832 0.1023 0.0537 0.1385 0.032
0.0467 0.0439 0.15 0.0551 0.048
0.15 0.15 0.1372 0.0511 0.0432
0.1033 0.0674 0.0716 0.0668 0.15
0.1489 0.15 0.0309 0.0616 0.15
0.076 0.1227 0.15 0.15 0.15
0.0471 0.15 0.0663 0.15 0.0541
0.0352 0.0363 0.15 0.15 0.0457
0.15 0.0531 0.0477 0.0398 0.0492
0.15 0.0492 0.0405 0.15 0.15
0.15 0.059 0.0812 0.0274 0.0742
0.15 0.0439 0.0487 0.1119 0.0516
0.0515 0.1431 0.0597 0.1216 0.0452
0.15 0.15 0.0441 0.0669 0.0318
0.15 0.031 0.0592 0.0507 0.15
0.15 0.0979 0.1141 0.063 0.0785
0.133 0.0337 0.0502 0.0954 0.15
0.0431 0.0358 0.0444 0.15 0.15
0.0496 0.0507 0.066 0.0513 0.1191
0.0653 0.0285 0.15 0.0451 0.0498
0.0336 0.0744 0.14 0.15 0.0457
0.049 0.0521 0.15 0.0322 0.15
0.0467 0.15 0.1088 0.15 0.15
0.15 0.0509 0.0322 0.0515 0.0486
0.0308 0.0561 0.0373 0.15 0.15
0.0461 0.0422 0.0806 0.0458 0.1043
0.0614 0.0408 0.15 0.0385 0.0479
0.15 0.15 0.0853 0.15 0.15
0.0475 0.15 0.0861 0.0434 0.15
0.0425 0.15
