0.045 0.02427041 0.0441 0.0485 0.0488
0.047 0.0439 0.0228 0.0467 0.0439
0.0304 0.0422 0.0452 0.0485 0.0456
0.0318 0.0439 0.0447 0.0419 0.0451
0.0445 0.0435 0.0459 0.048 0.032
0.04 0.0294 0.0485 0.0224 0.0303
0.0374 0.0499 0.0433 0.0403 0.0221
0.0408 0.0183 0.0458 0.0463 0.0465
0.0466 0.0433 0.0461 0.0293 0.0429
0.0432 0.0436 0.0446 0.0447 0.0466
0.0461 0.025 0.0456 0.0453 0.0479
0.0459 0.0416 0.037 0.0448 0.0442
0.0371 0.0409 0.0421 0.0395 0.0441
0.04 0.0413 0.0231 0.0447 0.041
0.0413 0.0421 0.0458 0.0454 0.0486
0.0471 0.05 0.044 0.025 0.0443
0.0435 0.0458 0.0441 0.0399 0.0477
0.0475 0.0443 0.042 0.0399 0.0282
0.0486 0.0464 0.0465 0.0455 0.0451
0.0492 0.0456 0.0407 0.0309 0.0445
0.0483 0.0497 0.0427 0.0422 0.0325
0.0442 0.044 0.0249 0.0471 0.0473
0.041 0.0449 0.0445 0.046 0.044
0.0429 0.0476 0.0469 0.0441 0.0431
0.0432 0.046 0.028 0.0479 0.0447
0.0442 0.0453 0.0235 0.0451 0.0442
0.0463 0.0449 0.044 0.0449 0.0451
0.03 0.0442 0.0485 0.049 0.0472
0.0428 0.0426 0.044 0.0453 0.0439
0.0424 0.0356 0.0283 0.0373 0.0398
0.0441 0.0446 0.0496 0.0444 0.0469
0.0439 0.0466 0.0451 0.0449 0.0429
0.0445 0.0422 0.0315 0.0447 0.0404
0.0471 0.0453 0.0453 0.0486 0.0449
0.0411 0.0422 0.043 0.0442 0.041
0.0425 0.0226 0.0428 0.0406 0.0296
0.0455 0.0279 0.0447 0.0293 0.0433
0.0462 0.0457 0.0451 0.0385 0.047
0.0425 0.0449 0.0423 0.0438 0.0438
0.0431 0.0477 0.0469 0.0258 0.0447
0.0445 0.044
