0.0451 0.02622361 0.0479 0.0447 0.048
0.0438 0.0481 0.0461 0.0392 0.0479
0.0446 0.048 0.0442 0.0468 0.0393
0.0503 0.0445 0.0457 0.043 0.0495
0.0449 0.0434 0.0454 0.0443 0.0449
0.0447 0.0439 0.044 0.0446 0.0481
0.0426 0.0443 0.0384 0.048 0.0473
0.0422 0.0448 0.0437 0.0456 0.0461
0.0456 0.0499 0.044 0.0437 0.0442
0.043 0.0431 0.0369 0.0419 0.047
0.0453 0.0464 0.0455 0.044 0.0464
0.0452 0.0415 0.048 0.0438 0.0441
0.048 0.0428 0.0448 0.0435 0.0445
0.0429 0.043 0.0431 0.0468 0.043
0.0443 0.0412 0.0437 0.0389 0.0442
0.0444 0.0474 0.0438 0.0451 0.0475
0.0428 0.0493 0.0493 0.0439 0.0476
0.0451 0.0428 0.0463 0.0443 0.0417
0.0445 0.0402 0.039 0.0433 0.0467
0.0441 0.0444 0.044 0.048 0.0443
0.0454 0.0462 0.0451 0.046 0.0445
0.0383 0.0425 0.0419 0.0476 0.0453
0.0467 0.0455 0.0469 0.0468 0.0485
0.0444 0.0436 0.0458 0.0463 0.0436
0.0422 0.0448 0.0457 0.047 0.0424
0.0446 0.0443 0.0438 0.045 0.0453
0.0424 0.0489 0.0463 0.0454 0.0482
0.0463 0.0469 0.0419 0.0421 0.0403
0.0453 0.0382 0.0456 0.0461 0.0417
0.0471 0.0382 0.047 0.0452 0.0439
0.043 0.0469 0.044 0.0416 0.0425
0.0474 0.0441 0.0457 0.0445 0.0487
0.0458 0.0468 0.045 0.0483 0.0435
0.0478 0.0459 0.0473 0.0443 0.0456
0.0471 0.0431 0.0448 0.0495 0.0464
0.0452 0.0463 0.0464 0.0422 0.0449
0.0448 0.0458 0.0472 0.0443 0.0448
0.0431 0.0419 0.0357 0.0463 0.0439
0.0448 0.0478 0.0445 0.0447 0.0475
0.0452 0.0435 0.0463 0.0405 0.0469
0.0446 0.0467
